123.774597 23.913082 -22.222103
123.277030 23.928910 -25.858742
123.501258 23.466947 -13.489048
123.774597 23.913082 -22.222103
>
131.730000 32.900000 -50.000000
130.880738 32.080772 -97.109641
131.450000 32.400000 -50.000000
131.730000 32.900000 -50.000000
>
130.880738 32.080772 -97.109641
131.400000 32.300000 -50.000000
131.450000 32.400000 -50.000000
130.880738 32.080772 -97.109641
>
123.997305 23.439004 -11.757131
124.503955 23.421353 -10.772549
124.295782 23.867430 -21.084744
123.997305 23.439004 -11.757131
>
123.997305 23.439004 -11.757131
123.774597 23.913082 -22.222103
123.501258 23.466947 -13.489048
123.997305 23.439004 -11.757131
>
124.295782 23.867430 -21.084744
123.774597 23.913082 -22.222103
123.997305 23.439004 -11.757131
124.295782 23.867430 -21.084744
>
123.277030 23.928910 -25.858742
123.774597 23.913082 -22.222103
123.557199 24.390423 -43.304818
123.277030 23.928910 -25.858742
>
123.872287 24.678309 -62.192721
123.477831 24.987566 -99.706488
123.557199 24.390423 -43.304818
123.872287 24.678309 -62.192721
>
129.146938 26.598635 -12.381054
129.290073 26.130080 -6.838616
129.634060 26.500391 -5.895848
129.146938 26.598635 -12.381054
>
124.109093 24.291629 -35.930003
124.407012 24.735311 -67.412258
123.872287 24.678309 -62.192721
124.109093 24.291629 -35.930003
>
124.109093 24.291629 -35.930003
123.774597 23.913082 -22.222103
124.295782 23.867430 -21.084744
124.109093 24.291629 -35.930003
>
123.872287 24.678309 -62.192721
123.557199 24.390423 -43.304818
124.109093 24.291629 -35.930003
123.872287 24.678309 -62.192721
>
124.109093 24.291629 -35.930003
123.557199 24.390423 -43.304818
123.774597 23.913082 -22.222103
124.109093 24.291629 -35.930003
>
124.017128 25.067426 -99.897470
123.477831 24.987566 -99.706488
123.872287 24.678309 -62.192721
124.017128 25.067426 -99.897470
>
123.872287 24.678309 -62.192721
124.407012 24.735311 -67.412258
124.017128 25.067426 -99.897470
123.872287 24.678309 -62.192721
>
123.130888 24.427335 -49.958533
123.477831 24.987566 -99.706488
123.020000 24.860000 -98.024898
123.130888 24.427335 -49.958533
>
123.130888 24.427335 -49.958533
123.557199 24.390423 -43.304818
123.477831 24.987566 -99.706488
123.130888 24.427335 -49.958533
>
123.277030 23.928910 -25.858742
123.557199 24.390423 -43.304818
123.130888 24.427335 -49.958533
123.277030 23.928910 -25.858742
>
129.290073 26.130080 -6.838616
129.146938 26.598635 -12.381054
128.785990 26.254055 -13.986834
129.290073 26.130080 -6.838616
>
124.295782 23.867430 -21.084744
124.503955 23.421353 -10.772549
124.785065 23.874201 -21.041727
124.295782 23.867430 -21.084744
>
124.503955 23.421353 -10.772549
124.996426 23.402640 -9.549869
124.785065 23.874201 -21.041727
124.503955 23.421353 -10.772549
>
124.910894 24.848477 -64.114535
125.083594 24.347136 -36.151870
125.435628 24.722447 -44.250277
124.910894 24.848477 -64.114535
>
125.347535 25.172369 -69.430206
125.326423 25.657615 -99.897676
124.902504 25.411252 -99.698068
125.347535 25.172369 -69.430206
>
125.347535 25.172369 -69.430206
124.910894 24.848477 -64.114535
125.435628 24.722447 -44.250277
125.347535 25.172369 -69.430206
>
124.902504 25.411252 -99.698068
124.910894 24.848477 -64.114535
125.347535 25.172369 -69.430206
124.902504 25.411252 -99.698068
>
124.499342 25.209671 -99.533858
124.017128 25.067426 -99.897470
124.407012 24.735311 -67.412258
124.499342 25.209671 -99.533858
>
124.499342 25.209671 -99.533858
124.910894 24.848477 -64.114535
124.902504 25.411252 -99.698068
124.499342 25.209671 -99.533858
>
124.407012 24.735311 -67.412258
124.910894 24.848477 -64.114535
124.499342 25.209671 -99.533858
124.407012 24.735311 -67.412258
>
131.300000 32.000000 -50.000000
131.400000 32.300000 -50.000000
130.880738 32.080772 -97.109641
131.300000 32.000000 -50.000000
>
131.563300 30.464794 -13.666943
131.085932 30.463876 -25.717324
131.244348 30.010098 -11.332279
131.563300 30.464794 -13.666943
>
130.178203 28.182271 -13.485703
130.523000 27.709400 -4.968342
130.703287 28.157903 -5.287511
130.178203 28.182271 -13.485703
>
130.878005 28.694902 -5.650496
130.703287 28.157903 -5.287511
131.128668 28.338008 0.000000
130.878005 28.694902 -5.650496
>
126.729547 26.889547 -99.767732
127.004000 26.532441 -60.930582
127.066265 27.150843 -99.790379
126.729547 26.889547 -99.767732
>
127.477576 26.366985 -34.104415
127.004000 26.532441 -60.930582
127.080639 26.025188 -40.854693
127.477576 26.366985 -34.104415
>
127.433323 26.859490 -62.166988
127.004000 26.532441 -60.930582
127.477576 26.366985 -34.104415
127.433323 26.859490 -62.166988
>
127.066265 27.150843 -99.790379
127.004000 26.532441 -60.930582
127.433323 26.859490 -62.166988
127.066265 27.150843 -99.790379
>
127.471522 27.387682 -99.789180
127.894408 27.186832 -70.001773
127.846694 27.706694 -99.518751
127.471522 27.387682 -99.789180
>
127.066265 27.150843 -99.790379
127.433323 26.859490 -62.166988
127.471522 27.387682 -99.789180
127.066265 27.150843 -99.790379
>
127.471522 27.387682 -99.789180
127.433323 26.859490 -62.166988
127.894408 27.186832 -70.001773
127.471522 27.387682 -99.789180
>
125.435628 24.722447 -44.250277
125.083594 24.347136 -36.151870
125.585786 24.279442 -24.217915
125.435628 24.722447 -44.250277
>
129.290073 26.130080 -6.838616
128.785990 26.254055 -13.986834
128.901946 25.799922 -7.456891
129.290073 26.130080 -6.838616
>
128.664676 26.713056 -25.215966
128.785990 26.254055 -13.986834
129.146938 26.598635 -12.381054
128.664676 26.713056 -25.215966
>
124.618682 24.333433 -42.438154
124.109093 24.291629 -35.930003
124.295782 23.867430 -21.084744
124.618682 24.333433 -42.438154
>
124.295782 23.867430 -21.084744
124.785065 23.874201 -21.041727
124.618682 24.333433 -42.438154
124.295782 23.867430 -21.084744
>
124.407012 24.735311 -67.412258
124.109093 24.291629 -35.930003
124.618682 24.333433 -42.438154
124.407012 24.735311 -67.412258
>
124.618682 24.333433 -42.438154
124.785065 23.874201 -21.041727
125.083594 24.347136 -36.151870
124.618682 24.333433 -42.438154
>
124.618682 24.333433 -42.438154
124.910894 24.848477 -64.114535
124.407012 24.735311 -67.412258
124.618682 24.333433 -42.438154
>
125.083594 24.347136 -36.151870
124.910894 24.848477 -64.114535
124.618682 24.333433 -42.438154
125.083594 24.347136 -36.151870
>
125.257982 23.856659 -16.711704
124.996426 23.402640 -9.549869
125.488433 23.382445 -6.611724
125.257982 23.856659 -16.711704
>
125.257982 23.856659 -16.711704
124.785065 23.874201 -21.041727
124.996426 23.402640 -9.549869
125.257982 23.856659 -16.711704
>
125.083594 24.347136 -36.151870
124.785065 23.874201 -21.041727
125.257982 23.856659 -16.711704
125.083594 24.347136 -36.151870
>
125.257982 23.856659 -16.711704
125.585786 24.279442 -24.217915
125.083594 24.347136 -36.151870
125.257982 23.856659 -16.711704
>
126.131861 24.121875 -13.159196
126.516344 24.399683 -13.001731
125.978245 24.569655 -26.360313
126.131861 24.121875 -13.159196
>
125.435628 24.722447 -44.250277
125.585786 24.279442 -24.217915
125.978245 24.569655 -26.360313
125.435628 24.722447 -44.250277
>
125.978245 24.569655 -26.360313
125.585786 24.279442 -24.217915
126.131861 24.121875 -13.159196
125.978245 24.569655 -26.360313
>
128.882718 28.796957 -99.980307
128.534408 28.440806 -99.468854
129.063403 28.331849 -60.957727
128.882718 28.796957 -99.980307
>
129.063403 28.331849 -60.957727
129.401549 28.679507 -56.349602
128.882718 28.796957 -99.980307
129.063403 28.331849 -60.957727
>
128.174002 28.092003 -99.836716
127.846694 27.706694 -99.518751
128.284784 27.567357 -66.325012
128.174002 28.092003 -99.836716
>
128.284784 27.567357 -66.325012
127.894408 27.186832 -70.001773
128.359591 27.062015 -45.845292
128.284784 27.567357 -66.325012
>
127.846694 27.706694 -99.518751
127.894408 27.186832 -70.001773
128.284784 27.567357 -66.325012
127.846694 27.706694 -99.518751
>
128.648077 27.968136 -58.875744
128.534408 28.440806 -99.468854
128.174002 28.092003 -99.836716
128.648077 27.968136 -58.875744
>
128.174002 28.092003 -99.836716
128.284784 27.567357 -66.325012
128.648077 27.968136 -58.875744
128.174002 28.092003 -99.836716
>
128.648077 27.968136 -58.875744
129.063403 28.331849 -60.957727
128.534408 28.440806 -99.468854
128.648077 27.968136 -58.875744
>
129.124459 27.887921 -36.004774
129.063403 28.331849 -60.957727
128.648077 27.968136 -58.875744
129.124459 27.887921 -36.004774
>
128.882718 28.796957 -99.980307
129.401549 28.679507 -56.349602
129.192908 29.152908 -98.995505
128.882718 28.796957 -99.980307
>
130.183428 29.070632 -29.609881
130.460604 29.540807 -28.268053
129.967809 29.533605 -57.142226
130.183428 29.070632 -29.609881
>
129.700000 30.000000 -99.827106
129.495718 29.551436 -99.916518
129.967809 29.533605 -57.142226
129.700000 30.000000 -99.827106
>
131.085932 30.463876 -25.717324
130.786160 30.790822 -48.920016
130.542833 30.365448 -47.014257
131.085932 30.463876 -25.717324
>
130.287991 30.771986 -99.576938
130.007970 30.367970 -99.125246
130.542833 30.365448 -47.014257
130.287991 30.771986 -99.576938
>
130.542833 30.365448 -47.014257
130.786160 30.790822 -48.920016
130.287991 30.771986 -99.576938
130.542833 30.365448 -47.014257
>
131.563300 30.464794 -13.666943
131.244348 30.010098 -11.332279
131.726384 30.038560 -5.506796
131.563300 30.464794 -13.666943
>
131.428241 29.562868 -5.509841
131.244348 30.010098 -11.332279
130.950426 29.545679 -11.575250
131.428241 29.562868 -5.509841
>
131.879781 29.554971 -1.817590
131.726384 30.038560 -5.506796
131.428241 29.562868 -5.509841
131.879781 29.554971 -1.817590
>
131.428241 29.562868 -5.509841
131.726384 30.038560 -5.506796
131.244348 30.010098 -11.332279
131.428241 29.562868 -5.509841
>
130.287991 30.771986 -99.576938
130.786160 30.790822 -48.920016
130.557858 31.196787 -98.413013
130.287991 30.771986 -99.576938
>
130.557858 31.196787 -98.413013
131.100000 31.200000 -40.000000
130.720000 31.640000 -98.457939
130.557858 31.196787 -98.413013
>
130.786160 30.790822 -48.920016
131.100000 31.200000 -40.000000
130.557858 31.196787 -98.413013
130.786160 30.790822 -48.920016
>
132.662665 31.040129 -3.608949
132.300000 31.000000 -10.000000
132.705019 30.601659 0.000000
132.662665 31.040129 -3.608949
>
133.023000 31.080000 0.000000
132.662665 31.040129 -3.608949
132.705019 30.601659 0.000000
133.023000 31.080000 0.000000
>
130.950426 29.545679 -11.575250
130.460604 29.540807 -28.268053
130.659918 29.107078 -13.157599
130.950426 29.545679 -11.575250
>
130.659918 29.107078 -13.157599
130.460604 29.540807 -28.268053
130.183428 29.070632 -29.609881
130.659918 29.107078 -13.157599
>
125.699125 25.979125 -99.714987
126.201978 25.820507 -61.297860
126.054977 26.283318 -99.634160
125.699125 25.979125 -99.714987
>
125.326423 25.657615 -99.897676
125.347535 25.172369 -69.430206
125.794865 25.489945 -67.523783
125.326423 25.657615 -99.897676
>
125.794865 25.489945 -67.523783
125.699125 25.979125 -99.714987
125.326423 25.657615 -99.897676
125.794865 25.489945 -67.523783
>
126.201978 25.820507 -61.297860
125.699125 25.979125 -99.714987
125.794865 25.489945 -67.523783
126.201978 25.820507 -61.297860
>
126.605750 26.149464 -62.892154
127.080639 26.025188 -40.854693
127.004000 26.532441 -60.930582
126.605750 26.149464 -62.892154
>
126.054977 26.283318 -99.634160
126.201978 25.820507 -61.297860
126.605750 26.149464 -62.892154
126.054977 26.283318 -99.634160
>
126.201978 25.820507 -61.297860
126.689241 25.664419 -34.933116
126.605750 26.149464 -62.892154
126.201978 25.820507 -61.297860
>
126.605750 26.149464 -62.892154
126.689241 25.664419 -34.933116
127.080639 26.025188 -40.854693
126.605750 26.149464 -62.892154
>
128.394022 25.984573 -14.331221
128.901946 25.799922 -7.456891
128.785990 26.254055 -13.986834
128.394022 25.984573 -14.331221
>
128.394022 25.984573 -14.331221
128.515147 25.498953 -8.424913
128.901946 25.799922 -7.456891
128.394022 25.984573 -14.331221
>
128.924216 27.067905 -25.031656
128.664676 26.713056 -25.215966
129.146938 26.598635 -12.381054
128.924216 27.067905 -25.031656
>
128.359591 27.062015 -45.845292
128.664676 26.713056 -25.215966
128.924216 27.067905 -25.031656
128.359591 27.062015 -45.845292
>
128.359591 27.062015 -45.845292
127.894408 27.186832 -70.001773
127.900613 26.711473 -42.778262
128.359591 27.062015 -45.845292
>
127.894408 27.186832 -70.001773
127.433323 26.859490 -62.166988
127.900613 26.711473 -42.778262
127.894408 27.186832 -70.001773
>
127.900613 26.711473 -42.778262
127.433323 26.859490 -62.166988
127.477576 26.366985 -34.104415
127.900613 26.711473 -42.778262
>
127.477576 26.366985 -34.104415
127.918981 26.173560 -20.603020
127.900613 26.711473 -42.778262
127.477576 26.366985 -34.104415
>
126.131861 24.121875 -13.159196
125.585786 24.279442 -24.217915
125.741272 23.857913 -12.134143
126.131861 24.121875 -13.159196
>
125.585786 24.279442 -24.217915
125.257982 23.856659 -16.711704
125.741272 23.857913 -12.134143
125.585786 24.279442 -24.217915
>
125.741272 23.857913 -12.134143
125.257982 23.856659 -16.711704
125.488433 23.382445 -6.611724
125.741272 23.857913 -12.134143
>
125.741272 23.857913 -12.134143
126.328720 23.706416 -7.639850
126.131861 24.121875 -13.159196
125.741272 23.857913 -12.134143
>
130.257072 27.286727 -6.184995
129.767952 27.336415 -10.450232
129.949766 26.880764 -5.741420
130.257072 27.286727 -6.184995
>
130.035591 27.770670 -11.992415
130.523000 27.709400 -4.968342
130.178203 28.182271 -13.485703
130.035591 27.770670 -11.992415
>
130.035591 27.770670 -11.992415
130.257072 27.286727 -6.184995
130.523000 27.709400 -4.968342
130.035591 27.770670 -11.992415
>
130.035591 27.770670 -11.992415
129.767952 27.336415 -10.450232
130.257072 27.286727 -6.184995
130.035591 27.770670 -11.992415
>
129.694802 29.084936 -56.362347
129.914039 28.622097 -28.560891
130.183428 29.070632 -29.609881
129.694802 29.084936 -56.362347
>
129.401549 28.679507 -56.349602
129.914039 28.622097 -28.560891
129.694802 29.084936 -56.362347
129.401549 28.679507 -56.349602
>
129.694802 29.084936 -56.362347
129.192908 29.152908 -98.995505
129.401549 28.679507 -56.349602
129.694802 29.084936 -56.362347
>
129.495718 29.551436 -99.916518
129.192908 29.152908 -98.995505
129.694802 29.084936 -56.362347
129.495718 29.551436 -99.916518
>
130.183428 29.070632 -29.609881
129.967809 29.533605 -57.142226
129.694802 29.084936 -56.362347
130.183428 29.070632 -29.609881
>
129.694802 29.084936 -56.362347
129.967809 29.533605 -57.142226
129.495718 29.551436 -99.916518
129.694802 29.084936 -56.362347
>
130.183428 29.070632 -29.609881
129.914039 28.622097 -28.560891
130.418449 28.612289 -12.193143
130.183428 29.070632 -29.609881
>
130.418449 28.612289 -12.193143
130.659918 29.107078 -13.157599
130.183428 29.070632 -29.609881
130.418449 28.612289 -12.193143
>
130.878005 28.694902 -5.650496
130.659918 29.107078 -13.157599
130.418449 28.612289 -12.193143
130.878005 28.694902 -5.650496
>
130.418449 28.612289 -12.193143
129.914039 28.622097 -28.560891
130.178203 28.182271 -13.485703
130.418449 28.612289 -12.193143
>
130.178203 28.182271 -13.485703
130.703287 28.157903 -5.287511
130.418449 28.612289 -12.193143
130.178203 28.182271 -13.485703
>
130.703287 28.157903 -5.287511
130.878005 28.694902 -5.650496
130.418449 28.612289 -12.193143
130.703287 28.157903 -5.287511
>
129.618203 28.218023 -30.663525
129.914039 28.622097 -28.560891
129.401549 28.679507 -56.349602
129.618203 28.218023 -30.663525
>
129.618203 28.218023 -30.663525
129.063403 28.331849 -60.957727
129.124459 27.887921 -36.004774
129.618203 28.218023 -30.663525
>
129.401549 28.679507 -56.349602
129.063403 28.331849 -60.957727
129.618203 28.218023 -30.663525
129.401549 28.679507 -56.349602
>
130.178203 28.182271 -13.485703
129.914039 28.622097 -28.560891
129.618203 28.218023 -30.663525
130.178203 28.182271 -13.485703
>
129.618203 28.218023 -30.663525
130.035591 27.770670 -11.992415
130.178203 28.182271 -13.485703
129.618203 28.218023 -30.663525
>
130.233875 29.957297 -49.754435
130.542833 30.365448 -47.014257
130.007970 30.367970 -99.125246
130.233875 29.957297 -49.754435
>
130.233875 29.957297 -49.754435
129.967809 29.533605 -57.142226
130.460604 29.540807 -28.268053
130.233875 29.957297 -49.754435
>
130.233875 29.957297 -49.754435
130.007970 30.367970 -99.125246
129.700000 30.000000 -99.827106
130.233875 29.957297 -49.754435
>
129.700000 30.000000 -99.827106
129.967809 29.533605 -57.142226
130.233875 29.957297 -49.754435
129.700000 30.000000 -99.827106
>
130.766409 29.986945 -23.685619
130.460604 29.540807 -28.268053
130.950426 29.545679 -11.575250
130.766409 29.986945 -23.685619
>
130.950426 29.545679 -11.575250
131.244348 30.010098 -11.332279
130.766409 29.986945 -23.685619
130.950426 29.545679 -11.575250
>
130.766409 29.986945 -23.685619
130.233875 29.957297 -49.754435
130.460604 29.540807 -28.268053
130.766409 29.986945 -23.685619
>
130.542833 30.365448 -47.014257
130.233875 29.957297 -49.754435
130.766409 29.986945 -23.685619
130.542833 30.365448 -47.014257
>
130.766409 29.986945 -23.685619
131.244348 30.010098 -11.332279
131.085932 30.463876 -25.717324
130.766409 29.986945 -23.685619
>
131.085932 30.463876 -25.717324
130.542833 30.365448 -47.014257
130.766409 29.986945 -23.685619
131.085932 30.463876 -25.717324
>
131.563300 30.464794 -13.666943
131.726384 30.038560 -5.506796
132.063913 30.490747 -7.417645
131.563300 30.464794 -13.666943
>
132.063913 30.490747 -7.417645
131.917046 30.948939 -14.607458
131.563300 30.464794 -13.666943
132.063913 30.490747 -7.417645
>
132.063913 30.490747 -7.417645
132.300000 31.000000 -10.000000
131.917046 30.948939 -14.607458
132.063913 30.490747 -7.417645
>
132.063913 30.490747 -7.417645
132.705019 30.601659 0.000000
132.300000 31.000000 -10.000000
132.063913 30.490747 -7.417645
>
132.453205 30.277267 -0.581543
132.705019 30.601659 0.000000
132.063913 30.490747 -7.417645
132.453205 30.277267 -0.581543
>
132.172013 29.937238 0.000000
131.726384 30.038560 -5.506796
131.879781 29.554971 -1.817590
132.172013 29.937238 0.000000
>
132.453205 30.277267 -0.581543
132.063913 30.490747 -7.417645
132.172013 29.937238 0.000000
132.453205 30.277267 -0.581543
>
132.172013 29.937238 0.000000
132.063913 30.490747 -7.417645
131.726384 30.038560 -5.506796
132.172013 29.937238 0.000000
>
131.426037 28.673023 -0.134347
130.878005 28.694902 -5.650496
131.128668 28.338008 0.000000
131.426037 28.673023 -0.134347
>
131.563300 30.464794 -13.666943
131.917046 30.948939 -14.607458
131.550000 30.900000 -20.000000
131.563300 30.464794 -13.666943
>
131.550000 30.900000 -20.000000
131.085932 30.463876 -25.717324
131.563300 30.464794 -13.666943
131.550000 30.900000 -20.000000
>
130.720000 31.640000 -98.457939
131.100000 31.200000 -40.000000
131.200000 31.700000 -50.000000
130.720000 31.640000 -98.457939
>
130.880738 32.080772 -97.109641
130.720000 31.640000 -98.457939
131.200000 31.700000 -50.000000
130.880738 32.080772 -97.109641
>
131.200000 31.700000 -50.000000
131.300000 32.000000 -50.000000
130.880738 32.080772 -97.109641
131.200000 31.700000 -50.000000
>
130.950426 29.545679 -11.575250
130.659918 29.107078 -13.157599
131.170149 29.106437 -5.096505
130.950426 29.545679 -11.575250
>
131.170149 29.106437 -5.096505
130.659918 29.107078 -13.157599
130.878005 28.694902 -5.650496
131.170149 29.106437 -5.096505
>
130.878005 28.694902 -5.650496
131.426037 28.673023 -0.134347
131.170149 29.106437 -5.096505
130.878005 28.694902 -5.650496
>
131.170149 29.106437 -5.096505
131.428241 29.562868 -5.509841
130.950426 29.545679 -11.575250
131.170149 29.106437 -5.096505
>
125.861074 25.023050 -45.958155
125.347535 25.172369 -69.430206
125.435628 24.722447 -44.250277
125.861074 25.023050 -45.958155
>
125.861074 25.023050 -45.958155
125.794865 25.489945 -67.523783
125.347535 25.172369 -69.430206
125.861074 25.023050 -45.958155
>
125.435628 24.722447 -44.250277
125.978245 24.569655 -26.360313
125.861074 25.023050 -45.958155
125.435628 24.722447 -44.250277
>
128.020515 25.667661 -12.855474
128.394022 25.984573 -14.331221
127.918981 26.173560 -20.603020
128.020515 25.667661 -12.855474
>
128.020515 25.667661 -12.855474
127.648580 25.342092 -12.527433
128.142092 25.175966 -8.343594
128.020515 25.667661 -12.855474
>
128.142092 25.175966 -8.343594
128.515147 25.498953 -8.424913
128.020515 25.667661 -12.855474
128.142092 25.175966 -8.343594
>
128.515147 25.498953 -8.424913
128.394022 25.984573 -14.331221
128.020515 25.667661 -12.855474
128.515147 25.498953 -8.424913
>
127.080639 26.025188 -40.854693
126.689241 25.664419 -34.933116
127.165518 25.512003 -19.654498
127.080639 26.025188 -40.854693
>
127.165518 25.512003 -19.654498
127.278215 25.012129 -11.368301
127.648580 25.342092 -12.527433
127.165518 25.512003 -19.654498
>
127.165518 25.512003 -19.654498
126.689241 25.664419 -34.933116
126.781811 25.174355 -18.621198
127.165518 25.512003 -19.654498
>
126.781811 25.174355 -18.621198
127.278215 25.012129 -11.368301
127.165518 25.512003 -19.654498
126.781811 25.174355 -18.621198
>
126.054977 26.283318 -99.634160
126.605750 26.149464 -62.892154
126.429154 26.556866 -99.584983
126.054977 26.283318 -99.634160
>
127.004000 26.532441 -60.930582
126.729547 26.889547 -99.767732
126.429154 26.556866 -99.584983
127.004000 26.532441 -60.930582
>
126.429154 26.556866 -99.584983
126.605750 26.149464 -62.892154
127.004000 26.532441 -60.930582
126.429154 26.556866 -99.584983
>
127.918981 26.173560 -20.603020
128.394022 25.984573 -14.331221
128.292979 26.487541 -25.904296
127.918981 26.173560 -20.603020
>
128.292979 26.487541 -25.904296
127.900613 26.711473 -42.778262
127.918981 26.173560 -20.603020
128.292979 26.487541 -25.904296
>
128.785990 26.254055 -13.986834
128.664676 26.713056 -25.215966
128.292979 26.487541 -25.904296
128.785990 26.254055 -13.986834
>
128.292979 26.487541 -25.904296
128.394022 25.984573 -14.331221
128.785990 26.254055 -13.986834
128.292979 26.487541 -25.904296
>
128.292979 26.487541 -25.904296
128.664676 26.713056 -25.215966
128.359591 27.062015 -45.845292
128.292979 26.487541 -25.904296
>
128.359591 27.062015 -45.845292
127.900613 26.711473 -42.778262
128.292979 26.487541 -25.904296
128.359591 27.062015 -45.845292
>
129.442888 26.969971 -11.251702
128.924216 27.067905 -25.031656
129.146938 26.598635 -12.381054
129.442888 26.969971 -11.251702
>
129.442888 26.969971 -11.251702
129.146938 26.598635 -12.381054
129.634060 26.500391 -5.895848
129.442888 26.969971 -11.251702
>
129.634060 26.500391 -5.895848
129.949766 26.880764 -5.741420
129.442888 26.969971 -11.251702
129.634060 26.500391 -5.895848
>
129.442888 26.969971 -11.251702
129.949766 26.880764 -5.741420
129.767952 27.336415 -10.450232
129.442888 26.969971 -11.251702
>
129.124459 27.887921 -36.004774
128.648077 27.968136 -58.875744
128.741585 27.486067 -42.029000
129.124459 27.887921 -36.004774
>
128.741585 27.486067 -42.029000
128.648077 27.968136 -58.875744
128.284784 27.567357 -66.325012
128.741585 27.486067 -42.029000
>
128.741585 27.486067 -42.029000
128.284784 27.567357 -66.325012
128.359591 27.062015 -45.845292
128.741585 27.486067 -42.029000
>
128.359591 27.062015 -45.845292
128.924216 27.067905 -25.031656
128.741585 27.486067 -42.029000
128.359591 27.062015 -45.845292
>
125.954000 23.497700 -8.254151
125.741272 23.857913 -12.134143
125.488433 23.382445 -6.611724
125.954000 23.497700 -8.254151
>
126.328720 23.706416 -7.639850
125.741272 23.857913 -12.134143
125.954000 23.497700 -8.254151
126.328720 23.706416 -7.639850
>
129.580837 27.785791 -21.897657
129.618203 28.218023 -30.663525
129.124459 27.887921 -36.004774
129.580837 27.785791 -21.897657
>
129.767952 27.336415 -10.450232
130.035591 27.770670 -11.992415
129.580837 27.785791 -21.897657
129.767952 27.336415 -10.450232
>
130.035591 27.770670 -11.992415
129.618203 28.218023 -30.663525
129.580837 27.785791 -21.897657
130.035591 27.770670 -11.992415
>
131.085932 30.463876 -25.717324
131.550000 30.900000 -20.000000
131.275000 31.000000 -30.000000
131.085932 30.463876 -25.717324
>
131.275000 31.000000 -30.000000
130.786160 30.790822 -48.920016
131.085932 30.463876 -25.717324
131.275000 31.000000 -30.000000
>
131.275000 31.000000 -30.000000
131.100000 31.200000 -40.000000
130.786160 30.790822 -48.920016
131.275000 31.000000 -30.000000
>
131.662458 29.093043 -1.475734
131.170149 29.106437 -5.096505
131.426037 28.673023 -0.134347
131.662458 29.093043 -1.475734
>
131.879781 29.554971 -1.817590
131.428241 29.562868 -5.509841
131.662458 29.093043 -1.475734
131.879781 29.554971 -1.817590
>
131.428241 29.562868 -5.509841
131.170149 29.106437 -5.096505
131.662458 29.093043 -1.475734
131.428241 29.562868 -5.509841
>
126.382099 24.862635 -22.347399
125.861074 25.023050 -45.958155
125.978245 24.569655 -26.360313
126.382099 24.862635 -22.347399
>
126.382099 24.862635 -22.347399
125.978245 24.569655 -26.360313
126.516344 24.399683 -13.001731
126.382099 24.862635 -22.347399
>
128.142092 25.175966 -8.343594
127.648580 25.342092 -12.527433
127.776381 24.849390 -7.915262
128.142092 25.175966 -8.343594
>
127.648580 25.342092 -12.527433
127.278215 25.012129 -11.368301
127.776381 24.849390 -7.915262
127.648580 25.342092 -12.527433
>
127.080639 26.025188 -40.854693
127.165518 25.512003 -19.654498
127.542549 25.845831 -20.236535
127.080639 26.025188 -40.854693
>
127.477576 26.366985 -34.104415
127.080639 26.025188 -40.854693
127.542549 25.845831 -20.236535
127.477576 26.366985 -34.104415
>
127.542549 25.845831 -20.236535
127.918981 26.173560 -20.603020
127.477576 26.366985 -34.104415
127.542549 25.845831 -20.236535
>
127.542549 25.845831 -20.236535
128.020515 25.667661 -12.855474
127.918981 26.173560 -20.603020
127.542549 25.845831 -20.236535
>
127.648580 25.342092 -12.527433
128.020515 25.667661 -12.855474
127.542549 25.845831 -20.236535
127.648580 25.342092 -12.527433
>
127.542549 25.845831 -20.236535
127.165518 25.512003 -19.654498
127.648580 25.342092 -12.527433
127.542549 25.845831 -20.236535
>
128.924216 27.067905 -25.031656
129.442888 26.969971 -11.251702
129.253176 27.419504 -22.385631
128.924216 27.067905 -25.031656
>
129.253176 27.419504 -22.385631
129.580837 27.785791 -21.897657
129.124459 27.887921 -36.004774
129.253176 27.419504 -22.385631
>
129.253176 27.419504 -22.385631
129.442888 26.969971 -11.251702
129.767952 27.336415 -10.450232
129.253176 27.419504 -22.385631
>
129.767952 27.336415 -10.450232
129.580837 27.785791 -21.897657
129.253176 27.419504 -22.385631
129.767952 27.336415 -10.450232
>
129.124459 27.887921 -36.004774
128.741585 27.486067 -42.029000
129.253176 27.419504 -22.385631
129.124459 27.887921 -36.004774
>
129.253176 27.419504 -22.385631
128.741585 27.486067 -42.029000
128.924216 27.067905 -25.031656
129.253176 27.419504 -22.385631
>
125.794865 25.489945 -67.523783
125.861074 25.023050 -45.958155
126.285263 25.335381 -37.647074
125.794865 25.489945 -67.523783
>
125.861074 25.023050 -45.958155
126.382099 24.862635 -22.347399
126.285263 25.335381 -37.647074
125.861074 25.023050 -45.958155
>
126.201978 25.820507 -61.297860
125.794865 25.489945 -67.523783
126.285263 25.335381 -37.647074
126.201978 25.820507 -61.297860
>
126.285263 25.335381 -37.647074
126.689241 25.664419 -34.933116
126.201978 25.820507 -61.297860
126.285263 25.335381 -37.647074
>
126.781811 25.174355 -18.621198
126.689241 25.664419 -34.933116
126.285263 25.335381 -37.647074
126.781811 25.174355 -18.621198
>
126.285263 25.335381 -37.647074
126.382099 24.862635 -22.347399
126.781811 25.174355 -18.621198
126.285263 25.335381 -37.647074
>
126.516344 24.399683 -13.001731
127.052924 24.223923 -8.020495
126.901995 24.694029 -11.730013
126.516344 24.399683 -13.001731
>
126.901995 24.694029 -11.730013
127.278215 25.012129 -11.368301
126.781811 25.174355 -18.621198
126.901995 24.694029 -11.730013
>
126.781811 25.174355 -18.621198
126.382099 24.862635 -22.347399
126.901995 24.694029 -11.730013
126.781811 25.174355 -18.621198
>
126.901995 24.694029 -11.730013
126.382099 24.862635 -22.347399
126.516344 24.399683 -13.001731
126.901995 24.694029 -11.730013
>
127.418661 24.521819 -8.128889
127.776381 24.849390 -7.915262
127.278215 25.012129 -11.368301
127.418661 24.521819 -8.128889
>
127.278215 25.012129 -11.368301
126.901995 24.694029 -11.730013
127.418661 24.521819 -8.128889
127.278215 25.012129 -11.368301
>
127.418661 24.521819 -8.128889
126.901995 24.694029 -11.730013
127.052924 24.223923 -8.020495
127.418661 24.521819 -8.128889
>
126.690792 23.950414 -7.473511
127.052924 24.223923 -8.020495
126.516344 24.399683 -13.001731
126.690792 23.950414 -7.473511
>
126.690792 23.950414 -7.473511
126.516344 24.399683 -13.001731
126.131861 24.121875 -13.159196
126.690792 23.950414 -7.473511
>
126.131861 24.121875 -13.159196
126.328720 23.706416 -7.639850
126.690792 23.950414 -7.473511
126.131861 24.121875 -13.159196
