135.124000 33.917000 -40.000000
135.258563 33.756637 -34.941245
135.314571 34.011079 -45.714907
135.124000 33.917000 -40.000000
>
138.003291 33.508404 -5.732946
137.900000 33.250000 -0.000000
138.040000 33.280000 0.000000
138.003291 33.508404 -5.732946
>
136.395784 34.169891 -38.658219
136.167925 34.147721 -41.573637
136.280242 33.925077 -34.116190
136.395784 34.169891 -38.658219
>
138.549431 34.615195 -18.099248
138.800117 34.626820 -12.332096
138.632880 34.840975 -19.272074
138.549431 34.615195 -18.099248
>
135.648432 33.473318 -24.932710
135.641696 33.692086 -33.197279
135.390000 33.600000 -30.000000
135.648432 33.473318 -24.932710
>
135.876353 33.579150 -27.434082
135.648432 33.473318 -24.932710
135.900000 33.350000 -20.000000
135.876353 33.579150 -27.434082
>
135.641696 33.692086 -33.197279
135.648432 33.473318 -24.932710
135.876353 33.579150 -27.434082
135.641696 33.692086 -33.197279
>
136.284761 34.393615 -44.564033
136.395784 34.169891 -38.658219
136.507718 34.411979 -41.738154
136.284761 34.393615 -44.564033
>
136.167925 34.147721 -41.573637
136.395784 34.169891 -38.658219
136.284761 34.393615 -44.564033
136.167925 34.147721 -41.573637
>
136.057552 33.932950 -36.971382
136.091603 33.711525 -29.725517
136.280242 33.925077 -34.116190
136.057552 33.932950 -36.971382
>
136.280242 33.925077 -34.116190
136.167925 34.147721 -41.573637
136.057552 33.932950 -36.971382
136.280242 33.925077 -34.116190
>
135.124000 33.917000 -40.000000
135.314571 34.011079 -45.714907
135.180000 34.180000 -50.000000
135.124000 33.917000 -40.000000
>
135.480302 34.107359 -49.926650
135.180000 34.180000 -50.000000
135.314571 34.011079 -45.714907
135.480302 34.107359 -49.926650
>
135.483022 33.845191 -39.532990
135.314571 34.011079 -45.714907
135.258563 33.756637 -34.941245
135.483022 33.845191 -39.532990
>
135.390000 33.600000 -30.000000
135.641696 33.692086 -33.197279
135.483022 33.845191 -39.532990
135.390000 33.600000 -30.000000
>
135.483022 33.845191 -39.532990
135.258563 33.756637 -34.941245
135.390000 33.600000 -30.000000
135.483022 33.845191 -39.532990
>
135.483022 33.845191 -39.532990
135.641696 33.692086 -33.197279
135.691483 33.957478 -42.867720
135.483022 33.845191 -39.532990
>
135.691483 33.957478 -42.867720
135.480302 34.107359 -49.926650
135.483022 33.845191 -39.532990
135.691483 33.957478 -42.867720
>
135.483022 33.845191 -39.532990
135.480302 34.107359 -49.926650
135.314571 34.011079 -45.714907
135.483022 33.845191 -39.532990
>
137.600000 33.210000 0.000000
137.900000 33.250000 -0.000000
137.765913 33.436541 -6.914208
137.600000 33.210000 0.000000
>
137.900000 33.250000 -0.000000
138.003291 33.508404 -5.732946
137.765913 33.436541 -6.914208
137.900000 33.250000 -0.000000
>
137.467588 33.861814 -19.442895
137.447034 33.634538 -15.028127
137.661619 33.657877 -13.236063
137.467588 33.861814 -19.442895
>
137.661619 33.657877 -13.236063
137.765913 33.436541 -6.914208
137.894771 33.690132 -11.603387
137.661619 33.657877 -13.236063
>
137.894771 33.690132 -11.603387
137.765913 33.436541 -6.914208
138.003291 33.508404 -5.732946
137.894771 33.690132 -11.603387
>
139.290000 34.590000 -0.000000
139.290000 34.715000 -0.000000
139.037923 34.629885 -6.633594
139.290000 34.590000 -0.000000
>
139.037923 34.629885 -6.633594
139.240000 34.380000 0.000000
139.290000 34.590000 -0.000000
139.037923 34.629885 -6.633594
>
138.985130 34.416231 -5.976673
139.037923 34.629885 -6.633594
138.800117 34.626820 -12.332096
138.985130 34.416231 -5.976673
>
138.985130 34.416231 -5.976673
139.130000 34.190000 0.000000
139.240000 34.380000 0.000000
138.985130 34.416231 -5.976673
>
139.240000 34.380000 0.000000
139.037923 34.629885 -6.633594
138.985130 34.416231 -5.976673
139.240000 34.380000 0.000000
>
136.494697 33.937310 -31.518002
136.395784 34.169891 -38.658219
136.280242 33.925077 -34.116190
136.494697 33.937310 -31.518002
>
136.494697 33.937310 -31.518002
136.548640 33.710277 -25.379926
136.720455 33.938768 -28.774774
136.494697 33.937310 -31.518002
>
136.507718 34.411979 -41.738154
136.395784 34.169891 -38.658219
136.622629 34.174100 -35.768641
136.507718 34.411979 -41.738154
>
136.622629 34.174100 -35.768641
136.494697 33.937310 -31.518002
136.720455 33.938768 -28.774774
136.622629 34.174100 -35.768641
>
136.395784 34.169891 -38.658219
136.494697 33.937310 -31.518002
136.622629 34.174100 -35.768641
136.395784 34.169891 -38.658219
>
137.350000 33.196600 -0.000000
137.297242 33.426516 -10.924972
137.138713 33.210619 -2.485727
137.350000 33.196600 -0.000000
>
139.095482 34.857746 -4.364840
139.290000 34.715000 -0.000000
139.239200 35.014100 -0.000000
139.095482 34.857746 -4.364840
>
139.095482 34.857746 -4.364840
139.037923 34.629885 -6.633594
139.290000 34.715000 -0.000000
139.095482 34.857746 -4.364840
>
137.561730 35.146143 -37.436509
137.290000 35.100000 -40.000000
137.477155 34.928335 -36.095000
137.561730 35.146143 -37.436509
>
137.561730 35.146143 -37.436509
137.736753 34.965160 -33.929215
137.826701 35.191138 -34.936785
137.561730 35.146143 -37.436509
>
137.477155 34.928335 -36.095000
137.736753 34.965160 -33.929215
137.561730 35.146143 -37.436509
137.477155 34.928335 -36.095000
>
137.651664 34.739172 -32.109819
137.736753 34.965160 -33.929215
137.477155 34.928335 -36.095000
137.651664 34.739172 -32.109819
>
137.203713 33.890616 -22.858318
137.011189 33.688304 -20.317418
137.239283 33.671340 -17.681069
137.203713 33.890616 -22.858318
>
137.239283 33.671340 -17.681069
137.467588 33.861814 -19.442895
137.203713 33.890616 -22.858318
137.239283 33.671340 -17.681069
>
137.447034 33.634538 -15.028127
137.467588 33.861814 -19.442895
137.239283 33.671340 -17.681069
137.447034 33.634538 -15.028127
>
137.297242 33.426516 -10.924972
137.447034 33.634538 -15.028127
137.239283 33.671340 -17.681069
137.297242 33.426516 -10.924972
>
136.720455 33.938768 -28.774774
136.548640 33.710277 -25.379926
136.779925 33.703872 -22.709895
136.720455 33.938768 -28.774774
>
136.779925 33.703872 -22.709895
136.850957 33.467299 -16.262687
137.011189 33.688304 -20.317418
136.779925 33.703872 -22.709895
>
137.477155 34.928335 -36.095000
137.290000 35.100000 -40.000000
137.228601 34.851154 -38.159371
137.477155 34.928335 -36.095000
>
135.691483 33.957478 -42.867720
135.641696 33.692086 -33.197279
135.857662 33.815899 -36.018847
135.691483 33.957478 -42.867720
>
135.641696 33.692086 -33.197279
135.876353 33.579150 -27.434082
135.857662 33.815899 -36.018847
135.641696 33.692086 -33.197279
>
135.857662 33.815899 -36.018847
135.876353 33.579150 -27.434082
136.091603 33.711525 -29.725517
135.857662 33.815899 -36.018847
>
136.091603 33.711525 -29.725517
136.057552 33.932950 -36.971382
135.857662 33.815899 -36.018847
136.091603 33.711525 -29.725517
>
135.898233 34.731562 -56.453816
136.124797 34.577562 -50.976464
136.130633 34.807922 -53.133820
135.898233 34.731562 -56.453816
>
135.691483 33.957478 -42.867720
135.857662 33.815899 -36.018847
135.909581 34.092203 -44.615054
135.691483 33.957478 -42.867720
>
135.909581 34.092203 -44.615054
135.857662 33.815899 -36.018847
136.057552 33.932950 -36.971382
135.909581 34.092203 -44.615054
>
135.909581 34.092203 -44.615054
136.057552 33.932950 -36.971382
136.167925 34.147721 -41.573637
135.909581 34.092203 -44.615054
>
136.167925 34.147721 -41.573637
136.284761 34.393615 -44.564033
136.056648 34.331961 -48.590157
136.167925 34.147721 -41.573637
>
136.056648 34.331961 -48.590157
135.909581 34.092203 -44.615054
136.167925 34.147721 -41.573637
136.056648 34.331961 -48.590157
>
135.836036 34.314828 -52.150397
135.909581 34.092203 -44.615054
136.056648 34.331961 -48.590157
135.836036 34.314828 -52.150397
>
136.284761 34.393615 -44.564033
136.124797 34.577562 -50.976464
136.056648 34.331961 -48.590157
136.284761 34.393615 -44.564033
>
135.898233 34.731562 -56.453816
135.650000 34.650000 -60.000000
135.891384 34.524826 -54.536747
135.898233 34.731562 -56.453816
>
135.891384 34.524826 -54.536747
136.124797 34.577562 -50.976464
135.898233 34.731562 -56.453816
135.891384 34.524826 -54.536747
>
135.891384 34.524826 -54.536747
136.056648 34.331961 -48.590157
136.124797 34.577562 -50.976464
135.891384 34.524826 -54.536747
>
135.836036 34.314828 -52.150397
136.056648 34.331961 -48.590157
135.891384 34.524826 -54.536747
135.836036 34.314828 -52.150397
>
135.672534 34.190785 -51.221184
135.480302 34.107359 -49.926650
135.691483 33.957478 -42.867720
135.672534 34.190785 -51.221184
>
135.691483 33.957478 -42.867720
135.909581 34.092203 -44.615054
135.672534 34.190785 -51.221184
135.691483 33.957478 -42.867720
>
135.672534 34.190785 -51.221184
135.909581 34.092203 -44.615054
135.836036 34.314828 -52.150397
135.672534 34.190785 -51.221184
>
135.672534 34.190785 -51.221184
135.836036 34.314828 -52.150397
135.600000 34.450000 -60.000000
135.672534 34.190785 -51.221184
>
137.600000 33.210000 0.000000
137.765913 33.436541 -6.914208
137.529773 33.415602 -8.102310
137.600000 33.210000 0.000000
>
137.529773 33.415602 -8.102310
137.447034 33.634538 -15.028127
137.297242 33.426516 -10.924972
137.529773 33.415602 -8.102310
>
137.661619 33.657877 -13.236063
137.447034 33.634538 -15.028127
137.529773 33.415602 -8.102310
137.661619 33.657877 -13.236063
>
137.529773 33.415602 -8.102310
137.765913 33.436541 -6.914208
137.661619 33.657877 -13.236063
137.529773 33.415602 -8.102310
>
137.529773 33.415602 -8.102310
137.297242 33.426516 -10.924972
137.350000 33.196600 -0.000000
137.529773 33.415602 -8.102310
>
137.350000 33.196600 -0.000000
137.600000 33.210000 0.000000
137.529773 33.415602 -8.102310
137.350000 33.196600 -0.000000
>
138.227760 33.394742 -0.000001
138.003291 33.508404 -5.732946
138.040000 33.280000 0.000000
138.227760 33.394742 -0.000001
>
138.401179 33.727046 -5.305390
138.400000 33.500000 -0.000000
138.628761 33.675561 -0.000001
138.401179 33.727046 -5.305390
>
137.739198 33.883544 -17.051254
137.467588 33.861814 -19.442895
137.661619 33.657877 -13.236063
137.739198 33.883544 -17.051254
>
137.661619 33.657877 -13.236063
137.894771 33.690132 -11.603387
137.739198 33.883544 -17.051254
137.661619 33.657877 -13.236063
>
138.171363 33.668643 -7.884348
137.894771 33.690132 -11.603387
138.003291 33.508404 -5.732946
138.171363 33.668643 -7.884348
>
138.171363 33.668643 -7.884348
138.401179 33.727046 -5.305390
138.259088 33.917926 -11.617641
138.171363 33.668643 -7.884348
>
138.003291 33.508404 -5.732946
138.227760 33.394742 -0.000001
138.171363 33.668643 -7.884348
138.003291 33.508404 -5.732946
>
138.171363 33.668643 -7.884348
138.227760 33.394742 -0.000001
138.400000 33.500000 -0.000000
138.171363 33.668643 -7.884348
>
138.400000 33.500000 -0.000000
138.401179 33.727046 -5.305390
138.171363 33.668643 -7.884348
138.400000 33.500000 -0.000000
>
138.014193 33.887304 -14.116613
138.171363 33.668643 -7.884348
138.259088 33.917926 -11.617641
138.014193 33.887304 -14.116613
>
137.894771 33.690132 -11.603387
138.171363 33.668643 -7.884348
138.014193 33.887304 -14.116613
137.894771 33.690132 -11.603387
>
137.866355 34.093318 -19.398178
137.739198 33.883544 -17.051254
138.014193 33.887304 -14.116613
137.866355 34.093318 -19.398178
>
138.014193 33.887304 -14.116613
137.739198 33.883544 -17.051254
137.894771 33.690132 -11.603387
138.014193 33.887304 -14.116613
>
139.130000 34.190000 0.000000
138.985130 34.416231 -5.976673
138.862862 34.222139 -6.119083
139.130000 34.190000 0.000000
>
138.628761 33.675561 -0.000001
138.830000 33.830000 0.000000
138.525736 33.928263 -7.838469
138.628761 33.675561 -0.000001
>
138.525736 33.928263 -7.838469
138.401179 33.727046 -5.305390
138.628761 33.675561 -0.000001
138.525736 33.928263 -7.838469
>
138.259088 33.917926 -11.617641
138.401179 33.727046 -5.305390
138.525736 33.928263 -7.838469
138.259088 33.917926 -11.617641
>
138.259088 33.917926 -11.617641
138.525736 33.928263 -7.838469
138.365500 34.139658 -13.922594
138.259088 33.917926 -11.617641
>
138.365500 34.139658 -13.922594
138.525736 33.928263 -7.838469
138.595653 34.196497 -10.996501
138.365500 34.139658 -13.922594
>
138.454218 34.389487 -16.053131
138.365500 34.139658 -13.922594
138.595653 34.196497 -10.996501
138.454218 34.389487 -16.053131
>
138.215517 34.352656 -19.218890
138.365500 34.139658 -13.922594
138.454218 34.389487 -16.053131
138.215517 34.352656 -19.218890
>
136.350000 34.880000 -50.000000
136.593933 34.643227 -43.851847
136.570637 34.931638 -47.652795
136.350000 34.880000 -50.000000
>
136.824424 34.991035 -44.952939
136.570637 34.931638 -47.652795
136.756543 34.779779 -43.536461
136.824424 34.991035 -44.952939
>
136.756543 34.779779 -43.536461
136.570637 34.931638 -47.652795
136.593933 34.643227 -43.851847
136.756543 34.779779 -43.536461
>
136.360449 34.643274 -47.589301
136.124797 34.577562 -50.976464
136.284761 34.393615 -44.564033
136.360449 34.643274 -47.589301
>
136.360449 34.643274 -47.589301
136.284761 34.393615 -44.564033
136.507718 34.411979 -41.738154
136.360449 34.643274 -47.589301
>
136.507718 34.411979 -41.738154
136.593933 34.643227 -43.851847
136.360449 34.643274 -47.589301
136.507718 34.411979 -41.738154
>
136.360449 34.643274 -47.589301
136.593933 34.643227 -43.851847
136.350000 34.880000 -50.000000
136.360449 34.643274 -47.589301
>
136.350000 34.880000 -50.000000
136.130633 34.807922 -53.133820
136.360449 34.643274 -47.589301
136.350000 34.880000 -50.000000
>
136.360449 34.643274 -47.589301
136.130633 34.807922 -53.133820
136.124797 34.577562 -50.976464
136.360449 34.643274 -47.589301
>
136.280242 33.925077 -34.116190
136.091603 33.711525 -29.725517
136.318431 33.696833 -27.290994
136.280242 33.925077 -34.116190
>
136.318431 33.696833 -27.290994
136.494697 33.937310 -31.518002
136.280242 33.925077 -34.116190
136.318431 33.696833 -27.290994
>
136.548640 33.710277 -25.379926
136.494697 33.937310 -31.518002
136.318431 33.696833 -27.290994
136.548640 33.710277 -25.379926
>
136.548640 33.710277 -25.379926
136.318431 33.696833 -27.290994
136.385456 33.479532 -19.752943
136.548640 33.710277 -25.379926
>
139.200000 35.230000 -0.000000
138.900000 35.300000 -10.000000
138.968233 35.085724 -8.112482
139.200000 35.230000 -0.000000
>
138.968233 35.085724 -8.112482
139.228000 35.080000 0.000000
139.200000 35.230000 -0.000000
138.968233 35.085724 -8.112482
>
139.239200 35.014100 -0.000000
139.228000 35.080000 0.000000
138.968233 35.085724 -8.112482
139.239200 35.014100 -0.000000
>
138.968233 35.085724 -8.112482
139.095482 34.857746 -4.364840
139.239200 35.014100 -0.000000
138.968233 35.085724 -8.112482
>
138.800117 34.626820 -12.332096
139.037923 34.629885 -6.633594
138.867763 34.855905 -11.557449
138.800117 34.626820 -12.332096
>
139.037923 34.629885 -6.633594
139.095482 34.857746 -4.364840
138.867763 34.855905 -11.557449
139.037923 34.629885 -6.633594
>
138.867763 34.855905 -11.557449
138.632880 34.840975 -19.272074
138.800117 34.626820 -12.332096
138.867763 34.855905 -11.557449
>
139.095482 34.857746 -4.364840
138.968233 35.085724 -8.112482
138.867763 34.855905 -11.557449
139.095482 34.857746 -4.364840
>
137.822228 34.536733 -27.397496
137.969775 34.329279 -22.198703
138.063812 34.564692 -24.667960
137.822228 34.536733 -27.397496
>
138.063812 34.564692 -24.667960
137.969775 34.329279 -22.198703
138.215517 34.352656 -19.218890
138.063812 34.564692 -24.667960
>
137.736753 34.965160 -33.929215
137.651664 34.739172 -32.109819
137.901778 34.769669 -29.953309
137.736753 34.965160 -33.929215
>
137.901778 34.769669 -29.953309
137.651664 34.739172 -32.109819
137.822228 34.536733 -27.397496
137.901778 34.769669 -29.953309
>
137.822228 34.536733 -27.397496
138.063812 34.564692 -24.667960
137.901778 34.769669 -29.953309
137.822228 34.536733 -27.397496
>
137.901778 34.769669 -29.953309
138.063812 34.564692 -24.667960
138.147096 34.803857 -27.271068
137.901778 34.769669 -29.953309
>
138.485866 35.055493 -24.727560
138.548673 35.300429 -24.892723
138.350000 35.280000 -30.000000
138.485866 35.055493 -24.727560
>
136.928537 33.224565 -4.958390
136.850957 33.467299 -16.262687
136.715108 33.238727 -7.469315
136.928537 33.224565 -4.958390
>
137.075771 33.453023 -13.500267
137.138713 33.210619 -2.485727
137.297242 33.426516 -10.924972
137.075771 33.453023 -13.500267
>
137.011189 33.688304 -20.317418
136.850957 33.467299 -16.262687
137.075771 33.453023 -13.500267
137.011189 33.688304 -20.317418
>
137.075771 33.453023 -13.500267
136.928537 33.224565 -4.958390
137.138713 33.210619 -2.485727
137.075771 33.453023 -13.500267
>
136.850957 33.467299 -16.262687
136.928537 33.224565 -4.958390
137.075771 33.453023 -13.500267
136.850957 33.467299 -16.262687
>
137.297242 33.426516 -10.924972
137.239283 33.671340 -17.681069
137.075771 33.453023 -13.500267
137.297242 33.426516 -10.924972
>
137.075771 33.453023 -13.500267
137.239283 33.671340 -17.681069
137.011189 33.688304 -20.317418
137.075771 33.453023 -13.500267
>
137.401003 34.699321 -34.371573
137.228601 34.851154 -38.159371
137.138253 34.591274 -36.293201
137.401003 34.699321 -34.371573
>
137.401003 34.699321 -34.371573
137.651664 34.739172 -32.109819
137.477155 34.928335 -36.095000
137.401003 34.699321 -34.371573
>
137.477155 34.928335 -36.095000
137.228601 34.851154 -38.159371
137.401003 34.699321 -34.371573
137.477155 34.928335 -36.095000
>
137.058005 35.045703 -42.468037
137.228601 34.851154 -38.159371
137.290000 35.100000 -40.000000
137.058005 35.045703 -42.468037
>
135.600000 34.450000 -60.000000
135.836036 34.314828 -52.150397
135.640000 34.500000 -60.000000
135.600000 34.450000 -60.000000
>
135.836036 34.314828 -52.150397
135.891384 34.524826 -54.536747
135.640000 34.500000 -60.000000
135.836036 34.314828 -52.150397
>
135.640000 34.500000 -60.000000
135.891384 34.524826 -54.536747
135.650000 34.650000 -60.000000
135.640000 34.500000 -60.000000
>
135.200000 34.340000 -60.000000
135.180000 34.180000 -50.000000
135.300000 34.325000 -60.000000
135.200000 34.340000 -60.000000
>
135.180000 34.180000 -50.000000
135.480302 34.107359 -49.926650
135.300000 34.325000 -60.000000
135.180000 34.180000 -50.000000
>
135.480302 34.107359 -49.926650
135.400000 34.350000 -60.000000
135.300000 34.325000 -60.000000
135.480302 34.107359 -49.926650
>
135.480302 34.107359 -49.926650
135.672534 34.190785 -51.221184
135.500000 34.380000 -60.000000
135.480302 34.107359 -49.926650
>
135.500000 34.380000 -60.000000
135.400000 34.350000 -60.000000
135.480302 34.107359 -49.926650
135.500000 34.380000 -60.000000
>
135.500000 34.380000 -60.000000
135.672534 34.190785 -51.221184
135.600000 34.450000 -60.000000
135.500000 34.380000 -60.000000
>
137.604123 34.075519 -22.220221
137.739198 33.883544 -17.051254
137.866355 34.093318 -19.398178
137.604123 34.075519 -22.220221
>
137.467588 33.861814 -19.442895
137.739198 33.883544 -17.051254
137.604123 34.075519 -22.220221
137.467588 33.861814 -19.442895
>
136.994645 34.371062 -34.058397
137.218849 34.313270 -30.667918
137.138253 34.591274 -36.293201
136.994645 34.371062 -34.058397
>
139.130000 34.190000 0.000000
138.862862 34.222139 -6.119083
138.982561 34.013073 0.000001
139.130000 34.190000 0.000000
>
138.713510 34.413292 -12.055994
138.985130 34.416231 -5.976673
138.800117 34.626820 -12.332096
138.713510 34.413292 -12.055994
>
138.713510 34.413292 -12.055994
138.862862 34.222139 -6.119083
138.985130 34.416231 -5.976673
138.713510 34.413292 -12.055994
>
138.595653 34.196497 -10.996501
138.862862 34.222139 -6.119083
138.713510 34.413292 -12.055994
138.595653 34.196497 -10.996501
>
138.713510 34.413292 -12.055994
138.454218 34.389487 -16.053131
138.595653 34.196497 -10.996501
138.713510 34.413292 -12.055994
>
138.713510 34.413292 -12.055994
138.800117 34.626820 -12.332096
138.549431 34.615195 -18.099248
138.713510 34.413292 -12.055994
>
138.549431 34.615195 -18.099248
138.454218 34.389487 -16.053131
138.713510 34.413292 -12.055994
138.549431 34.615195 -18.099248
>
138.595653 34.196497 -10.996501
138.525736 33.928263 -7.838469
138.729385 34.018672 -5.411095
138.595653 34.196497 -10.996501
>
138.729385 34.018672 -5.411095
138.525736 33.928263 -7.838469
138.830000 33.830000 0.000000
138.729385 34.018672 -5.411095
>
138.729385 34.018672 -5.411095
138.862862 34.222139 -6.119083
138.595653 34.196497 -10.996501
138.729385 34.018672 -5.411095
>
138.830000 33.830000 0.000000
138.982561 34.013073 0.000001
138.729385 34.018672 -5.411095
138.830000 33.830000 0.000000
>
138.729385 34.018672 -5.411095
138.982561 34.013073 0.000001
138.862862 34.222139 -6.119083
138.729385 34.018672 -5.411095
>
138.259088 33.917926 -11.617641
138.365500 34.139658 -13.922594
138.113807 34.122592 -16.898572
138.259088 33.917926 -11.617641
>
138.113807 34.122592 -16.898572
138.365500 34.139658 -13.922594
138.215517 34.352656 -19.218890
138.113807 34.122592 -16.898572
>
138.113807 34.122592 -16.898572
138.014193 33.887304 -14.116613
138.259088 33.917926 -11.617641
138.113807 34.122592 -16.898572
>
137.866355 34.093318 -19.398178
138.014193 33.887304 -14.116613
138.113807 34.122592 -16.898572
137.866355 34.093318 -19.398178
>
138.113807 34.122592 -16.898572
137.969775 34.329279 -22.198703
137.866355 34.093318 -19.398178
138.113807 34.122592 -16.898572
>
138.215517 34.352656 -19.218890
137.969775 34.329279 -22.198703
138.113807 34.122592 -16.898572
138.215517 34.352656 -19.218890
>
136.500000 33.253000 -10.000000
136.385456 33.479532 -19.752943
136.225864 33.297319 -14.568938
136.500000 33.253000 -10.000000
>
136.119661 33.487424 -22.010023
136.318431 33.696833 -27.290994
136.091603 33.711525 -29.725517
136.119661 33.487424 -22.010023
>
136.119661 33.487424 -22.010023
136.385456 33.479532 -19.752943
136.318431 33.696833 -27.290994
136.119661 33.487424 -22.010023
>
136.225864 33.297319 -14.568938
136.385456 33.479532 -19.752943
136.119661 33.487424 -22.010023
136.225864 33.297319 -14.568938
>
135.900000 33.350000 -20.000000
136.225864 33.297319 -14.568938
136.119661 33.487424 -22.010023
135.900000 33.350000 -20.000000
>
136.119661 33.487424 -22.010023
135.876353 33.579150 -27.434082
135.900000 33.350000 -20.000000
136.119661 33.487424 -22.010023
>
136.091603 33.711525 -29.725517
135.876353 33.579150 -27.434082
136.119661 33.487424 -22.010023
136.091603 33.711525 -29.725517
>
138.147096 34.803857 -27.271068
138.063812 34.564692 -24.667960
138.302302 34.593846 -21.812201
138.147096 34.803857 -27.271068
>
138.302302 34.593846 -21.812201
138.454218 34.389487 -16.053131
138.549431 34.615195 -18.099248
138.302302 34.593846 -21.812201
>
138.215517 34.352656 -19.218890
138.454218 34.389487 -16.053131
138.302302 34.593846 -21.812201
138.215517 34.352656 -19.218890
>
138.302302 34.593846 -21.812201
138.063812 34.564692 -24.667960
138.215517 34.352656 -19.218890
138.302302 34.593846 -21.812201
>
137.826701 35.191138 -34.936785
137.736753 34.965160 -33.929215
137.991450 35.003581 -31.831424
137.826701 35.191138 -34.936785
>
137.736753 34.965160 -33.929215
137.901778 34.769669 -29.953309
137.991450 35.003581 -31.831424
137.736753 34.965160 -33.929215
>
137.991450 35.003581 -31.831424
138.088639 35.235618 -32.465666
137.826701 35.191138 -34.936785
137.991450 35.003581 -31.831424
>
137.991450 35.003581 -31.831424
137.901778 34.769669 -29.953309
138.147096 34.803857 -27.271068
137.991450 35.003581 -31.831424
>
138.723750 35.076339 -18.479635
138.485866 35.055493 -24.727560
138.632880 34.840975 -19.272074
138.723750 35.076339 -18.479635
>
138.632880 34.840975 -19.272074
138.867763 34.855905 -11.557449
138.723750 35.076339 -18.479635
138.632880 34.840975 -19.272074
>
138.723750 35.076339 -18.479635
138.867763 34.855905 -11.557449
138.968233 35.085724 -8.112482
138.723750 35.076339 -18.479635
>
138.723750 35.076339 -18.479635
138.900000 35.300000 -10.000000
138.739000 35.320000 -20.000000
138.723750 35.076339 -18.479635
>
138.723750 35.076339 -18.479635
138.968233 35.085724 -8.112482
138.900000 35.300000 -10.000000
138.723750 35.076339 -18.479635
>
138.739000 35.320000 -20.000000
138.548673 35.300429 -24.892723
138.723750 35.076339 -18.479635
138.739000 35.320000 -20.000000
>
138.548673 35.300429 -24.892723
138.485866 35.055493 -24.727560
138.723750 35.076339 -18.479635
138.548673 35.300429 -24.892723
>
137.228601 34.851154 -38.159371
137.058005 35.045703 -42.468037
137.001911 34.799876 -40.517518
137.228601 34.851154 -38.159371
>
137.138253 34.591274 -36.293201
137.228601 34.851154 -38.159371
137.001911 34.799876 -40.517518
137.138253 34.591274 -36.293201
>
136.824424 34.991035 -44.952939
136.756543 34.779779 -43.536461
137.001911 34.799876 -40.517518
136.824424 34.991035 -44.952939
>
137.001911 34.799876 -40.517518
137.058005 35.045703 -42.468037
136.824424 34.991035 -44.952939
137.001911 34.799876 -40.517518
>
137.203713 33.890616 -22.858318
137.467588 33.861814 -19.442895
137.346135 34.084538 -25.233695
137.203713 33.890616 -22.858318
>
137.467588 33.861814 -19.442895
137.604123 34.075519 -22.220221
137.346135 34.084538 -25.233695
137.467588 33.861814 -19.442895
>
137.822228 34.536733 -27.397496
137.651664 34.739172 -32.109819
137.585914 34.508517 -30.041444
137.822228 34.536733 -27.397496
>
137.651664 34.739172 -32.109819
137.401003 34.699321 -34.371573
137.585914 34.508517 -30.041444
137.651664 34.739172 -32.109819
>
136.952848 33.917772 -25.879664
137.011189 33.688304 -20.317418
137.203713 33.890616 -22.858318
136.952848 33.917772 -25.879664
>
136.720455 33.938768 -28.774774
136.779925 33.703872 -22.709895
136.952848 33.917772 -25.879664
136.720455 33.938768 -28.774774
>
136.952848 33.917772 -25.879664
136.779925 33.703872 -22.709895
137.011189 33.688304 -20.317418
136.952848 33.917772 -25.879664
>
136.737965 34.400989 -38.527619
136.593933 34.643227 -43.851847
136.507718 34.411979 -41.738154
136.737965 34.400989 -38.527619
>
136.507718 34.411979 -41.738154
136.622629 34.174100 -35.768641
136.737965 34.400989 -38.527619
136.507718 34.411979 -41.738154
>
136.385456 33.479532 -19.752943
136.500000 33.253000 -10.000000
136.622482 33.481043 -18.923826
136.385456 33.479532 -19.752943
>
136.548640 33.710277 -25.379926
136.385456 33.479532 -19.752943
136.622482 33.481043 -18.923826
136.548640 33.710277 -25.379926
>
136.715108 33.238727 -7.469315
136.850957 33.467299 -16.262687
136.622482 33.481043 -18.923826
136.715108 33.238727 -7.469315
>
136.622482 33.481043 -18.923826
136.500000 33.253000 -10.000000
136.715108 33.238727 -7.469315
136.622482 33.481043 -18.923826
>
136.622482 33.481043 -18.923826
136.779925 33.703872 -22.709895
136.548640 33.710277 -25.379926
136.622482 33.481043 -18.923826
>
136.850957 33.467299 -16.262687
136.779925 33.703872 -22.709895
136.622482 33.481043 -18.923826
136.850957 33.467299 -16.262687
>
138.147096 34.803857 -27.271068
138.302302 34.593846 -21.812201
138.389317 34.825656 -23.848161
138.147096 34.803857 -27.271068
>
138.632880 34.840975 -19.272074
138.485866 35.055493 -24.727560
138.389317 34.825656 -23.848161
138.632880 34.840975 -19.272074
>
138.549431 34.615195 -18.099248
138.632880 34.840975 -19.272074
138.389317 34.825656 -23.848161
138.549431 34.615195 -18.099248
>
138.389317 34.825656 -23.848161
138.302302 34.593846 -21.812201
138.549431 34.615195 -18.099248
138.389317 34.825656 -23.848161
>
138.242726 35.041653 -29.135369
137.991450 35.003581 -31.831424
138.147096 34.803857 -27.271068
138.242726 35.041653 -29.135369
>
138.147096 34.803857 -27.271068
138.389317 34.825656 -23.848161
138.242726 35.041653 -29.135369
138.147096 34.803857 -27.271068
>
138.242726 35.041653 -29.135369
138.389317 34.825656 -23.848161
138.485866 35.055493 -24.727560
138.242726 35.041653 -29.135369
>
138.088639 35.235618 -32.465666
137.991450 35.003581 -31.831424
138.242726 35.041653 -29.135369
138.088639 35.235618 -32.465666
>
138.350000 35.280000 -30.000000
138.088639 35.235618 -32.465666
138.242726 35.041653 -29.135369
138.350000 35.280000 -30.000000
>
138.242726 35.041653 -29.135369
138.485866 35.055493 -24.727560
138.350000 35.280000 -30.000000
138.242726 35.041653 -29.135369
>
136.876165 34.583629 -39.388524
137.001911 34.799876 -40.517518
136.756543 34.779779 -43.536461
136.876165 34.583629 -39.388524
>
136.876165 34.583629 -39.388524
136.737965 34.400989 -38.527619
136.994645 34.371062 -34.058397
136.876165 34.583629 -39.388524
>
136.876165 34.583629 -39.388524
136.994645 34.371062 -34.058397
137.138253 34.591274 -36.293201
136.876165 34.583629 -39.388524
>
137.138253 34.591274 -36.293201
137.001911 34.799876 -40.517518
136.876165 34.583629 -39.388524
137.138253 34.591274 -36.293201
>
136.876165 34.583629 -39.388524
136.756543 34.779779 -43.536461
136.593933 34.643227 -43.851847
136.876165 34.583629 -39.388524
>
136.593933 34.643227 -43.851847
136.737965 34.400989 -38.527619
136.876165 34.583629 -39.388524
136.593933 34.643227 -43.851847
>
137.346440 34.488194 -32.298395
137.585914 34.508517 -30.041444
137.401003 34.699321 -34.371573
137.346440 34.488194 -32.298395
>
137.138253 34.591274 -36.293201
137.218849 34.313270 -30.667918
137.346440 34.488194 -32.298395
137.138253 34.591274 -36.293201
>
137.346440 34.488194 -32.298395
137.401003 34.699321 -34.371573
137.138253 34.591274 -36.293201
137.346440 34.488194 -32.298395
>
137.726429 34.298477 -24.682870
137.604123 34.075519 -22.220221
137.866355 34.093318 -19.398178
137.726429 34.298477 -24.682870
>
137.866355 34.093318 -19.398178
137.969775 34.329279 -22.198703
137.726429 34.298477 -24.682870
137.866355 34.093318 -19.398178
>
137.726429 34.298477 -24.682870
137.969775 34.329279 -22.198703
137.822228 34.536733 -27.397496
137.726429 34.298477 -24.682870
>
137.822228 34.536733 -27.397496
137.585914 34.508517 -30.041444
137.726429 34.298477 -24.682870
137.822228 34.536733 -27.397496
>
137.218849 34.313270 -30.667918
136.994645 34.371062 -34.058397
137.092745 34.117631 -28.622394
137.218849 34.313270 -30.667918
>
137.092745 34.117631 -28.622394
136.952848 33.917772 -25.879664
137.203713 33.890616 -22.858318
137.092745 34.117631 -28.622394
>
137.203713 33.890616 -22.858318
137.346135 34.084538 -25.233695
137.092745 34.117631 -28.622394
137.203713 33.890616 -22.858318
>
137.092745 34.117631 -28.622394
137.346135 34.084538 -25.233695
137.218849 34.313270 -30.667918
137.092745 34.117631 -28.622394
>
136.856954 34.163544 -32.356265
136.737965 34.400989 -38.527619
136.622629 34.174100 -35.768641
136.856954 34.163544 -32.356265
>
136.994645 34.371062 -34.058397
136.737965 34.400989 -38.527619
136.856954 34.163544 -32.356265
136.994645 34.371062 -34.058397
>
136.856954 34.163544 -32.356265
137.092745 34.117631 -28.622394
136.994645 34.371062 -34.058397
136.856954 34.163544 -32.356265
>
136.952848 33.917772 -25.879664
137.092745 34.117631 -28.622394
136.856954 34.163544 -32.356265
136.952848 33.917772 -25.879664
>
136.856954 34.163544 -32.356265
136.622629 34.174100 -35.768641
136.720455 33.938768 -28.774774
136.856954 34.163544 -32.356265
>
136.720455 33.938768 -28.774774
136.952848 33.917772 -25.879664
136.856954 34.163544 -32.356265
136.720455 33.938768 -28.774774
>
137.585914 34.508517 -30.041444
137.346440 34.488194 -32.298395
137.478367 34.283278 -27.288468
137.585914 34.508517 -30.041444
>
137.478367 34.283278 -27.288468
137.726429 34.298477 -24.682870
137.585914 34.508517 -30.041444
137.478367 34.283278 -27.288468
>
137.604123 34.075519 -22.220221
137.726429 34.298477 -24.682870
137.478367 34.283278 -27.288468
137.604123 34.075519 -22.220221
>
137.478367 34.283278 -27.288468
137.346135 34.084538 -25.233695
137.604123 34.075519 -22.220221
137.478367 34.283278 -27.288468
>
137.218849 34.313270 -30.667918
137.346135 34.084538 -25.233695
137.478367 34.283278 -27.288468
137.218849 34.313270 -30.667918
>
137.478367 34.283278 -27.288468
137.346440 34.488194 -32.298395
137.218849 34.313270 -30.667918
137.478367 34.283278 -27.288468
