130.18 30.6
130.14 30.54
130.08 30.46
130.02 30.38
130 30.36
129.98 30.34
129.96 30.32
129.94 30.3
129.92 30.28
129.9 30.26
129.88 30.24
129.82 30.16
129.8 30.14
129.78 30.12
129.74 30.06
129.7 30
129.68 29.96
129.66 29.92
129.64 29.88
129.62 29.82
129.6 29.78
129.58 29.72
129.56 29.68
129.54 29.64
129.52 29.6
129.5 29.56
129.48 29.52
129.46 29.48
129.4 29.4
129.34 29.32
129.32 29.3
129.26 29.22
129.24 29.2
129.22 29.18
129.2 29.16
129.18 29.14
129.16 29.12
129.14 29.1
129.12 29.08
129.1 29.06
129.08 29.04
129.06 29.02
129.04 29
128.98 28.92
128.96 28.9
128.9 28.82
128.84 28.74
128.78 28.66
128.76 28.64
128.74 28.62
128.72 28.6
128.7 28.58
128.62 28.52
128.6 28.5
128.58 28.48
128.56 28.46
128.48 28.4
128.46 28.38
128.44 28.36
128.42 28.34
128.4 28.32
128.38 28.3
128.36 28.28
128.34 28.26
128.32 28.24
128.3 28.22
128.28 28.2
128.26 28.18
128.24 28.16
128.22 28.14
128.2 28.12
128.18 28.1
128.12 28.02
128.1 28
128.08 27.98
128.02 27.9
128 27.88
127.98 27.86
127.96 27.84
127.9 27.76
127.88 27.74
127.86 27.72
127.84 27.7
127.82 27.68
127.8 27.66
127.78 27.64
127.76 27.62
127.74 27.6
127.72 27.58
127.7 27.56
127.68 27.54
127.6 27.48
127.52 27.42
127.46 27.38
127.4 27.34
127.36 27.32
127.3 27.28
127.26 27.26
127.22 27.24
127.16 27.2
127.12 27.18
127.08 27.16
127.02 27.12
126.96 27.08
126.9 27.04
126.88 27.02
126.86 27
126.78 26.94
126.76 26.92
126.74 26.9
126.72 26.88
126.7 26.86
126.68 26.84
126.62 26.76
126.6 26.74
126.58 26.72
126.56 26.7
126.5 26.62
126.48 26.6
126.46 26.58
126.38 26.52
126.36 26.5
126.28 26.44
126.22 26.4
126.16 26.36
126.08 26.3
126.02 26.26
125.94 26.2
125.92 26.18
125.9 26.16
125.88 26.14
125.8 26.08
125.78 26.06
125.76 26.04
125.74 26.02
125.72 26
125.7 25.98
125.68 25.96
125.66 25.94
125.64 25.92
125.62 25.9
125.6 25.88
125.58 25.86
125.56 25.84
125.54 25.82
125.52 25.8
125.44 25.74
125.36 25.68
125.3 25.64
125.24 25.6
125.2 25.58
125.14 25.54
125.1 25.52
125.06 25.5
125 25.46
124.96 25.44
124.92 25.42
124.88 25.4
124.84 25.38
124.8 25.36
124.76 25.34
124.64 25.28
124.6 25.26
124.56 25.24
124.52 25.22
124.48 25.2
124.42 25.18
124.36 25.16
124.3 25.14
124.24 25.12
124.16 25.1
124.08 25.08
123.98 25.06
123.86 25.04
123.84 25.04
123.72 25.02
123.7 25.02
123.68 25.02
123.66 25.02
123.54 25
123.44 24.98
123.36 24.96
123.28 24.94
123.2 24.92
123.12 24.9
123.04 24.88
123.02 24.86
123.02 24.84
123.02 24.82
123.04 24.74
123.06 24.68
123.08 24.6
123.1 24.54
123.12 24.46
123.14 24.4
123.16 24.34
123.18 24.26
123.2 24.2
123.22 24.12
123.24 24.06
123.26 23.98
123.28 23.92
123.3 23.84
123.32 23.78
123.34 23.7
123.36 23.64
123.38 23.56
123.518 23.4541
124.026 23.4381
124.534 23.4203
125.042 23.4009
125.55 23.3799
125.954 23.4977
126.426 23.7606
126.901 24.1011
127.398 24.5029
127.907 24.969
128.462 25.4576
128.462 25.4576
128.978 25.8591
129.36 26.1908
129.785 26.6709
130.211 27.2135
130.523 27.7094
130.649 28.1358
131.097 28.3182
131.309 28.4508
131.467 28.7508
131.524 28.8591
131.628 28.9874
131.76 29.3921
132.073 29.8177
132.402 30.2149
132.63 30.4926
132.655 30.494
132.76 30.72
132.8 30.76
132.84 30.8
132.88 30.84
132.92 30.92
133.023 31.08
132.3 31
131.55 30.9
131.275 31
131.1 31.2
131.2 31.7
131.3 32
131.4 32.3
131.45 32.4
131.73 32.9
131.5 33.05
131.4 32.85
131.3 32.64
131.1 32.31
130.88 32.08
130.84 32
130.8 31.84
130.76 31.76
130.72 31.64
130.72 31.6
130.68 31.44
130.64 31.36
130.6 31.28
130.56 31.2
130.48 31.08
130.44 31
130.36 30.88
130.28 30.76
130.24 30.68
130.18 30.6
