139.616453 34.804006 -1.889396
139.513760 35.017676 -5.689775
139.429000 34.859900 -1.465804
139.616453 34.804006 -1.889396
>
141.643477 34.479930 -10.275783
141.666906 34.283004 -8.237882
141.855615 34.446978 -11.545395
141.643477 34.479930 -10.275783
>
141.474185 34.345704 -7.381217
141.666906 34.283004 -8.237882
141.643477 34.479930 -10.275783
141.474185 34.345704 -7.381217
>
141.561056 34.859458 -14.378034
141.764892 34.895528 -15.941696
141.733900 35.006490 -16.954865
141.561056 34.859458 -14.378034
>
141.795800 34.784560 -14.931545
141.764892 34.895528 -15.941696
141.561056 34.859458 -14.378034
141.795800 34.784560 -14.931545
>
141.643477 34.479930 -10.275783
141.855615 34.446978 -11.545395
141.840293 34.578065 -13.134143
141.643477 34.479930 -10.275783
>
141.870418 34.320336 -10.194328
141.666906 34.283004 -8.237882
141.881754 34.223361 -9.255637
141.870418 34.320336 -10.194328
>
141.870418 34.320336 -10.194328
141.855615 34.446978 -11.545395
141.666906 34.283004 -8.237882
141.870418 34.320336 -10.194328
>
141.268851 34.398592 -6.511397
141.474185 34.345704 -7.381217
141.431592 34.535356 -9.315503
141.268851 34.398592 -6.511397
>
141.431592 34.535356 -9.315503
141.474185 34.345704 -7.381217
141.643477 34.479930 -10.275783
141.431592 34.535356 -9.315503
>
141.826800 34.693500 -14.111342
141.795800 34.784560 -14.931545
141.605359 34.668007 -12.165481
141.826800 34.693500 -14.111342
>
141.795800 34.784560 -14.931545
141.561056 34.859458 -14.378034
141.605359 34.668007 -12.165481
141.795800 34.784560 -14.931545
>
141.605359 34.668007 -12.165481
141.840293 34.578065 -13.134143
141.826800 34.693500 -14.111342
141.605359 34.668007 -12.165481
>
141.643477 34.479930 -10.275783
141.840293 34.578065 -13.134143
141.605359 34.668007 -12.165481
141.643477 34.479930 -10.275783
>
141.605359 34.668007 -12.165481
141.431592 34.535356 -9.315503
141.643477 34.479930 -10.275783
141.605359 34.668007 -12.165481
>
136.200000 35.925000 -50.000000
136.438453 35.890387 -50.068172
136.439942 36.076839 -83.741898
136.200000 35.925000 -50.000000
>
139.429000 34.859900 -1.465804
139.513760 35.017676 -5.689775
139.282773 34.978700 -1.430008
139.429000 34.859900 -1.465804
>
139.713333 34.979010 -8.039223
139.616453 34.804006 -1.889396
139.803927 34.748105 -2.313035
139.713333 34.979010 -8.039223
>
139.513760 35.017676 -5.689775
139.616453 34.804006 -1.889396
139.713333 34.979010 -8.039223
139.513760 35.017676 -5.689775
>
141.094173 35.728567 -29.257136
141.263800 35.829300 -31.146919
141.152800 35.937590 -34.557091
141.094173 35.728567 -29.257136
>
137.269779 35.538599 -50.014318
137.500000 35.490000 -50.000001
137.406363 35.665138 -62.277928
137.269779 35.538599 -50.014318
>
137.269779 35.538599 -50.014318
137.233162 35.775657 -74.100962
137.070584 35.624708 -50.034201
137.269779 35.538599 -50.014318
>
137.406363 35.665138 -62.277928
137.233162 35.775657 -74.100962
137.269779 35.538599 -50.014318
137.406363 35.665138 -62.277928
>
137.210672 36.233132 -137.617708
137.022397 36.266080 -139.475526
137.056326 36.057660 -105.490685
137.210672 36.233132 -137.617708
>
136.645250 36.006182 -74.434318
136.439942 36.076839 -83.741898
136.438453 35.890387 -50.068172
136.645250 36.006182 -74.434318
>
136.645250 36.006182 -74.434318
136.643309 36.205531 -112.340300
136.439942 36.076839 -83.741898
136.645250 36.006182 -74.434318
>
136.857605 35.924278 -72.323949
136.871310 35.714345 -50.068139
137.056986 35.852921 -74.040379
136.857605 35.924278 -72.323949
>
137.056986 35.852921 -74.040379
137.056326 36.057660 -105.490685
136.857605 35.924278 -72.323949
137.056986 35.852921 -74.040379
>
137.070584 35.624708 -50.034201
137.233162 35.775657 -74.100962
137.056986 35.852921 -74.040379
137.070584 35.624708 -50.034201
>
137.056986 35.852921 -74.040379
136.871310 35.714345 -50.068139
137.070584 35.624708 -50.034201
137.056986 35.852921 -74.040379
>
138.701838 35.712096 -32.467837
138.607002 35.936079 -55.175997
138.499413 35.766446 -46.640947
138.701838 35.712096 -32.467837
>
138.437625 36.542673 -114.389977
138.263377 36.357455 -111.109841
138.487227 36.356641 -98.502038
138.437625 36.542673 -114.389977
>
138.548800 36.750714 -140.000000
138.351683 36.741616 -140.000001
138.437625 36.542673 -114.389977
138.548800 36.750714 -140.000000
>
138.888000 35.285000 -7.476947
138.802799 35.486108 -11.488715
138.650000 35.300000 -14.286401
138.888000 35.285000 -7.476947
>
139.023239 35.483189 -13.473570
138.802799 35.486108 -11.488715
138.888000 35.285000 -7.476947
139.023239 35.483189 -13.473570
>
141.263800 35.829300 -31.146919
141.094173 35.728567 -29.257136
141.346900 35.729590 -28.630654
141.263800 35.829300 -31.146919
>
140.955309 35.600413 -26.728075
141.094173 35.728567 -29.257136
140.939306 35.838765 -31.942783
140.955309 35.600413 -26.728075
>
141.069600 36.011700 -37.043191
140.969000 36.083000 -40.176108
140.939306 35.838765 -31.942783
141.069600 36.011700 -37.043191
>
141.152800 35.937590 -34.557091
141.069600 36.011700 -37.043191
140.939306 35.838765 -31.942783
141.152800 35.937590 -34.557091
>
140.939306 35.838765 -31.942783
141.094173 35.728567 -29.257136
141.152800 35.937590 -34.557091
140.939306 35.838765 -31.942783
>
141.198480 35.576937 -25.828006
141.094173 35.728567 -29.257136
140.955309 35.600413 -26.728075
141.198480 35.576937 -25.828006
>
141.419600 35.635600 -26.399412
141.346900 35.729590 -28.630654
141.198480 35.576937 -25.828006
141.419600 35.635600 -26.399412
>
141.198480 35.576937 -25.828006
141.346900 35.729590 -28.630654
141.094173 35.728567 -29.257136
141.198480 35.576937 -25.828006
>
141.494835 35.056562 -16.985994
141.689100 35.117490 -18.304093
141.637300 35.234190 -19.811290
141.494835 35.056562 -16.985994
>
141.494835 35.056562 -16.985994
141.561056 34.859458 -14.378034
141.733900 35.006490 -16.954865
141.494835 35.056562 -16.985994
>
141.733900 35.006490 -16.954865
141.689100 35.117490 -18.304093
141.494835 35.056562 -16.985994
141.733900 35.006490 -16.954865
>
140.168388 35.224790 -18.575741
140.078455 35.044665 -12.881785
140.279786 35.028488 -13.545519
140.168388 35.224790 -18.575741
>
140.279786 35.028488 -13.545519
140.078455 35.044665 -12.881785
140.156418 34.854681 -7.896256
140.279786 35.028488 -13.545519
>
140.626681 36.067614 -39.105061
140.764300 36.228460 -47.339772
140.670600 36.288380 -51.081579
140.626681 36.067614 -39.105061
>
140.670600 36.288380 -51.081579
140.449826 36.184464 -43.979040
140.626681 36.067614 -39.105061
140.670600 36.288380 -51.081579
>
140.454437 35.972430 -37.877910
140.608150 35.836355 -33.267200
140.626681 36.067614 -39.105061
140.454437 35.972430 -37.877910
>
140.626681 36.067614 -39.105061
140.449826 36.184464 -43.979040
140.454437 35.972430 -37.877910
140.626681 36.067614 -39.105061
>
140.249182 35.407430 -28.854393
140.039315 35.414211 -24.127199
140.168388 35.224790 -18.575741
140.249182 35.407430 -28.854393
>
140.249182 35.407430 -28.854393
140.456101 35.418982 -28.546543
140.335412 35.591431 -32.144317
140.249182 35.407430 -28.854393
>
140.116552 35.588665 -31.706262
140.249182 35.407430 -28.854393
140.335412 35.591431 -32.144317
140.116552 35.588665 -31.706262
>
140.039315 35.414211 -24.127199
140.249182 35.407430 -28.854393
140.116552 35.588665 -31.706262
140.039315 35.414211 -24.127199
>
137.264880 36.002416 -110.625706
137.056986 35.852921 -74.040379
137.233162 35.775657 -74.100962
137.264880 36.002416 -110.625706
>
137.056326 36.057660 -105.490685
137.056986 35.852921 -74.040379
137.264880 36.002416 -110.625706
137.056326 36.057660 -105.490685
>
137.210672 36.233132 -137.617708
137.056326 36.057660 -105.490685
137.264880 36.002416 -110.625706
137.210672 36.233132 -137.617708
>
136.844660 36.122558 -105.040253
137.022397 36.266080 -139.475526
136.840000 36.330000 -140.000001
136.844660 36.122558 -105.040253
>
136.844660 36.122558 -105.040253
137.056326 36.057660 -105.490685
137.022397 36.266080 -139.475526
136.844660 36.122558 -105.040253
>
136.857605 35.924278 -72.323949
137.056326 36.057660 -105.490685
136.844660 36.122558 -105.040253
136.857605 35.924278 -72.323949
>
136.840000 36.330000 -140.000001
136.643309 36.205531 -112.340300
136.844660 36.122558 -105.040253
136.840000 36.330000 -140.000001
>
136.844660 36.122558 -105.040253
136.645250 36.006182 -74.434318
136.857605 35.924278 -72.323949
136.844660 36.122558 -105.040253
>
136.643309 36.205531 -112.340300
136.645250 36.006182 -74.434318
136.844660 36.122558 -105.040253
136.643309 36.205531 -112.340300
>
137.502277 36.020112 -121.282901
137.602320 36.180232 -139.982812
137.394872 36.200897 -139.849949
137.502277 36.020112 -121.282901
>
137.210672 36.233132 -137.617708
137.264880 36.002416 -110.625706
137.394872 36.200897 -139.849949
137.210672 36.233132 -137.617708
>
137.394872 36.200897 -139.849949
137.264880 36.002416 -110.625706
137.502277 36.020112 -121.282901
137.394872 36.200897 -139.849949
>
137.604752 35.686605 -68.012523
137.500000 35.490000 -50.000001
137.727273 35.521212 -49.813578
137.604752 35.686605 -68.012523
>
137.406363 35.665138 -62.277928
137.500000 35.490000 -50.000001
137.604752 35.686605 -68.012523
137.406363 35.665138 -62.277928
>
136.663332 35.813751 -50.119691
136.871310 35.714345 -50.068139
136.857605 35.924278 -72.323949
136.663332 35.813751 -50.119691
>
136.857605 35.924278 -72.323949
136.645250 36.006182 -74.434318
136.663332 35.813751 -50.119691
136.857605 35.924278 -72.323949
>
136.663332 35.813751 -50.119691
136.645250 36.006182 -74.434318
136.438453 35.890387 -50.068172
136.663332 35.813751 -50.119691
>
138.750000 36.760000 -139.999999
138.819379 36.536287 -108.412271
138.949107 36.722982 -130.685819
138.750000 36.760000 -139.999999
>
137.819729 35.722381 -68.958426
137.948816 35.564645 -49.950575
138.045564 35.759966 -65.650550
137.819729 35.722381 -68.958426
>
137.666633 35.874407 -96.257071
137.604752 35.686605 -68.012523
137.819729 35.722381 -68.958426
137.666633 35.874407 -96.257071
>
137.727273 35.521212 -49.813578
137.948816 35.564645 -49.950575
137.819729 35.722381 -68.958426
137.727273 35.521212 -49.813578
>
137.819729 35.722381 -68.958426
137.604752 35.686605 -68.012523
137.727273 35.521212 -49.813578
137.819729 35.722381 -68.958426
>
138.136909 35.949407 -84.127028
138.045564 35.759966 -65.650550
138.277507 35.794012 -58.770018
138.136909 35.949407 -84.127028
>
138.263377 36.357455 -111.109841
138.047632 36.291547 -123.040605
138.189923 36.134614 -107.926490
138.263377 36.357455 -111.109841
>
137.794462 36.246677 -139.939653
138.047632 36.291547 -123.040605
137.872656 36.397191 -139.724670
137.794462 36.246677 -139.939653
>
138.437625 36.542673 -114.389977
138.487227 36.356641 -98.502038
138.631927 36.552406 -112.977717
138.437625 36.542673 -114.389977
>
138.631927 36.552406 -112.977717
138.548800 36.750714 -140.000000
138.437625 36.542673 -114.389977
138.631927 36.552406 -112.977717
>
138.631927 36.552406 -112.977717
138.819379 36.536287 -108.412271
138.750000 36.760000 -139.999999
138.631927 36.552406 -112.977717
>
138.750000 36.760000 -139.999999
138.548800 36.750714 -140.000000
138.631927 36.552406 -112.977717
138.750000 36.760000 -139.999999
>
138.556456 36.140602 -76.834520
138.607002 35.936079 -55.175997
138.749675 36.120795 -61.595676
138.556456 36.140602 -76.834520
>
138.081131 36.498173 -124.534789
138.047632 36.291547 -123.040605
138.263377 36.357455 -111.109841
138.081131 36.498173 -124.534789
>
137.960000 36.700000 -140.000000
137.892158 36.560789 -139.896612
138.081131 36.498173 -124.534789
137.960000 36.700000 -140.000000
>
138.081131 36.498173 -124.534789
138.144014 36.732031 -139.999996
137.960000 36.700000 -140.000000
138.081131 36.498173 -124.534789
>
138.081131 36.498173 -124.534789
137.892158 36.560789 -139.896612
137.872656 36.397191 -139.724670
138.081131 36.498173 -124.534789
>
137.872656 36.397191 -139.724670
138.047632 36.291547 -123.040605
138.081131 36.498173 -124.534789
137.872656 36.397191 -139.724670
>
139.023239 35.483189 -13.473570
138.888000 35.285000 -7.476947
139.052662 35.255973 -6.581343
139.023239 35.483189 -13.473570
>
139.216047 35.350875 -8.874494
139.052662 35.255973 -6.581343
139.217688 35.135243 -4.060451
139.216047 35.350875 -8.874494
>
139.023239 35.483189 -13.473570
139.052662 35.255973 -6.581343
139.216047 35.350875 -8.874494
139.023239 35.483189 -13.473570
>
140.587300 36.342590 -54.472501
140.493600 36.399660 -58.594015
140.449826 36.184464 -43.979040
140.587300 36.342590 -54.472501
>
140.449826 36.184464 -43.979040
140.670600 36.288380 -51.081579
140.587300 36.342590 -54.472501
140.449826 36.184464 -43.979040
>
140.858000 36.168550 -43.989875
140.764300 36.228460 -47.339772
140.626681 36.067614 -39.105061
140.858000 36.168550 -43.989875
>
139.935207 34.883106 -7.484934
139.713333 34.979010 -8.039223
139.803927 34.748105 -2.313035
139.935207 34.883106 -7.484934
>
139.803927 34.748105 -2.313035
140.020273 34.697247 -2.741069
139.935207 34.883106 -7.484934
139.803927 34.748105 -2.313035
>
139.935207 34.883106 -7.484934
140.020273 34.697247 -2.741069
140.156418 34.854681 -7.896256
139.935207 34.883106 -7.484934
>
140.156418 34.854681 -7.896256
140.078455 35.044665 -12.881785
139.935207 34.883106 -7.484934
140.156418 34.854681 -7.896256
>
140.626681 36.067614 -39.105061
140.608150 35.836355 -33.267200
140.785543 35.961206 -35.622685
140.626681 36.067614 -39.105061
>
140.785543 35.961206 -35.622685
140.939306 35.838765 -31.942783
140.969000 36.083000 -40.176108
140.785543 35.961206 -35.622685
>
140.785543 35.961206 -35.622685
140.858000 36.168550 -43.989875
140.626681 36.067614 -39.105061
140.785543 35.961206 -35.622685
>
140.969000 36.083000 -40.176108
140.858000 36.168550 -43.989875
140.785543 35.961206 -35.622685
140.969000 36.083000 -40.176108
>
141.076893 35.422184 -22.859264
141.198480 35.576937 -25.828006
140.955309 35.600413 -26.728075
141.076893 35.422184 -22.859264
>
141.303394 35.412426 -22.584866
141.471400 35.541650 -24.756867
141.419600 35.635600 -26.399412
141.303394 35.412426 -22.584866
>
141.419600 35.635600 -26.399412
141.198480 35.576937 -25.828006
141.303394 35.412426 -22.584866
141.419600 35.635600 -26.399412
>
141.303394 35.412426 -22.584866
141.076893 35.422184 -22.859264
141.183453 35.240795 -19.466094
141.303394 35.412426 -22.584866
>
141.198480 35.576937 -25.828006
141.076893 35.422184 -22.859264
141.303394 35.412426 -22.584866
141.198480 35.576937 -25.828006
>
141.471400 35.541650 -24.756867
141.303394 35.412426 -22.584866
141.530200 35.439150 -22.964903
141.471400 35.541650 -24.756867
>
141.637300 35.234190 -19.811290
141.582092 35.339516 -21.405735
141.399863 35.234328 -19.594791
141.637300 35.234190 -19.811290
>
141.399863 35.234328 -19.594791
141.494835 35.056562 -16.985994
141.637300 35.234190 -19.811290
141.399863 35.234328 -19.594791
>
141.582092 35.339516 -21.405735
141.530200 35.439150 -22.964903
141.399863 35.234328 -19.594791
141.582092 35.339516 -21.405735
>
141.399863 35.234328 -19.594791
141.530200 35.439150 -22.964903
141.303394 35.412426 -22.584866
141.399863 35.234328 -19.594791
>
141.399863 35.234328 -19.594791
141.303394 35.412426 -22.584866
141.183453 35.240795 -19.466094
141.399863 35.234328 -19.594791
>
140.556658 35.213915 -19.439569
140.456101 35.418982 -28.546543
140.369336 35.216775 -19.493029
140.556658 35.213915 -19.439569
>
140.168388 35.224790 -18.575741
140.279786 35.028488 -13.545519
140.369336 35.216775 -19.493029
140.168388 35.224790 -18.575741
>
140.369336 35.216775 -19.493029
140.249182 35.407430 -28.854393
140.168388 35.224790 -18.575741
140.369336 35.216775 -19.493029
>
140.456101 35.418982 -28.546543
140.249182 35.407430 -28.854393
140.369336 35.216775 -19.493029
140.456101 35.418982 -28.546543
>
140.955309 35.600413 -26.728075
140.939306 35.838765 -31.942783
140.770885 35.736729 -29.824679
140.955309 35.600413 -26.728075
>
140.770885 35.736729 -29.824679
140.785543 35.961206 -35.622685
140.608150 35.836355 -33.267200
140.770885 35.736729 -29.824679
>
140.939306 35.838765 -31.942783
140.785543 35.961206 -35.622685
140.770885 35.736729 -29.824679
140.939306 35.838765 -31.942783
>
140.649178 35.397895 -24.426515
140.456101 35.418982 -28.546543
140.556658 35.213915 -19.439569
140.649178 35.397895 -24.426515
>
140.156418 34.854681 -7.896256
140.020273 34.697247 -2.741069
140.236655 34.663095 -2.973290
140.156418 34.854681 -7.896256
>
139.149475 36.685729 -121.312634
138.949107 36.722982 -130.685819
139.013006 36.505397 -100.438450
139.149475 36.685729 -121.312634
>
139.013006 36.505397 -100.438450
138.949107 36.722982 -130.685819
138.819379 36.536287 -108.412271
139.013006 36.505397 -100.438450
>
139.970165 36.533146 -82.920995
139.767101 36.570900 -92.420269
139.833515 36.360361 -66.215252
139.970165 36.533146 -82.920995
>
140.265865 36.302015 -50.776701
140.493600 36.399660 -58.594015
140.396400 36.453890 -62.980588
140.265865 36.302015 -50.776701
>
140.449826 36.184464 -43.979040
140.493600 36.399660 -58.594015
140.265865 36.302015 -50.776701
140.449826 36.184464 -43.979040
>
140.396400 36.453890 -62.980588
140.183685 36.493448 -72.932605
140.265865 36.302015 -50.776701
140.396400 36.453890 -62.980588
>
140.608150 35.836355 -33.267200
140.454437 35.972430 -37.877910
140.411039 35.768744 -34.638934
140.608150 35.836355 -33.267200
>
140.256051 35.916779 -38.394733
140.411039 35.768744 -34.638934
140.454437 35.972430 -37.877910
140.256051 35.916779 -38.394733
>
137.437347 35.852761 -92.737603
137.264880 36.002416 -110.625706
137.233162 35.775657 -74.100962
137.437347 35.852761 -92.737603
>
137.502277 36.020112 -121.282901
137.264880 36.002416 -110.625706
137.437347 35.852761 -92.737603
137.502277 36.020112 -121.282901
>
137.437347 35.852761 -92.737603
137.233162 35.775657 -74.100962
137.406363 35.665138 -62.277928
137.437347 35.852761 -92.737603
>
137.437347 35.852761 -92.737603
137.666633 35.874407 -96.257071
137.502277 36.020112 -121.282901
137.437347 35.852761 -92.737603
>
137.406363 35.665138 -62.277928
137.604752 35.686605 -68.012523
137.437347 35.852761 -92.737603
137.406363 35.665138 -62.277928
>
137.437347 35.852761 -92.737603
137.604752 35.686605 -68.012523
137.666633 35.874407 -96.257071
137.437347 35.852761 -92.737603
>
138.701838 35.712096 -32.467837
138.499413 35.766446 -46.640947
138.604211 35.526105 -19.292142
138.701838 35.712096 -32.467837
>
138.604211 35.526105 -19.292142
138.802799 35.486108 -11.488715
138.701838 35.712096 -32.467837
138.604211 35.526105 -19.292142
>
138.650000 35.300000 -14.286401
138.802799 35.486108 -11.488715
138.604211 35.526105 -19.292142
138.650000 35.300000 -14.286401
>
138.045564 35.759966 -65.650550
137.948816 35.564645 -49.950575
138.175411 35.610000 -46.302726
138.045564 35.759966 -65.650550
>
138.175411 35.610000 -46.302726
138.277507 35.794012 -58.770018
138.045564 35.759966 -65.650550
138.175411 35.610000 -46.302726
>
138.380011 35.974170 -73.191983
138.499413 35.766446 -46.640947
138.607002 35.936079 -55.175997
138.380011 35.974170 -73.191983
>
138.380011 35.974170 -73.191983
138.277507 35.794012 -58.770018
138.499413 35.766446 -46.640947
138.380011 35.974170 -73.191983
>
138.607002 35.936079 -55.175997
138.556456 36.140602 -76.834520
138.380011 35.974170 -73.191983
138.607002 35.936079 -55.175997
>
138.136909 35.949407 -84.127028
138.277507 35.794012 -58.770018
138.380011 35.974170 -73.191983
138.136909 35.949407 -84.127028
>
138.380011 35.974170 -73.191983
138.189923 36.134614 -107.926490
138.136909 35.949407 -84.127028
138.380011 35.974170 -73.191983
>
137.666633 35.874407 -96.257071
137.819729 35.722381 -68.958426
137.906308 35.909616 -92.709954
137.666633 35.874407 -96.257071
>
137.906308 35.909616 -92.709954
138.045564 35.759966 -65.650550
138.136909 35.949407 -84.127028
137.906308 35.909616 -92.709954
>
137.906308 35.909616 -92.709954
137.819729 35.722381 -68.958426
138.045564 35.759966 -65.650550
137.906308 35.909616 -92.709954
>
138.819379 36.536287 -108.412271
138.631927 36.552406 -112.977717
138.684178 36.337610 -86.382545
138.819379 36.536287 -108.412271
>
138.684178 36.337610 -86.382545
138.631927 36.552406 -112.977717
138.487227 36.356641 -98.502038
138.684178 36.337610 -86.382545
>
138.684178 36.337610 -86.382545
138.556456 36.140602 -76.834520
138.749675 36.120795 -61.595676
138.684178 36.337610 -86.382545
>
138.487227 36.356641 -98.502038
138.556456 36.140602 -76.834520
138.684178 36.337610 -86.382545
138.487227 36.356641 -98.502038
>
138.371659 36.181326 -96.387864
138.487227 36.356641 -98.502038
138.263377 36.357455 -111.109841
138.371659 36.181326 -96.387864
>
138.371659 36.181326 -96.387864
138.556456 36.140602 -76.834520
138.487227 36.356641 -98.502038
138.371659 36.181326 -96.387864
>
138.263377 36.357455 -111.109841
138.189923 36.134614 -107.926490
138.371659 36.181326 -96.387864
138.263377 36.357455 -111.109841
>
138.189923 36.134614 -107.926490
138.380011 35.974170 -73.191983
138.371659 36.181326 -96.387864
138.189923 36.134614 -107.926490
>
138.371659 36.181326 -96.387864
138.380011 35.974170 -73.191983
138.556456 36.140602 -76.834520
138.371659 36.181326 -96.387864
>
138.253548 36.558525 -119.841044
138.263377 36.357455 -111.109841
138.437625 36.542673 -114.389977
138.253548 36.558525 -119.841044
>
138.253548 36.558525 -119.841044
138.081131 36.498173 -124.534789
138.263377 36.357455 -111.109841
138.253548 36.558525 -119.841044
>
138.144014 36.732031 -139.999996
138.081131 36.498173 -124.534789
138.253548 36.558525 -119.841044
138.144014 36.732031 -139.999996
>
138.437625 36.542673 -114.389977
138.351683 36.741616 -140.000001
138.253548 36.558525 -119.841044
138.437625 36.542673 -114.389977
>
138.351683 36.741616 -140.000001
138.144014 36.732031 -139.999996
138.253548 36.558525 -119.841044
138.351683 36.741616 -140.000001
>
139.387771 35.187273 -6.875843
139.216047 35.350875 -8.874494
139.217688 35.135243 -4.060451
139.387771 35.187273 -6.875843
>
139.387771 35.187273 -6.875843
139.282773 34.978700 -1.430008
139.513760 35.017676 -5.689775
139.387771 35.187273 -6.875843
>
139.217688 35.135243 -4.060451
139.282773 34.978700 -1.430008
139.387771 35.187273 -6.875843
139.217688 35.135243 -4.060451
>
140.039315 35.414211 -24.127199
140.116552 35.588665 -31.706262
139.907287 35.594755 -28.863267
140.039315 35.414211 -24.127199
>
139.907287 35.594755 -28.863267
139.826136 35.407898 -19.320517
140.039315 35.414211 -24.127199
139.907287 35.594755 -28.863267
>
139.907287 35.594755 -28.863267
140.116552 35.588665 -31.706262
139.983902 35.785836 -35.320507
139.907287 35.594755 -28.863267
>
140.039315 35.414211 -24.127199
139.826136 35.407898 -19.320517
139.966157 35.239109 -17.144360
140.039315 35.414211 -24.127199
>
140.168388 35.224790 -18.575741
140.039315 35.414211 -24.127199
139.966157 35.239109 -17.144360
140.168388 35.224790 -18.575741
>
139.966157 35.239109 -17.144360
140.078455 35.044665 -12.881785
140.168388 35.224790 -18.575741
139.966157 35.239109 -17.144360
>
141.272400 35.061388 -16.533042
141.399863 35.234328 -19.594791
141.183453 35.240795 -19.466094
141.272400 35.061388 -16.533042
>
141.494835 35.056562 -16.985994
141.399863 35.234328 -19.594791
141.272400 35.061388 -16.533042
141.494835 35.056562 -16.985994
>
141.268851 34.398592 -6.511397
141.431592 34.535356 -9.315503
141.221268 34.609219 -9.011967
141.268851 34.398592 -6.511397
>
140.955309 35.600413 -26.728075
140.770885 35.736729 -29.824679
140.752953 35.555562 -26.732621
140.955309 35.600413 -26.728075
>
140.370529 34.826708 -8.154945
140.279786 35.028488 -13.545519
140.156418 34.854681 -7.896256
140.370529 34.826708 -8.154945
>
140.156418 34.854681 -7.896256
140.236655 34.663095 -2.973290
140.370529 34.826708 -8.154945
140.156418 34.854681 -7.896256
>
139.276887 36.276892 -72.291385
139.421393 36.449605 -83.901642
139.212512 36.476839 -92.774752
139.276887 36.276892 -72.291385
>
139.212512 36.476839 -92.774752
139.074031 36.293360 -75.582975
139.276887 36.276892 -72.291385
139.212512 36.476839 -92.774752
>
139.013006 36.505397 -100.438450
139.074031 36.293360 -75.582975
139.212512 36.476839 -92.774752
139.013006 36.505397 -100.438450
>
139.421393 36.449605 -83.901642
139.353597 36.647779 -111.763891
139.212512 36.476839 -92.774752
139.421393 36.449605 -83.901642
>
139.149475 36.685729 -121.312634
139.013006 36.505397 -100.438450
139.212512 36.476839 -92.774752
139.149475 36.685729 -121.312634
>
139.212512 36.476839 -92.774752
139.353597 36.647779 -111.763891
139.149475 36.685729 -121.312634
139.212512 36.476839 -92.774752
>
139.833515 36.360361 -66.215252
139.767101 36.570900 -92.420269
139.635405 36.396541 -72.957992
139.833515 36.360361 -66.215252
>
138.701838 35.712096 -32.467837
138.802799 35.486108 -11.488715
138.905540 35.684376 -26.818286
138.701838 35.712096 -32.467837
>
138.905540 35.684376 -26.818286
138.802799 35.486108 -11.488715
139.023239 35.483189 -13.473570
138.905540 35.684376 -26.818286
>
138.749675 36.120795 -61.595676
138.607002 35.936079 -55.175997
138.811696 35.902107 -44.122109
138.749675 36.120795 -61.595676
>
138.811696 35.902107 -44.122109
138.607002 35.936079 -55.175997
138.701838 35.712096 -32.467837
138.811696 35.902107 -44.122109
>
138.701838 35.712096 -32.467837
138.905540 35.684376 -26.818286
138.811696 35.902107 -44.122109
138.701838 35.712096 -32.467837
>
138.811696 35.902107 -44.122109
138.905540 35.684376 -26.818286
139.011176 35.888981 -37.988659
138.811696 35.902107 -44.122109
>
139.216047 35.350875 -8.874494
139.387771 35.187273 -6.875843
139.418864 35.376806 -11.845827
139.216047 35.350875 -8.874494
>
139.023239 35.483189 -13.473570
139.216047 35.350875 -8.874494
139.248324 35.536104 -16.872501
139.023239 35.483189 -13.473570
>
139.216047 35.350875 -8.874494
139.418864 35.376806 -11.845827
139.248324 35.536104 -16.872501
139.216047 35.350875 -8.874494
>
140.183685 36.493448 -72.932605
139.970165 36.533146 -82.920995
140.043388 36.343344 -60.885103
140.183685 36.493448 -72.932605
>
140.043388 36.343344 -60.885103
140.265865 36.302015 -50.776701
140.183685 36.493448 -72.932605
140.043388 36.343344 -60.885103
>
140.101719 36.159160 -48.047081
140.265865 36.302015 -50.776701
140.043388 36.343344 -60.885103
140.101719 36.159160 -48.047081
>
140.043388 36.343344 -60.885103
139.970165 36.533146 -82.920995
139.833515 36.360361 -66.215252
140.043388 36.343344 -60.885103
>
140.060891 35.969626 -40.639122
139.852147 35.976818 -42.288780
139.983902 35.785836 -35.320507
140.060891 35.969626 -40.639122
>
139.909683 36.162085 -50.609279
140.043388 36.343344 -60.885103
139.833515 36.360361 -66.215252
139.909683 36.162085 -50.609279
>
140.101719 36.159160 -48.047081
140.043388 36.343344 -60.885103
139.909683 36.162085 -50.609279
140.101719 36.159160 -48.047081
>
139.909683 36.162085 -50.609279
140.060891 35.969626 -40.639122
140.101719 36.159160 -48.047081
139.909683 36.162085 -50.609279
>
139.852147 35.976818 -42.288780
140.060891 35.969626 -40.639122
139.909683 36.162085 -50.609279
139.852147 35.976818 -42.288780
>
139.983902 35.785836 -35.320507
139.852147 35.976818 -42.288780
139.779912 35.771626 -33.466228
139.983902 35.785836 -35.320507
>
139.779912 35.771626 -33.466228
139.907287 35.594755 -28.863267
139.983902 35.785836 -35.320507
139.779912 35.771626 -33.466228
>
140.449826 36.184464 -43.979040
140.265865 36.302015 -50.776701
140.274381 36.095459 -43.408982
140.449826 36.184464 -43.979040
>
140.274381 36.095459 -43.408982
140.265865 36.302015 -50.776701
140.101719 36.159160 -48.047081
140.274381 36.095459 -43.408982
>
140.274381 36.095459 -43.408982
140.454437 35.972430 -37.877910
140.449826 36.184464 -43.979040
140.274381 36.095459 -43.408982
>
140.274381 36.095459 -43.408982
140.256051 35.916779 -38.394733
140.454437 35.972430 -37.877910
140.274381 36.095459 -43.408982
>
140.101719 36.159160 -48.047081
140.060891 35.969626 -40.639122
140.274381 36.095459 -43.408982
140.101719 36.159160 -48.047081
>
140.274381 36.095459 -43.408982
140.060891 35.969626 -40.639122
140.256051 35.916779 -38.394733
140.274381 36.095459 -43.408982
>
140.335412 35.591431 -32.144317
140.411039 35.768744 -34.638934
140.185720 35.757645 -35.252335
140.335412 35.591431 -32.144317
>
140.411039 35.768744 -34.638934
140.256051 35.916779 -38.394733
140.185720 35.757645 -35.252335
140.411039 35.768744 -34.638934
>
140.185720 35.757645 -35.252335
140.116552 35.588665 -31.706262
140.335412 35.591431 -32.144317
140.185720 35.757645 -35.252335
>
139.983902 35.785836 -35.320507
140.116552 35.588665 -31.706262
140.185720 35.757645 -35.252335
139.983902 35.785836 -35.320507
>
140.185720 35.757645 -35.252335
140.060891 35.969626 -40.639122
139.983902 35.785836 -35.320507
140.185720 35.757645 -35.252335
>
140.256051 35.916779 -38.394733
140.060891 35.969626 -40.639122
140.185720 35.757645 -35.252335
140.256051 35.916779 -38.394733
>
138.499413 35.766446 -46.640947
138.277507 35.794012 -58.770018
138.391499 35.605425 -35.731544
138.499413 35.766446 -46.640947
>
138.277507 35.794012 -58.770018
138.175411 35.610000 -46.302726
138.391499 35.605425 -35.731544
138.277507 35.794012 -58.770018
>
138.391499 35.605425 -35.731544
138.604211 35.526105 -19.292142
138.499413 35.766446 -46.640947
138.391499 35.605425 -35.731544
>
137.666633 35.874407 -96.257071
137.906308 35.909616 -92.709954
137.749820 36.044401 -121.754878
137.666633 35.874407 -96.257071
>
137.749820 36.044401 -121.754878
137.794462 36.246677 -139.939653
137.602320 36.180232 -139.982812
137.749820 36.044401 -121.754878
>
137.749820 36.044401 -121.754878
137.602320 36.180232 -139.982812
137.502277 36.020112 -121.282901
137.749820 36.044401 -121.754878
>
137.502277 36.020112 -121.282901
137.666633 35.874407 -96.257071
137.749820 36.044401 -121.754878
137.502277 36.020112 -121.282901
>
138.047632 36.291547 -123.040605
137.794462 36.246677 -139.939653
137.966912 36.105363 -121.186232
138.047632 36.291547 -123.040605
>
137.966912 36.105363 -121.186232
138.189923 36.134614 -107.926490
138.047632 36.291547 -123.040605
137.966912 36.105363 -121.186232
>
137.794462 36.246677 -139.939653
137.749820 36.044401 -121.754878
137.966912 36.105363 -121.186232
137.794462 36.246677 -139.939653
>
137.966912 36.105363 -121.186232
137.749820 36.044401 -121.754878
137.906308 35.909616 -92.709954
137.966912 36.105363 -121.186232
>
138.136909 35.949407 -84.127028
138.189923 36.134614 -107.926490
137.966912 36.105363 -121.186232
138.136909 35.949407 -84.127028
>
137.966912 36.105363 -121.186232
137.906308 35.909616 -92.709954
138.136909 35.949407 -84.127028
137.966912 36.105363 -121.186232
>
139.582764 35.194347 -10.104601
139.387771 35.187273 -6.875843
139.513760 35.017676 -5.689775
139.582764 35.194347 -10.104601
>
139.513760 35.017676 -5.689775
139.713333 34.979010 -8.039223
139.582764 35.194347 -10.104601
139.513760 35.017676 -5.689775
>
139.618906 35.395614 -15.864819
139.418864 35.376806 -11.845827
139.582764 35.194347 -10.104601
139.618906 35.395614 -15.864819
>
139.582764 35.194347 -10.104601
139.418864 35.376806 -11.845827
139.387771 35.187273 -6.875843
139.582764 35.194347 -10.104601
>
141.561056 34.859458 -14.378034
141.494835 35.056562 -16.985994
141.359178 34.903302 -14.246051
141.561056 34.859458 -14.378034
>
141.494835 35.056562 -16.985994
141.272400 35.061388 -16.533042
141.359178 34.903302 -14.246051
141.494835 35.056562 -16.985994
>
141.359178 34.903302 -14.246051
141.272400 35.061388 -16.533042
141.179925 34.828357 -12.360861
141.359178 34.903302 -14.246051
>
141.268851 34.398592 -6.511397
141.221268 34.609219 -9.011967
141.071301 34.451560 -5.681896
141.268851 34.398592 -6.511397
>
140.766336 35.220492 -18.807391
140.649178 35.397895 -24.426515
140.556658 35.213915 -19.439569
140.766336 35.220492 -18.807391
>
141.179925 34.828357 -12.360861
141.272400 35.061388 -16.533042
141.087281 35.029161 -15.559859
141.179925 34.828357 -12.360861
>
141.087281 35.029161 -15.559859
141.272400 35.061388 -16.533042
141.183453 35.240795 -19.466094
141.087281 35.029161 -15.559859
>
140.804731 34.707282 -8.219576
140.652291 34.580889 -3.994510
140.875476 34.527380 -4.984876
140.804731 34.707282 -8.219576
>
140.873940 35.395704 -22.469488
141.076893 35.422184 -22.859264
140.955309 35.600413 -26.728075
140.873940 35.395704 -22.469488
>
140.955309 35.600413 -26.728075
140.752953 35.555562 -26.732621
140.873940 35.395704 -22.469488
140.955309 35.600413 -26.728075
>
140.873940 35.395704 -22.469488
140.752953 35.555562 -26.732621
140.649178 35.397895 -24.426515
140.873940 35.395704 -22.469488
>
140.649178 35.397895 -24.426515
140.766336 35.220492 -18.807391
140.873940 35.395704 -22.469488
140.649178 35.397895 -24.426515
>
140.335412 35.591431 -32.144317
140.456101 35.418982 -28.546543
140.559669 35.616251 -31.097170
140.335412 35.591431 -32.144317
>
140.559669 35.616251 -31.097170
140.411039 35.768744 -34.638934
140.335412 35.591431 -32.144317
140.559669 35.616251 -31.097170
>
140.456101 35.418982 -28.546543
140.649178 35.397895 -24.426515
140.559669 35.616251 -31.097170
140.456101 35.418982 -28.546543
>
140.649178 35.397895 -24.426515
140.752953 35.555562 -26.732621
140.559669 35.616251 -31.097170
140.649178 35.397895 -24.426515
>
140.608150 35.836355 -33.267200
140.411039 35.768744 -34.638934
140.559669 35.616251 -31.097170
140.608150 35.836355 -33.267200
>
140.559669 35.616251 -31.097170
140.770885 35.736729 -29.824679
140.608150 35.836355 -33.267200
140.559669 35.616251 -31.097170
>
140.559669 35.616251 -31.097170
140.752953 35.555562 -26.732621
140.770885 35.736729 -29.824679
140.559669 35.616251 -31.097170
>
140.450057 34.628626 -2.987217
140.370529 34.826708 -8.154945
140.236655 34.663095 -2.973290
140.450057 34.628626 -2.987217
>
138.878008 36.316862 -76.797459
139.013006 36.505397 -100.438450
138.819379 36.536287 -108.412271
138.878008 36.316862 -76.797459
>
138.878008 36.316862 -76.797459
139.074031 36.293360 -75.582975
139.013006 36.505397 -100.438450
138.878008 36.316862 -76.797459
>
138.819379 36.536287 -108.412271
138.684178 36.337610 -86.382545
138.878008 36.316862 -76.797459
138.819379 36.536287 -108.412271
>
138.878008 36.316862 -76.797459
138.684178 36.337610 -86.382545
138.749675 36.120795 -61.595676
138.878008 36.316862 -76.797459
>
139.563611 36.608733 -101.939463
139.635405 36.396541 -72.957992
139.767101 36.570900 -92.420269
139.563611 36.608733 -101.939463
>
139.421393 36.449605 -83.901642
139.635405 36.396541 -72.957992
139.563611 36.608733 -101.939463
139.421393 36.449605 -83.901642
>
139.563611 36.608733 -101.939463
139.353597 36.647779 -111.763891
139.421393 36.449605 -83.901642
139.563611 36.608733 -101.939463
>
139.276887 36.276892 -72.291385
139.074031 36.293360 -75.582975
139.133329 36.088339 -53.219677
139.276887 36.276892 -72.291385
>
139.133329 36.088339 -53.219677
139.330997 36.082883 -53.699118
139.276887 36.276892 -72.291385
139.133329 36.088339 -53.219677
>
139.011176 35.888981 -37.988659
138.905540 35.684376 -26.818286
139.111646 35.693267 -25.573092
139.011176 35.888981 -37.988659
>
139.111646 35.693267 -25.573092
138.905540 35.684376 -26.818286
139.023239 35.483189 -13.473570
139.111646 35.693267 -25.573092
>
139.023239 35.483189 -13.473570
139.248324 35.536104 -16.872501
139.111646 35.693267 -25.573092
139.023239 35.483189 -13.473570
>
139.473087 35.566221 -20.057398
139.248324 35.536104 -16.872501
139.418864 35.376806 -11.845827
139.473087 35.566221 -20.057398
>
139.473087 35.566221 -20.057398
139.418864 35.376806 -11.845827
139.618906 35.395614 -15.864819
139.473087 35.566221 -20.057398
>
139.907287 35.594755 -28.863267
139.779912 35.771626 -33.466228
139.692794 35.583181 -24.004853
139.907287 35.594755 -28.863267
>
139.618906 35.395614 -15.864819
139.826136 35.407898 -19.320517
139.692794 35.583181 -24.004853
139.618906 35.395614 -15.864819
>
139.826136 35.407898 -19.320517
139.907287 35.594755 -28.863267
139.692794 35.583181 -24.004853
139.826136 35.407898 -19.320517
>
139.692794 35.583181 -24.004853
139.779912 35.771626 -33.466228
139.563977 35.750574 -29.969879
139.692794 35.583181 -24.004853
>
139.692794 35.583181 -24.004853
139.473087 35.566221 -20.057398
139.618906 35.395614 -15.864819
139.692794 35.583181 -24.004853
>
139.563977 35.750574 -29.969879
139.473087 35.566221 -20.057398
139.692794 35.583181 -24.004853
139.563977 35.750574 -29.969879
>
139.756867 35.213468 -13.656147
139.966157 35.239109 -17.144360
139.826136 35.407898 -19.320517
139.756867 35.213468 -13.656147
>
139.756867 35.213468 -13.656147
139.826136 35.407898 -19.320517
139.618906 35.395614 -15.864819
139.756867 35.213468 -13.656147
>
139.618906 35.395614 -15.864819
139.582764 35.194347 -10.104601
139.756867 35.213468 -13.656147
139.618906 35.395614 -15.864819
>
139.756867 35.213468 -13.656147
139.582764 35.194347 -10.104601
139.713333 34.979010 -8.039223
139.756867 35.213468 -13.656147
>
141.179925 34.828357 -12.360861
141.221268 34.609219 -9.011967
141.389592 34.721233 -11.616395
141.179925 34.828357 -12.360861
>
141.389592 34.721233 -11.616395
141.359178 34.903302 -14.246051
141.179925 34.828357 -12.360861
141.389592 34.721233 -11.616395
>
141.389592 34.721233 -11.616395
141.221268 34.609219 -9.011967
141.431592 34.535356 -9.315503
141.389592 34.721233 -11.616395
>
141.431592 34.535356 -9.315503
141.605359 34.668007 -12.165481
141.389592 34.721233 -11.616395
141.431592 34.535356 -9.315503
>
141.389592 34.721233 -11.616395
141.605359 34.668007 -12.165481
141.561056 34.859458 -14.378034
141.389592 34.721233 -11.616395
>
141.561056 34.859458 -14.378034
141.359178 34.903302 -14.246051
141.389592 34.721233 -11.616395
141.561056 34.859458 -14.378034
>
141.027542 34.666053 -8.824105
140.804731 34.707282 -8.219576
140.875476 34.527380 -4.984876
141.027542 34.666053 -8.824105
>
141.027542 34.666053 -8.824105
141.221268 34.609219 -9.011967
141.179925 34.828357 -12.360861
141.027542 34.666053 -8.824105
>
140.875476 34.527380 -4.984876
141.071301 34.451560 -5.681896
141.027542 34.666053 -8.824105
140.875476 34.527380 -4.984876
>
141.027542 34.666053 -8.824105
141.071301 34.451560 -5.681896
141.221268 34.609219 -9.011967
141.027542 34.666053 -8.824105
>
140.659600 35.033840 -14.769386
140.766336 35.220492 -18.807391
140.556658 35.213915 -19.439569
140.659600 35.033840 -14.769386
>
140.880026 35.050062 -15.542628
140.766336 35.220492 -18.807391
140.659600 35.033840 -14.769386
140.880026 35.050062 -15.542628
>
140.986446 35.222129 -18.939072
140.766336 35.220492 -18.807391
140.880026 35.050062 -15.542628
140.986446 35.222129 -18.939072
>
140.986446 35.222129 -18.939072
140.873940 35.395704 -22.469488
140.766336 35.220492 -18.807391
140.986446 35.222129 -18.939072
>
140.986446 35.222129 -18.939072
141.087281 35.029161 -15.559859
141.183453 35.240795 -19.466094
140.986446 35.222129 -18.939072
>
140.880026 35.050062 -15.542628
141.087281 35.029161 -15.559859
140.986446 35.222129 -18.939072
140.880026 35.050062 -15.542628
>
141.183453 35.240795 -19.466094
141.076893 35.422184 -22.859264
140.986446 35.222129 -18.939072
141.183453 35.240795 -19.466094
>
141.076893 35.422184 -22.859264
140.873940 35.395704 -22.469488
140.986446 35.222129 -18.939072
141.076893 35.422184 -22.859264
>
140.370529 34.826708 -8.154945
140.450057 34.628626 -2.987217
140.583299 34.800886 -8.761931
140.370529 34.826708 -8.154945
>
140.652291 34.580889 -3.994510
140.804731 34.707282 -8.219576
140.583299 34.800886 -8.761931
140.652291 34.580889 -3.994510
>
140.583299 34.800886 -8.761931
140.450057 34.628626 -2.987217
140.652291 34.580889 -3.994510
140.583299 34.800886 -8.761931
>
139.011176 35.888981 -37.988659
139.133329 36.088339 -53.219677
138.939760 36.099595 -54.867976
139.011176 35.888981 -37.988659
>
138.749675 36.120795 -61.595676
138.811696 35.902107 -44.122109
138.939760 36.099595 -54.867976
138.749675 36.120795 -61.595676
>
138.939760 36.099595 -54.867976
138.811696 35.902107 -44.122109
139.011176 35.888981 -37.988659
138.939760 36.099595 -54.867976
>
138.939760 36.099595 -54.867976
138.878008 36.316862 -76.797459
138.749675 36.120795 -61.595676
138.939760 36.099595 -54.867976
>
139.074031 36.293360 -75.582975
138.878008 36.316862 -76.797459
138.939760 36.099595 -54.867976
139.074031 36.293360 -75.582975
>
138.939760 36.099595 -54.867976
139.133329 36.088339 -53.219677
139.074031 36.293360 -75.582975
138.939760 36.099595 -54.867976
>
139.563977 35.750574 -29.969879
139.779912 35.771626 -33.466228
139.660006 35.942568 -41.795478
139.563977 35.750574 -29.969879
>
139.660006 35.942568 -41.795478
139.779912 35.771626 -33.466228
139.852147 35.976818 -42.288780
139.660006 35.942568 -41.795478
>
139.276887 36.276892 -72.291385
139.330997 36.082883 -53.699118
139.488010 36.257487 -65.271937
139.276887 36.276892 -72.291385
>
139.330997 36.082883 -53.699118
139.532728 36.076942 -52.021242
139.488010 36.257487 -65.271937
139.330997 36.082883 -53.699118
>
139.488010 36.257487 -65.271937
139.421393 36.449605 -83.901642
139.276887 36.276892 -72.291385
139.488010 36.257487 -65.271937
>
139.488010 36.257487 -65.271937
139.635405 36.396541 -72.957992
139.421393 36.449605 -83.901642
139.488010 36.257487 -65.271937
>
139.334311 35.720101 -26.787429
139.111646 35.693267 -25.573092
139.248324 35.536104 -16.872501
139.334311 35.720101 -26.787429
>
139.248324 35.536104 -16.872501
139.473087 35.566221 -20.057398
139.334311 35.720101 -26.787429
139.248324 35.536104 -16.872501
>
139.334311 35.720101 -26.787429
139.473087 35.566221 -20.057398
139.563977 35.750574 -29.969879
139.334311 35.720101 -26.787429
>
139.879199 35.062974 -12.087582
139.756867 35.213468 -13.656147
139.713333 34.979010 -8.039223
139.879199 35.062974 -12.087582
>
139.966157 35.239109 -17.144360
139.756867 35.213468 -13.656147
139.879199 35.062974 -12.087582
139.966157 35.239109 -17.144360
>
139.713333 34.979010 -8.039223
139.935207 34.883106 -7.484934
139.879199 35.062974 -12.087582
139.713333 34.979010 -8.039223
>
139.879199 35.062974 -12.087582
139.935207 34.883106 -7.484934
140.078455 35.044665 -12.881785
139.879199 35.062974 -12.087582
>
140.078455 35.044665 -12.881785
139.966157 35.239109 -17.144360
139.879199 35.062974 -12.087582
140.078455 35.044665 -12.881785
>
140.804731 34.707282 -8.219576
141.027542 34.666053 -8.824105
140.971484 34.856023 -12.057821
140.804731 34.707282 -8.219576
>
140.971484 34.856023 -12.057821
141.087281 35.029161 -15.559859
140.880026 35.050062 -15.542628
140.971484 34.856023 -12.057821
>
141.179925 34.828357 -12.360861
141.087281 35.029161 -15.559859
140.971484 34.856023 -12.057821
141.179925 34.828357 -12.360861
>
140.971484 34.856023 -12.057821
141.027542 34.666053 -8.824105
141.179925 34.828357 -12.360861
140.971484 34.856023 -12.057821
>
140.279786 35.028488 -13.545519
140.370529 34.826708 -8.154945
140.475360 35.005223 -13.631014
140.279786 35.028488 -13.545519
>
140.475360 35.005223 -13.631014
140.659600 35.033840 -14.769386
140.556658 35.213915 -19.439569
140.475360 35.005223 -13.631014
>
140.370529 34.826708 -8.154945
140.583299 34.800886 -8.761931
140.475360 35.005223 -13.631014
140.370529 34.826708 -8.154945
>
140.475360 35.005223 -13.631014
140.583299 34.800886 -8.761931
140.659600 35.033840 -14.769386
140.475360 35.005223 -13.631014
>
140.556658 35.213915 -19.439569
140.369336 35.216775 -19.493029
140.475360 35.005223 -13.631014
140.556658 35.213915 -19.439569
>
140.475360 35.005223 -13.631014
140.369336 35.216775 -19.493029
140.279786 35.028488 -13.545519
140.475360 35.005223 -13.631014
>
140.764503 34.883453 -11.749332
140.583299 34.800886 -8.761931
140.804731 34.707282 -8.219576
140.764503 34.883453 -11.749332
>
140.659600 35.033840 -14.769386
140.583299 34.800886 -8.761931
140.764503 34.883453 -11.749332
140.659600 35.033840 -14.769386
>
140.880026 35.050062 -15.542628
140.659600 35.033840 -14.769386
140.764503 34.883453 -11.749332
140.880026 35.050062 -15.542628
>
140.764503 34.883453 -11.749332
140.971484 34.856023 -12.057821
140.880026 35.050062 -15.542628
140.764503 34.883453 -11.749332
>
140.804731 34.707282 -8.219576
140.971484 34.856023 -12.057821
140.764503 34.883453 -11.749332
140.804731 34.707282 -8.219576
>
139.532728 36.076942 -52.021242
139.660006 35.942568 -41.795478
139.708150 36.175445 -54.845130
139.532728 36.076942 -52.021242
>
139.708150 36.175445 -54.845130
139.909683 36.162085 -50.609279
139.833515 36.360361 -66.215252
139.708150 36.175445 -54.845130
>
139.852147 35.976818 -42.288780
139.909683 36.162085 -50.609279
139.708150 36.175445 -54.845130
139.852147 35.976818 -42.288780
>
139.708150 36.175445 -54.845130
139.660006 35.942568 -41.795478
139.852147 35.976818 -42.288780
139.708150 36.175445 -54.845130
>
139.833515 36.360361 -66.215252
139.635405 36.396541 -72.957992
139.708150 36.175445 -54.845130
139.833515 36.360361 -66.215252
>
139.635405 36.396541 -72.957992
139.488010 36.257487 -65.271937
139.708150 36.175445 -54.845130
139.635405 36.396541 -72.957992
>
139.708150 36.175445 -54.845130
139.488010 36.257487 -65.271937
139.532728 36.076942 -52.021242
139.708150 36.175445 -54.845130
>
139.432258 35.899261 -38.638497
139.334311 35.720101 -26.787429
139.563977 35.750574 -29.969879
139.432258 35.899261 -38.638497
>
139.563977 35.750574 -29.969879
139.660006 35.942568 -41.795478
139.432258 35.899261 -38.638497
139.563977 35.750574 -29.969879
>
139.432258 35.899261 -38.638497
139.660006 35.942568 -41.795478
139.532728 36.076942 -52.021242
139.432258 35.899261 -38.638497
>
139.432258 35.899261 -38.638497
139.532728 36.076942 -52.021242
139.330997 36.082883 -53.699118
139.432258 35.899261 -38.638497
>
139.011176 35.888981 -37.988659
139.111646 35.693267 -25.573092
139.215891 35.891362 -36.998678
139.011176 35.888981 -37.988659
>
139.111646 35.693267 -25.573092
139.334311 35.720101 -26.787429
139.215891 35.891362 -36.998678
139.111646 35.693267 -25.573092
>
139.215891 35.891362 -36.998678
139.133329 36.088339 -53.219677
139.011176 35.888981 -37.988659
139.215891 35.891362 -36.998678
>
139.334311 35.720101 -26.787429
139.432258 35.899261 -38.638497
139.215891 35.891362 -36.998678
139.334311 35.720101 -26.787429
>
139.330997 36.082883 -53.699118
139.133329 36.088339 -53.219677
139.215891 35.891362 -36.998678
139.330997 36.082883 -53.699118
>
139.215891 35.891362 -36.998678
139.432258 35.899261 -38.638497
139.330997 36.082883 -53.699118
139.215891 35.891362 -36.998678
