138.642 35.106 0
138.642 35.1 0
138.643 35.092 0
138.643 35.084 0
138.643 35.078 0
138.644 35.072 0
138.644 35.067 0
138.645 35.061 0
138.645 35.055 0
138.646 35.047 0
138.646 35.042 0
138.647 35.033 0
138.647 35.027 0
138.648 35.018 0
138.648 35.013 0
138.647 35.006 0
138.647 35.001 0
138.648 34.996 0
138.648 34.991 0
138.648 34.983 0
138.647 34.975 0
138.647 34.966 0
138.646 34.958 0
138.646 34.951 0
138.643 34.942 0
138.641 34.934 0
138.639 34.924 0
138.64 34.916 0
138.64 34.908 0
138.639 34.902 0
138.639 34.895 0
138.638 34.888 0
138.639 34.88 0
138.638 34.872 0
138.634 34.864 0
138.631 34.857 0
138.628 34.851 0
138.625 34.845 0
138.623 34.838 0
138.622 34.833 0
138.622 34.828 0
138.622 34.823 0
138.621 34.816 0
138.622 34.809 0
138.623 34.803 0
138.623 34.795 0
138.622 34.791 0
138.621 34.781 0
138.618 34.774 0
138.615 34.768 0
138.611 34.762 0
138.606 34.754 0
138.603 34.747 0
138.598 34.739 0
138.594 34.732 0
138.591 34.724 0
138.589 34.716 0
138.588 34.707 0
138.588 34.698 0
138.588 34.69 0
138.587 34.681 0
138.587 34.673 0
138.587 34.663 0
138.588 34.656 0
138.587 34.645 0
138.587 34.634 0
138.586 34.626 0
138.587 34.614 0
138.586 34.604 0
138.585 34.594 0
138.581 34.586 0
138.579 34.576 0
138.578 34.565 0
138.576 34.553 0
138.575 34.541 0
138.574 34.528 0
138.573 34.513 0
138.57 34.497 0
138.571 34.48 0
138.566 34.464 0
138.565 34.451 0
138.562 34.439 0
138.557 34.425 0
138.552 34.412 0
138.546 34.405 0
138.539 34.393 0
138.53 34.384 0
138.521 34.378 0
138.512 34.367 0
138.503 34.358 0
138.497 34.346 0
138.489 34.334 0
138.485 34.322 0
138.483 34.313 0
138.483 34.301 0
138.483 34.291 0
138.485 34.281 0
138.488 34.272 0
138.49 34.263 0
138.49 34.253 0
138.493 34.242 0
138.494 34.229 0
138.494 34.217 0
138.494 34.206 0
138.494 34.192 0
138.494 34.184 0
138.495 34.172 0
138.494 34.16 0
138.493 34.145 0
138.49 34.128 0
138.489 34.113 0
138.486 34.095 0
138.483 34.082 0
138.478 34.068 0
138.475 34.056 0
138.468 34.04 0
138.46 34.026 0
138.453 34.016 0
138.448 34.008 0
138.443 34.002 0
138.438 33.994 0
138.432 33.988 0
138.426 33.982 0
138.42 33.976 0
138.413 33.969 0
138.404 33.959 0
138.393 33.95 0
138.384 33.941 0
138.375 33.934 0
138.368 33.927 0
138.359 33.921 0
138.353 33.915 0
138.344 33.907 0
138.337 33.902 0
138.328 33.896 0
138.319 33.889 0
138.31 33.883 0
138.301 33.877 0
138.293 33.871 0
138.285 33.867 0
138.279 33.861 0
138.27 33.856 0
138.262 33.849 0
138.252 33.843 0
138.244 33.836 0
138.235 33.83 0
138.228 33.825 0
138.218 33.82 0
138.209 33.814 0
138.199 33.808 0
138.19 33.804 0
138.18 33.798 0
138.171 33.795 0
138.161 33.788 0
138.153 33.783 0
138.142 33.776 0
138.132 33.768 0
138.122 33.761 0
138.114 33.753 0
138.108 33.746 0
138.1 33.735 0
138.09 33.724 0
138.082 33.714 0
138.074 33.706 0
138.065 33.695 0
138.058 33.687 0
138.052 33.681 0
138.044 33.673 0
138.038 33.667 0
138.032 33.661 0
138.026 33.655 0
138.016 33.648 0
138.01 33.644 0
138.004 33.639 0
138.001 33.636 0
137.996 33.632 0
137.986 33.626 0
137.978 33.62 0
137.966 33.61 0
137.958 33.606 0
137.946 33.599 0
137.936 33.593 0
137.926 33.586 0
137.917 33.579 0
137.906 33.57 0
137.899 33.565 0
137.887 33.559 0
137.875 33.551 0
137.863 33.544 0
137.849 33.531 0
137.841 33.521 0
137.836 33.512 0
137.831 33.503 0
137.827 33.493 0
137.823 33.484 0
137.82 33.478 0
137.815 33.469 0
137.812 33.46 0
137.809 33.452 0
137.802 33.443 0
137.795 33.434 0
137.788 33.428 0
137.78 33.42 0
137.771 33.414 0
137.756 33.406 0
137.744 33.402 0
137.734 33.4 0
137.722 33.398 0
137.709 33.394 0
137.7 33.391 0
137.687 33.391 0
137.673 33.389 0
137.663 33.388 0
137.652 33.385 0
137.636 33.381 0
137.621 33.375 0
137.612 33.37 0
137.603 33.364 0
137.595 33.358 0
137.583 33.349 0
137.574 33.339 0
137.568 33.33 0
137.561 33.32 0
137.552 33.311 0
137.543 33.304 0
137.529 33.299 0
137.519 33.298 0
137.505 33.295 0
137.491 33.293 0
137.476 33.29 0
137.463 33.287 0
137.447 33.282 0
137.432 33.275 0
137.42 33.269 0
137.411 33.265 0
137.399 33.258 0
137.387 33.249 0
137.372 33.241 0
137.355 33.235 0
137.341 33.234 0
137.327 33.236 0
137.31 33.232 0
137.292 33.225 0
137.28 33.217 0
137.268 33.211 0
137.255 33.207 0
137.241 33.204 0
137.23 33.2 0
137.217 33.199 0
137.207 33.197 0
137.199 33.195 0
137.193 33.194 0
137.187 33.189 0
137.181 33.183 0
137.175 33.176 0
137.169 33.168 0
137.169 33.168 0
137.162 33.162 0
137.156 33.155 0
137.151 33.148 0
137.146 33.138 0
137.139 33.13 0
137.13 33.116 0
137.125 33.106 0
137.118 33.098 0
137.113 33.091 0
137.104 33.081 0
137.095 33.074 0
137.085 33.067 0
137.074 33.063 0
137.06 33.057 0
137.05 33.055 0
137.041 33.053 0
137.031 33.052 0
137.02 33.051 0
137.01 33.049 0
137.004 33.047 0
137 33.047 0
136.984 33.042 0
136.971 33.037 0
136.96 33.031 0
136.949 33.026 0
136.939 33.022 0
136.925 33.017 0
136.91 33.014 0
136.899 33.01 0
136.888 33.008 0
136.875 33.005 0
136.864 33.001 0
136.858 33.001 0
136.845 32.993 0
136.832 32.986 0
136.82 32.979 0
136.808 32.972 0
136.796 32.965 0
136.788 32.96 0
136.779 32.954 0
136.769 32.948 0
136.757 32.941 0
136.744 32.934 0
136.732 32.928 0
136.719 32.921 0
136.705 32.915 0
136.69 32.908 0
136.676 32.902 0
136.658 32.894 0
136.641 32.887 0
136.621 32.879 0
136.601 32.871 0
136.585 32.864 0
136.57 32.859 0
136.555 32.851 0
136.526 32.842 0
136.503 32.833 0
136.483 32.825 0
136.462 32.818 0
136.439 32.81 0
136.414 32.804 0
136.398 32.803 0
136.382 32.806 0
136.366 32.808 0
136.345 32.808 0
136.329 32.807 0
136.311 32.806 0
136.287 32.801 0
136.263 32.795 0
136.246 32.792 0
136.235 32.79 0
136.227 32.787 0
136.217 32.781 0
136.211 32.773 0
136.202 32.763 0
136.193 32.756 0
136.181 32.748 0
136.164 32.743 0
136.149 32.741 0
136.138 32.742 0
136.123 32.742 0
136.105 32.742 0
136.092 32.74 0
136.075 32.736 0
136.064 32.732 0
136.053 32.73 0
136.043 32.725 0
136.034 32.721 0
136.023 32.717 0
136.013 32.714 0
136.005 32.711 0
135.995 32.708 0
135.981 32.705 0
135.966 32.701 0
135.953 32.697 0
135.94 32.692 0
135.927 32.689 0
135.911 32.686 0
135.901 32.684 0
135.89 32.684 0
135.879 32.686 0
135.866 32.688 0
135.852 32.691 0
135.84 32.694 0
135.827 32.694 0
135.816 32.694 0
135.802 32.692 0
135.789 32.689 0
135.773 32.683 0
135.761 32.68 0
135.751 32.675 0
135.739 32.67 0
135.726 32.666 0
135.714 32.66 0
135.702 32.657 0
135.686 32.653 0
135.669 32.652 0
135.647 32.65 0
135.625 32.649 0
135.599 32.647 0
135.578 32.646 0
135.557 32.645 0
135.539 32.645 0
135.509 32.647 0
135.484 32.647 0
135.464 32.647 0
135.447 32.649 0
135.431 32.647 0
135.417 32.644 0
135.41 32.642 0
135.406 32.639 0
135.398 32.635 0
135.389 32.63 0
135.381 32.626 0
135.369 32.623 0
135.357 32.621 0
135.345 32.624 0
135.337 32.628 0
135.324 32.633 0
135.314 32.637 0
135.301 32.64 0
135.293 32.64 0
135.282 32.638 0
135.275 32.636 0
135.267 32.632 0
135.257 32.628 0
135.249 32.625 0
135.236 32.622 0
135.222 32.622 0
135.211 32.623 0
135.199 32.624 0
135.186 32.627 0
135.182 32.628 0
135.171 32.629 0
135.159 32.629 0
135.15 32.625 0
135.144 32.619 0
135.139 32.614 0
135.133 32.606 0
135.127 32.597 0
135.12 32.591 0
135.114 32.583 0
135.109 32.58 0
135.106 32.577 0
135.097 32.574 0
135.09 32.571 0
135.079 32.568 0
135.069 32.563 0
135.054 32.559 0
135.042 32.557 0
135.033 32.555 0
135.022 32.553 0
135.011 32.551 0
135.003 32.547 0
134.999 32.543 0
134.99 32.54 0
134.983 32.534 0
134.978 32.528 0
134.974 32.521 0
134.972 32.515 0
134.97 32.508 0
134.969 32.499 0
134.97 32.492 0
134.972 32.487 0
134.975 32.48 0
134.98 32.472 0
134.983 32.463 0
134.985 32.456 0
134.985 32.447 0
134.98 32.438 0
134.976 32.431 0
134.972 32.424 0
134.967 32.416 0
134.96 32.409 0
134.955 32.403 0
134.948 32.395 0
134.939 32.387 0
134.933 32.381 0
134.924 32.375 0
134.914 32.369 0
134.905 32.363 0
134.891 32.356 0
134.878 32.344 0
134.866 32.337 0
134.853 32.327 0
134.841 32.318 0
134.828 32.307 0
134.818 32.299 0
134.805 32.291 0
134.785 32.283 0
134.769 32.279 0
134.756 32.276 0
134.743 32.273 0
134.726 32.27 0
134.703 32.266 0
134.69 32.264 0
134.681 32.26 0
134.677 32.256 0
134.669 32.25 0
134.66 32.243 0
134.65 32.238 0
134.64 32.232 0
134.633 32.224 0
134.628 32.217 0
134.622 32.211 0
134.617 32.206 0
134.611 32.202 0
134.603 32.201 0
134.592 32.199 0
134.579 32.197 0
134.572 32.196 0
134.56 32.191 0
134.546 32.188 0
134.539 32.186 0
134.528 32.181 0
134.515 32.178 0
134.502 32.171 0
134.493 32.166 0
134.482 32.163 0
134.467 32.161 0
134.452 32.158 0
134.439 32.156 0
134.428 32.152 0
134.417 32.147 0
134.405 32.141 0
134.39 32.131 0
134.382 32.121 0
134.372 32.114 0
134.362 32.106 0
134.352 32.1 0
134.345 32.096 0
134.337 32.093 0
134.328 32.093 0
134.32 32.093 0
134.309 32.089 0
134.309 32.089 0
134.299 32.083 0
134.287 32.074 0
134.277 32.066 0
134.269 32.057 0
134.264 32.051 0
134.259 32.041 0
134.256 32.034 0
134.253 32.028 0
134.246 32.019 0
134.24 32.012 0
134.234 32.008 0
134.231 32.002 0
134.226 31.995 0
134.22 31.99 0
134.213 31.984 0
134.206 31.978 0
134.198 31.971 0
134.189 31.965 0
134.177 31.96 0
134.167 31.955 0
134.159 31.951 0
134.148 31.946 0
134.138 31.941 0
134.127 31.936 0
134.118 31.933 0
134.105 31.928 0
134.095 31.923 0
134.082 31.918 0
134.072 31.912 0
134.06 31.907 0
134.046 31.899 0
134.036 31.894 0
134.026 31.888 0
134.017 31.884 0
134.005 31.879 0
133.99 31.869 0
133.981 31.864 0
133.964 31.859 0
133.947 31.852 0
133.932 31.847 0
133.916 31.84 0
133.902 31.833 0
133.89 31.826 0
133.878 31.819 0
133.863 31.81 0
133.846 31.799 0
133.83 31.789 0
133.819 31.783 0
133.803 31.776 0
133.787 31.768 0
133.77 31.76 0
133.752 31.751 0
133.733 31.74 0
133.713 31.73 0
133.697 31.721 0
133.681 31.713 0
133.669 31.704 0
133.656 31.698 0
133.644 31.691 0
133.632 31.689 0
133.618 31.687 0
133.61 31.682 0
133.601 31.676 0
133.588 31.665 0
133.578 31.657 0
133.574 31.651 0
133.568 31.641 0
133.561 31.636 0
133.552 31.632 0
133.542 31.631 0
133.529 31.632 0
133.519 31.631 0
133.513 31.629 0
133.506 31.625 0
133.498 31.619 0
133.493 31.611 0
133.493 31.605 0
133.484 31.6 0
133.473 31.593 0
133.46 31.586 0
133.446 31.581 0
133.434 31.576 0
133.424 31.57 0
133.414 31.563 0
133.402 31.557 0
133.387 31.554 0
133.375 31.55 0
133.362 31.543 0
133.352 31.537 0
133.34 31.529 0
133.33 31.523 0
133.32 31.515 0
133.313 31.51 0
133.309 31.502 0
133.303 31.492 0
133.3 31.482 0
133.296 31.471 0
133.294 31.458 0
133.291 31.446 0
133.288 31.432 0
133.284 31.417 0
133.281 31.405 0
133.275 31.396 0
133.27 31.387 0
133.27 31.38 0
133.272 31.371 0
133.274 31.362 0
133.27 31.35 0
133.266 31.337 0
133.262 31.325 0
133.264 31.315 0
133.263 31.304 0
133.256 31.289 0
133.253 31.279 0
133.249 31.271 0
133.24 31.261 0
133.231 31.249 0
133.219 31.234 0
133.21 31.22 0
133.199 31.204 0
133.19 31.19 0
133.174 31.177 0
133.161 31.173 0
133.147 31.168 0
133.135 31.162 0
133.124 31.155 0
133.109 31.149 0
133.1 31.145 0
133.091 31.137 0
133.078 31.128 0
133.065 31.12 0
133.049 31.113 0
133.036 31.104 0
133.029 31.093 0
133.023 31.08 0
133.014 31.069 0
133.002 31.062 0
132.988 31.056 0
132.974 31.046 0
132.961 31.042 0
132.946 31.04 0
132.929 31.041 0
132.91 31.039 0
132.899 31.036 0
132.888 31.032 0
132.871 31.027 0
132.858 31.02 0
132.849 31.014 0
132.838 31.007 0
132.83 31 0
132.823 30.986 0
132.818 30.98 0
132.814 30.973 0
132.81 30.964 0
132.805 30.949 0
132.802 30.937 0
132.799 30.926 0
132.796 30.915 0
132.793 30.904 0
132.787 30.893 0
132.78 30.882 0
132.774 30.875 0
132.765 30.868 0
132.758 30.865 0
132.749 30.861 0
132.743 30.854 0
132.738 30.848 0
132.735 30.836 0
132.738 30.823 0
132.742 30.811 0
132.746 30.8 0
132.747 30.786 0
132.747 30.777 0
132.742 30.763 0
132.738 30.754 0
132.729 30.743 0
132.721 30.737 0
132.712 30.724 0
132.703 30.708 0
132.695 30.692 0
132.689 30.677 0
132.683 30.661 0
132.679 30.648 0
132.675 30.634 0
132.67 30.618 0
132.667 30.595 0
132.663 30.579 0
132.659 30.555 0
132.659 30.536 0
132.657 30.515 0
132.655 30.494 0
132.653 30.478 0
132.654 30.457 0
132.652 30.444 0
132.651 30.426 0
132.648 30.413 0
132.646 30.399 0
132.646 30.384 0
132.646 30.369 0
132.646 30.361 0
132.645 30.349 0
132.644 30.331 0
132.643 30.32 0
132.641 30.309 0
132.638 30.298 0
132.634 30.287 0
132.628 30.275 0
132.621 30.264 0
132.611 30.254 0
132.604 30.246 0
132.595 30.238 0
132.579 30.228 0
132.565 30.224 0
132.551 30.221 0
132.533 30.219 0
132.515 30.221 0
132.497 30.224 0
132.478 30.23 0
132.465 30.23 0
132.451 30.229 0
132.439 30.225 0
132.424 30.217 0
132.415 30.211 0
132.407 30.2 0
132.397 30.187 0
132.386 30.168 0
132.378 30.154 0
132.371 30.142 0
132.361 30.129 0
132.351 30.119 0
132.336 30.11 0
132.32 30.101 0
132.303 30.092 0
132.29 30.085 0
132.276 30.079 0
132.263 30.073 0
132.245 30.067 0
132.225 30.059 0
132.204 30.047 0
132.193 30.035 0
132.184 30.021 0
132.178 30.01 0
132.176 30.00 0
130.775 31.12 -60
130.9 31.4 -60
130.95 31.5 -60
131.2 31.7 -50
131.3 32.0 -50
131.4 32.3 -50
131.45 32.4 -50
131.6 32.6 -50
131.7 32.8 -50
131.73 32.9 -50
131.9 33.25 -50
132.0 33.5 -50
132.05 33.7 -50
132.06 33.9 -50
133.0 34.55 -50
133.1 34.55 -50
133.2 34.535 -50
133.3 34.51 -50
133.4 34.5 -50
133.5 34.5 -50
133.6 34.5 -50
133.7 34.55 -50
133.8 34.58 -50
133.9 34.63 -50
134.0 34.65 -50
134.1 34.68 -50
134.2 34.685 -50
134.3 34.695 -50
134.4 34.69 -50
134.5 34.68 -50
134.6 34.65 -50
134.7 34.62 -50
134.85 34.55 -50
134.9 34.52 -50
134.97 34.45 -50
135.025 34.4 -50
135.1 34.32 -50
135.2 34.34 -60
135.3 34.325 -60
135.4 34.35 -60
135.5 34.38 -60
135.6 34.45 -60
135.64 34.5 -60
135.65 34.65 -60
135.75 34.7 -50
135.77 34.8 -50
135.8 34.9 -50
135.87 35.0 -50
135.95 35.1 -50
135.96 35.2 -50
135.97 35.3 -50
136.45 36.2 -90
136.7 36.1 -90
137.0 36.0 -90
137.2 35.9 -90
137.5 35.835 -90
137.6 35.83 -90
137.7 35.845 -90
137.8 35.86 -90
137.9 35.89 -90
138.1 35.975 -90
138.3 36.07 -90
138.4 36.14 -90
138.51 36.24 -90
138.55 36.175 -80
138.642 35.106 0