 254.86  18.69   -5.42
 254.93  18.64   -5.45
 255.01  18.58   -5.55
 255.09  18.52   -5.62
 255.17  18.45   -5.50
 255.25  18.39   -5.53
 255.33  18.34   -5.65
 255.42  18.30   -5.84
 255.50  18.26   -5.96
 255.59  18.21   -5.97
 255.67  18.18   -5.95
 255.76  18.15   -5.87
 255.86  18.11   -5.68
 255.94  18.07   -5.49
 256.02  18.02   -5.27
 256.11  17.97   -5.12
 256.19  17.93   -5.13
 256.28  17.89   -5.28
 256.35  17.85   -5.38
 256.43  17.80   -5.50
 256.52  17.76   -5.71
 256.59  17.72   -5.78
 256.68  17.68   -5.85
 256.76  17.64   -5.79
 256.84  17.60   -5.65
 256.93  17.56   -5.48
 257.03  17.52   -5.32
 257.11  17.48   -5.07
 257.21  17.44   -4.95
 257.29  17.40   -4.85
 257.37  17.37   -4.89
 257.47  17.33   -4.99
 257.57  17.28   -5.07
 257.66  17.25   -5.22
 257.75  17.22   -5.32
 257.84  17.19   -5.36
 257.93  17.16   -5.36
 258.01  17.12   -5.19
 258.11  17.09   -5.15
 258.20  17.06   -5.07
 258.29  17.03   -5.04
 258.38  16.99   -4.94
 258.48  16.94   -4.93
 258.56  16.90   -5.02
 258.65  16.86   -5.20
 258.75  16.81   -5.35
 258.84  16.77   -5.49
 258.92  16.73   -5.56
 259.01  16.69   -5.66
 259.09  16.66   -5.81
 259.18  16.62   -5.89
 259.29  16.58   -5.98
 259.37  16.55   -5.95
 259.44  16.52   -5.81
 259.55  16.48   -5.60
 259.66  16.45   -5.42
 259.76  16.42   -5.25
 259.87  16.39   -5.19
 259.97  16.36   -5.26
 260.07  16.33   -5.46
 260.17  16.31   -5.71
 260.28  16.26   -5.86
 260.38  16.22   -5.97
 260.46  16.18   -5.98
 260.56  16.14   -6.05
 260.65  16.09   -5.95
 260.75  16.04   -5.82
 260.86  15.98   -5.54
 260.96  15.93   -5.41
 261.05  15.89   -5.42
 261.13  15.87   -5.60
 261.21  15.84   -5.74
 261.30  15.81   -5.92
 261.40  15.77   -6.06
 261.51  15.74   -6.22
 261.59  15.72   -6.28
 261.67  15.69   -6.22
 261.76  15.66   -6.13
 261.86  15.63   -6.02
 261.95  15.61   -5.97
 262.04  15.58   -5.84
 262.13  15.56   -5.81
 262.23  15.53   -5.70
 262.32  15.50   -5.55
 262.41  15.48   -5.51
 262.50  15.45   -5.37
 262.60  15.42   -5.25
 262.68  15.39   -5.11
 262.77  15.36   -4.97
 262.85  15.36   -5.00
 262.94  15.36   -5.03
 263.03  15.36   -5.06
 263.13  15.36   -5.08
 263.23  15.36   -5.08
 263.31  15.36   -5.08
 263.39  15.36   -5.09
 263.48  15.36   -5.13
 263.55  15.36   -5.17
 263.63  15.36   -5.19
 263.66  15.36   -5.19
 263.75  15.36   -5.23
 263.84  15.35   -5.24
 263.94  15.33   -5.31
 264.01  15.32   -5.48
 264.11  15.30   -5.76
 264.18  15.28   -5.94
 264.27  15.24   -6.12
 264.35  15.19   -6.21
 264.43  15.15   -6.38
 264.51  15.10   -6.48
 264.60  15.05   -6.58
 264.68  15.01   -6.64
 264.75  14.97   -6.63
 264.83  14.92   -6.64
 264.91  14.87   -6.76
 264.99  14.81   -6.95
 265.07  14.74   -7.15
 265.14  14.69   -7.31
 265.22  14.64   -7.39
 265.30  14.59   -7.33
 265.38  14.53   -7.06
 265.48  14.47   -6.84
 265.55  14.43   -6.82
 265.64  14.38   -6.88
 265.73  14.33   -6.99
 265.82  14.29   -7.17
 265.91  14.24   -7.30
 265.99  14.20   -7.42
 266.08  14.15   -7.44
 266.16  14.11   -7.38
 266.25  14.06   -7.17
 266.34  14.02   -7.00
 266.41  13.97   -6.71
 266.50  13.92   -6.59
 266.58  13.86   -6.47
 266.68  13.80   -6.44
 266.76  13.78   -6.54
 266.85  13.76   -6.71
 266.95  13.74   -6.99
 267.04  13.72   -7.34
 267.11  13.68   -7.47
 267.20  13.62   -7.49
 267.28  13.58   -7.52
 267.36  13.52   -7.23
 267.44  13.46   -6.87
 267.96  13.26   -6.75
 268.04  13.21   -6.86
 268.31  13.06   -6.67
 268.46  12.97   -6.19
 268.61  12.88   -6.23
 268.78  12.78   -6.58
 269.08  12.60   -6.31
 269.18  12.58   -6.29
 269.27  12.57   -6.32
 269.37  12.57   -6.47
 269.47  12.56   -6.50
 269.57  12.55   -6.49
 269.66  12.55   -6.56
 269.75  12.53   -6.30
 269.83  12.50   -5.87
 269.92  12.46   -5.39
 270.01  12.43   -5.22
 270.10  12.40   -5.17
 270.18  12.37   -5.15
 270.27  12.34   -5.26
 270.36  12.30   -5.41
 270.44  12.27   -5.63
 270.53  12.23   -5.90
 270.62  12.20   -6.16
 270.70  12.16   -6.23
 270.79  12.12   -6.22
 270.87  12.09   -6.18
 270.96  12.05   -6.04
 271.05  12.01   -5.87
 271.13  11.98   -5.77
 271.22  11.93   -5.54
 271.31  11.89   -5.56
 271.40  11.84   -5.64
 271.47  11.80   -5.80
 271.56  11.76   -6.11
 271.64  11.72   -6.31
 271.72  11.67   -6.37
 271.80  11.62   -6.33
 271.87  11.56   -6.08
 271.95  11.51   -5.88
 272.02  11.46   -5.66
 272.10  11.41   -5.55
 272.17  11.35   -5.39
 272.25  11.30   -5.39
 272.33  11.24   -5.41
 272.40  11.20   -5.55
 272.47  11.14   -5.67
 272.54  11.09   -5.86
 272.60  11.02   -5.78
 272.66  10.95   -5.63
 272.71  10.90   -5.60
 272.77  10.83   -5.61
 272.83  10.76   -5.67
 272.90  10.69   -5.76
 272.96  10.62   -5.84
 273.02  10.55   -5.87
 273.09  10.49   -5.70
 273.16  10.42   -5.38
 273.23  10.35   -5.13
 273.29  10.29   -5.02
 273.35  10.23   -5.05
 273.41  10.15   -5.14
 273.46  10.07   -5.20
 273.52   9.99   -5.23
 273.56   9.93   -5.19
 273.63   9.86   -5.32
 273.68   9.80   -5.32
 273.75   9.73   -5.36
 273.82   9.66   -5.32
 273.92   9.57   -5.18
 273.99   9.51   -5.01
 274.07   9.44   -4.82
 274.13   9.39   -4.78
 274.22   9.33   -4.90
 274.31   9.26   -4.96
 274.39   9.20   -5.00
 274.45   9.17   -5.07
 274.52   9.14   -5.13
 274.62   9.09   -4.98
 274.71   9.05   -4.72
 274.79   9.01   -4.35
 274.86   8.98   -4.07
 274.93   8.95   -3.87
 275.03   8.91   -3.77
 275.11   8.87   -3.64
 275.20   8.83   -3.55
 275.28   8.79   -3.48
 275.34   8.76   -3.47
 275.42   8.72   -3.50
 275.49   8.68   -3.55
 275.58   8.64   -3.59
 275.66   8.59   -3.23
 275.73   8.54   -2.64
 275.81   8.49   -1.97
 275.88   8.43   -1.14
 275.94   8.36   -0.24
 276.01   8.29    0.34
 276.08   8.24    0.40
 276.15   8.19    0.46
 276.23   8.14    0.39
 276.31   8.09    0.36
 276.39   8.05    0.06