 284.15 -44.98   -3.59
 284.17 -44.89   -3.84
 284.18 -44.80   -4.05
 284.19 -44.64   -4.48
 284.19 -44.55   -4.72
 284.20 -44.46   -5.08
 284.20 -44.37   -5.33
 284.21 -44.30   -5.62
 284.21 -44.21   -5.82
 284.22 -44.09   -6.11
 284.24 -44.00   -6.36
 284.27 -43.91   -6.62
 284.30 -43.83   -6.83
 284.33 -43.74   -6.98
 284.37 -43.65   -7.17
 284.38 -43.56   -7.09
 284.39 -43.41   -6.86
 284.46 -42.89   -6.31
 284.54 -42.54   -6.19
 284.56 -42.45   -6.16
 284.59 -42.32   -6.13
 284.60 -42.23   -6.04
 284.60 -42.14   -5.89
 284.60 -42.05   -5.76
 284.60 -41.90   -5.56
 284.60 -41.81   -5.45
 284.60 -41.72   -5.35
 284.61 -41.63   -5.32
 284.61 -41.50   -5.20
 284.61 -41.45   -5.15
 284.61 -41.36   -5.08
 284.65 -41.27   -5.25
 284.69 -41.16   -5.43
 284.73 -41.07   -5.64
 284.80 -40.90   -6.06
 284.81 -40.68   -6.04
 284.81 -40.59   -6.02
 284.81 -40.50   -5.99
 284.81 -40.44   -5.98
 284.81 -40.35   -5.96
 284.82 -40.26   -6.01
 284.83 -40.12   -6.04
 284.85 -40.03   -6.16
 284.86 -39.94   -6.20
 284.87 -39.85   -6.24
 284.87 -39.76   -6.21
 284.87 -39.86   -6.24
 284.86 -39.69   -6.10
 284.85 -39.60   -5.99
 284.88 -39.48   -6.19
 284.91 -39.38   -6.39
 284.94 -39.29   -6.59
 284.98 -39.18   -6.86
 285.00 -39.09   -6.94
 285.03 -39.00   -7.09
 285.06 -38.91   -7.21
 285.09 -38.80   -7.25
 285.12 -38.71   -7.30
 285.14 -38.62   -7.26
 285.17 -38.53   -7.30
 285.21 -38.44   -7.44
 285.27 -38.31   -7.68
 285.30 -38.23   -7.78
 285.34 -38.14   -7.97
 285.35 -38.06   -7.91
 285.37 -37.94   -7.88
 285.37 -37.85   -7.75
 285.38 -37.75   -7.72
 285.39 -37.66   -7.72
 285.40 -37.59   -7.75
 285.42 -37.50   -7.84
 285.43 -37.41   -7.82
 285.45 -37.32   -7.88
 285.46 -37.23   -7.82
 285.48 -37.14   -7.81
 285.50 -37.05   -7.77
 285.52 -36.96   -7.68
 285.53 -36.87   -7.46
 285.55 -36.78   -7.29
 285.57 -36.69   -7.10
 285.60 -36.60   -6.97
 285.63 -36.52   -6.87
 285.65 -36.43   -6.61
 285.68 -36.34   -6.45
 285.71 -36.25   -6.29
 285.74 -36.17   -6.19
 285.79 -36.08   -6.27
 285.85 -35.99   -6.53
 285.90 -35.91   -6.77
 285.95 -35.83   -7.06
 286.00 -35.74   -7.35
 286.04 -35.68   -7.64
 286.10 -35.58   -7.96
 286.13 -35.49   -7.91
 286.15 -35.44   -7.90
 286.18 -35.35   -7.78
 286.20 -35.26   -7.52
 286.23 -35.18   -7.39
 286.26 -35.09   -7.17
 286.29 -35.00   -6.91
 286.32 -34.91   -6.63
 286.36 -34.83   -6.47
 286.43 -34.75   -6.53
 286.49 -34.66   -6.44
 286.54 -34.59   -6.41
 286.60 -34.51   -6.42
 286.66 -34.42   -6.40
 286.72 -34.34   -6.49
 286.78 -34.26   -6.62
 286.83 -34.17   -6.65
 286.89 -34.09   -6.89
 286.95 -34.00   -7.14
 287.01 -33.91   -7.46
 287.06 -33.83   -7.75
 287.08 -33.74   -7.65
 287.09 -33.65   -7.46
 287.11 -33.56   -7.43
 287.12 -33.48   -7.34
 287.13 -33.39   -7.25
 287.14 -33.30   -7.19
 287.13 -33.21   -6.90
 287.13 -33.12   -6.75
 287.12 -33.03   -6.47
 287.12 -32.94   -6.33
 287.12 -32.85   -6.21
 287.12 -32.94   -6.33
 287.12 -32.85   -6.21
 287.11 -32.75   -6.00
 287.14 -32.65   -6.31
 287.17 -32.55   -6.64
 287.20 -32.45   -6.98
 287.23 -32.35   -7.32
 287.24 -32.26   -7.43
 287.26 -32.16   -7.64
 287.26 -32.07   -7.60
 287.28 -31.97   -7.75
 287.28 -31.88   -7.67
 287.30 -31.78   -7.78
 287.30 -31.69   -7.67
 287.32 -31.59   -7.76
 287.32 -31.50   -7.64
 287.34 -31.41   -7.72
 287.35 -31.31   -7.69
 287.36 -31.22   -7.68
 287.37 -31.12   -7.67
 287.38 -31.03   -7.69
 287.38 -30.93   -7.62
 287.38 -30.84   -7.58
 287.39 -30.74   -7.66
 287.39 -30.65   -7.66
 287.39 -30.55   -7.66
 287.39 -30.46   -7.66
 287.40 -30.37   -7.77
 287.40 -30.27   -7.75
 287.40 -30.18   -7.72
 287.41 -30.09   -7.77
 287.41 -29.99   -7.68
 287.42 -29.90   -7.68
 287.43 -29.81   -7.68
 287.43 -29.71   -7.54
 287.44 -29.62   -7.51
 287.45 -29.53   -7.46
 287.47 -29.43   -7.49
 287.48 -29.33   -7.38
 287.50 -29.24   -7.38
 287.52 -29.15   -7.35
 287.54 -29.06   -7.30
 287.55 -28.97   -7.12
 287.58 -28.87   -7.07
 287.62 -28.77   -7.09
 287.67 -28.66   -7.16
 287.70 -28.58   -7.13
 287.75 -28.48   -7.26
 287.80 -28.36   -7.35
 287.84 -28.26   -7.45
 287.88 -28.16   -7.62
 287.95 -27.98   -8.10
 287.99 -27.89   -8.52
 288.05 -27.72   -9.10
 288.07 -27.62   -9.15
 288.09 -27.53   -9.22
 288.11 -27.44   -9.28
 288.13 -27.35   -9.34
 288.15 -27.26   -9.38
 288.17 -27.17   -9.41
 288.18 -27.09   -9.30
 288.19 -27.00   -9.16
 288.21 -26.91   -9.19
 288.22 -26.84   -9.12
 288.23 -26.78   -9.09
 288.24 -26.68   -8.94
 288.26 -26.58   -8.96
 288.27 -26.48   -8.84
 288.29 -26.38   -8.88
 288.30 -26.29   -8.81
 288.32 -26.19   -8.88
 288.33 -26.09   -8.80
 288.35 -25.99   -8.88
 288.36 -25.90   -8.85
 288.38 -25.80   -8.96
 288.39 -25.72   -8.97
 288.40 -25.62   -8.96
 288.44 -25.36   -9.17
 288.45 -25.26   -9.17
 288.46 -25.18   -9.19
 288.48 -25.08   -9.33
 288.48 -24.99   -9.18
 288.49 -24.90   -9.16
 288.50 -24.81   -9.14
 288.50 -24.73   -9.00
 288.51 -24.64   -8.97
 288.51 -24.54   -8.79
 288.52 -24.45   -8.76
 288.53 -24.36   -8.73
 288.53 -24.26   -8.55
 288.54 -24.17   -8.53
 288.55 -24.09   -8.53
 288.56 -24.00   -8.52
 288.57 -23.91   -8.51
 288.58 -23.82   -8.51
 288.59 -23.73   -8.52
 288.60 -23.65   -8.55
 288.61 -23.56   -8.56
 288.61 -23.46   -8.45
 288.62 -23.37   -8.47
 288.62 -23.27   -8.35
 288.63 -23.17   -8.36
 288.64 -23.08   -8.38
 288.64 -22.98   -8.25
 288.65 -22.89   -8.26
 288.65 -22.80   -8.14
 288.65 -22.72   -8.03
 288.66 -22.63   -8.02
 288.66 -22.54   -7.90
 288.67 -22.44   -7.87
 288.67 -22.35   -7.75
 288.68 -22.26   -7.75
 288.68 -22.17   -7.64
 288.69 -22.08   -7.64
 288.69 -21.99   -7.55
 288.70 -21.90   -7.57
 288.71 -21.81   -7.57
 288.71 -21.72   -7.45
 288.72 -21.63   -7.45
 288.73 -21.56   -7.48
 288.73 -21.48   -7.40
 288.74 -21.39   -7.45
 288.75 -21.30   -7.53
 288.74 -21.22   -7.41
 288.75 -21.27   -7.53
 288.74 -21.20   -7.41
 288.73 -21.11   -7.34
 288.71 -21.01   -7.21
 288.70 -20.94   -7.21
 288.69 -20.87   -7.22
 288.68 -20.77   -7.32
 288.67 -20.68   -7.43
 288.66 -20.58   -7.60
 288.66 -20.48   -7.92
 288.65 -20.36   -8.24
 288.64 -20.26   -8.54
 288.62 -20.18   -8.65
 288.59 -20.08   -8.78
 288.57 -20.00   -8.96
 288.54 -19.90   -9.16
 288.51 -19.81   -9.32
 288.47 -19.73   -9.33
 288.43 -19.65   -9.37
 288.39 -19.57   -9.44
 288.35 -19.49   -9.54
 288.31 -19.40   -9.74
 288.27 -19.33   -9.83
 288.21 -19.25   -9.80
 288.16 -19.19   -9.73
 288.09 -19.12   -9.52
 288.04 -19.06   -9.45
 287.98 -18.99   -9.34
 287.93 -18.94   -9.18
 287.86 -18.86   -9.05
 287.80 -18.80   -8.89
 287.74 -18.73   -8.83
 287.67 -18.66   -8.69
 287.62 -18.60   -8.71
 287.55 -18.54   -8.56
 287.50 -18.49   -8.55
 287.43 -18.42   -8.57
 287.37 -18.36   -8.63
 287.31 -18.30   -8.71
 287.23 -18.23   -8.75
 287.17 -18.18   -8.77
 287.09 -18.13   -8.62
 287.02 -18.07   -8.68
 286.95 -18.01   -8.76
 286.87 -17.96   -8.65
 286.81 -17.91   -8.72
 286.73 -17.85   -8.72
 286.65 -17.78   -8.82
 286.58 -17.74   -8.66
 286.51 -17.68   -8.71
 286.43 -17.63   -8.56
 286.36 -17.59   -8.38
 286.29 -17.54   -8.29
 286.22 -17.49   -8.20
 286.14 -17.43   -8.11
 286.07 -17.39   -7.90
 285.99 -17.32   -7.90
 285.91 -17.25   -7.94
 285.84 -17.20   -7.89
 285.76 -17.13   -8.03
 285.69 -17.07   -8.18
 285.64 -17.03   -8.26
 285.55 -16.96   -8.40
 285.49 -16.91   -8.48
 285.42 -16.85   -8.54
 285.35 -16.79   -8.51
 285.27 -16.74   -8.23
 285.19 -16.68   -7.96
 285.11 -16.62   -7.61
 285.03 -16.56   -7.20
 284.95 -16.50   -6.76
 284.87 -16.44   -6.39
 284.78 -16.38   -6.02
 284.71 -16.33   -5.81
 284.65 -16.27   -5.80
 284.59 -16.22   -5.78
 284.51 -16.15   -5.85
 284.43 -16.07   -6.08
 284.37 -16.01   -6.30
 284.29 -15.93   -6.58
 284.22 -15.86   -6.72
 284.14 -15.79   -6.67
 284.08 -15.73   -6.60
 284.01 -15.66   -6.43
 283.95 -15.59   -6.31
 283.89 -15.53   -6.15
 283.82 -15.46   -6.00
 283.76 -15.39   -6.00
 283.69 -15.32   -5.98
 283.63 -15.26   -6.02
 283.57 -15.19   -6.19
 283.50 -15.12   -6.35
 283.43 -15.05   -6.54
 283.36 -14.98   -6.72
 283.30 -14.91   -6.94
 283.23 -14.84   -6.98
 283.17 -14.78   -6.91
 283.11 -14.71   -6.80
 283.04 -14.64   -6.47
 282.96 -14.56   -5.99
 282.89 -14.49   -5.58
 282.83 -14.42   -5.30
 282.76 -14.34   -5.01
 282.69 -14.27   -4.77
 282.62 -14.19   -4.64
 282.54 -14.11   -4.57
 282.47 -14.03   -4.66
 282.41 -13.97   -4.75
 282.35 -13.90   -4.90
 282.28 -13.83   -4.98
 282.22 -13.77   -5.03
 281.76 -13.25   -4.92
 281.71 -13.19   -5.01
 281.00 -12.12   -5.61
 280.95 -12.05   -5.57
 280.90 -11.97   -5.70
 280.86 -11.89   -6.01
 280.80 -11.82   -6.11
 280.74 -11.75   -6.27
 280.67 -11.65   -6.63
 280.63 -11.61   -6.71
 280.57 -11.53   -6.97
 280.51 -11.46   -7.14
 280.46 -11.38   -7.39
 280.40 -11.31   -7.48
 280.35 -11.23   -7.64
 280.31 -11.15   -7.83
 280.27 -11.07   -7.97
 280.23 -10.99   -8.08
 280.19 -10.91   -8.12
 280.14 -10.83   -8.00
 280.10 -10.75   -7.90
 280.06 -10.67   -7.75
 280.02 -10.59   -7.55
 279.97 -10.51   -7.20
 279.91 -10.40   -6.90
 279.87 -10.33   -6.73
 279.83 -10.26   -6.62
 279.78 -10.17   -6.56
 279.73 -10.09   -6.53
 279.69 -10.01   -6.63
 279.64  -9.94   -6.66
 279.59  -9.85   -6.83
 279.55  -9.79   -6.91
 279.49  -9.72   -6.91
 279.44  -9.64   -7.03
 279.39  -9.56   -7.12
 279.35  -9.50   -7.13
 279.30  -9.43   -7.09
 279.26  -9.34   -7.19
 279.22  -9.24   -7.30
 279.18  -9.16   -7.25
 279.14  -9.08   -7.15
 279.11  -9.00   -7.13
 279.07  -8.91   -6.97
 279.03  -8.83   -6.70
 279.00  -8.75   -6.52
 278.96  -8.66   -6.19
 278.92  -8.58   -5.81
 278.88  -8.50   -5.41
 278.83  -8.40   -4.92
 278.79  -8.32   -4.53
 278.75  -8.24   -4.17
 278.71  -8.16   -3.83
 278.67  -8.08   -3.52
 278.62  -7.99   -3.14
 278.60  -7.88   -3.34
 278.58  -7.80   -3.40
 278.55  -7.71   -3.37
 278.53  -7.62   -3.51
 278.51  -7.53   -3.66
 278.48  -7.42   -3.79
 278.46  -7.33   -3.99
 278.43  -7.26   -3.96
 278.40  -7.17   -4.07
 278.37  -7.09   -4.15
 278.34  -7.00   -4.32
 278.30  -6.90   -4.47
 278.27  -6.81   -4.76
 278.24  -6.73   -5.00
 278.21  -6.65   -5.26
 278.19  -6.55   -5.83
 278.17  -6.46   -6.30
 278.14  -6.38   -6.53
 278.12  -6.28   -7.01
 278.10  -6.19   -7.35
 278.07  -6.11   -7.42
 278.05  -6.03   -7.55
 278.04  -5.94   -7.75
 278.04  -5.88   -7.93
 278.03  -5.81   -7.97
 278.03  -5.73   -8.12
 278.02  -5.63   -8.10
 278.02  -5.55   -8.14
 278.01  -5.45   -7.99
 278.01  -5.35   -7.91
 278.00  -5.26   -7.66
 278.00  -5.15   -7.47
 278.00  -5.07   -7.30
 278.00  -4.97   -7.06
 278.00  -4.88   -6.80
 277.99  -4.78    0.00
 277.99  -4.68    0.00
 277.99  -4.58    0.00
 277.99  -4.51    0.00
 278.00  -4.43   -4.78
 278.02  -4.24   -4.11
 278.03  -4.12   -3.61
 278.04  -4.03   -3.28
 278.15  -3.62   -3.24
 278.29  -3.41   -5.70
 278.40  -3.22   -7.60
 278.37  -3.11   -5.92
 278.37  -3.11   -5.92
 278.37  -3.11   -5.92
 278.37  -3.11   -5.92
 278.37  -3.11   -5.92
 278.47  -2.41   -3.33
 278.44  -2.20   -0.90
 278.43  -2.10    0.01
 278.42  -1.99    0.87
 278.41  -1.90    1.51
 278.40  -1.81    2.08
 278.43  -1.71    1.68
 278.45  -1.60    1.50
 278.48  -1.50    1.03
 278.51  -1.40    0.55
 278.53  -1.29    0.32
 278.56  -1.20   -0.17
 278.61  -1.00   -0.78
 278.63  -0.90   -0.94
 278.65  -0.81   -1.14
 278.67  -0.73   -1.37
 278.69  -0.62   -1.49
 278.71  -0.53   -1.67
 278.73  -0.45   -1.86
 278.75  -0.36   -1.98
 278.77  -0.28   -2.11
 278.82  -0.18   -2.80
 278.87  -0.07   -3.36
 278.91   0.01   -3.80
 278.95   0.10   -4.15
 279.00   0.19   -4.68
 279.04   0.28   -4.97
 279.08   0.37   -5.20
 279.13   0.46   -5.51
 279.17   0.55   -5.60
 279.23   0.66   -5.77
 279.28   0.76   -5.75
 279.32   0.84   -5.66
 279.36   0.92   -5.48
 279.40   0.99   -5.28
 279.44   1.08   -4.83
 279.49   1.17   -4.46
 279.54   1.25   -4.17
 279.58   1.33   -3.78
 279.63   1.41   -3.50
 279.91   1.76   -3.44
 279.98   1.83   -3.81
 280.04   1.89   -4.17
 280.10   1.96   -4.31
 280.17   2.03   -4.53
 280.23   2.09   -4.62
 280.31   2.19   -4.19
 280.37   2.26   -3.86
 280.43   2.32   -3.69
 280.51   2.41   -3.22
 281.70   4.20   -3.59
 281.73   4.28   -3.83
 281.76   4.36   -4.24
 281.79   4.44   -4.76
 281.81   4.52   -5.16
 281.84   4.60   -5.75
 281.87   4.70   -6.26
 281.90   4.78   -6.63
 281.93   4.87   -6.70
 281.94   4.91   -6.55
 281.93   4.88   -6.62
 281.96   4.97   -6.25
 281.98   5.06    0.00
 282.00   5.15    0.00