OBSSTA  134.0495  35.1749    0.0  -6.70   3.18  -0.97  1.0  1.0  5.0 
OBSSTA  135.2199  34.3265    0.0 -18.29   6.05   2.14  1.0  1.0  5.0 
OBSSTA  134.3761  34.7604    0.0  -8.31   3.96  -1.00  1.0  1.0  5.0 
OBSSTA  133.4951  35.5069    0.0  -3.64   3.18  -0.75  1.0  1.0  5.0 
OBSSTA  133.8697  35.4932    0.0  -4.01   2.96  -0.94  1.0  1.0  5.0 
OBSSTA  134.1559  35.3406    0.0  -6.29   3.06  -1.39  1.0  1.0  5.0 
OBSSTA  132.9220  35.4919    0.0  -3.21   3.71  -0.68  1.0  1.0  5.0 
OBSSTA  133.1921  35.3107    0.0  -4.47   3.22   0.61  1.0  1.0  5.0 
OBSSTA  132.9027  35.3097    0.0  -2.10   4.47  -3.18  1.0  1.0  5.0 
OBSSTA  132.6690  35.2331    0.0  -4.74   4.27   0.33  1.0  1.0  5.0 
OBSSTA  132.3856  35.0319    0.0  -6.96   2.44  -1.12  1.0  1.0  5.0 
OBSSTA  132.6852  34.8567    0.0  -6.82   4.92  -0.30  1.0  1.0  5.0 
OBSSTA  132.1095  34.7779    0.0  -8.04   5.26  -0.60  1.0  1.0  5.0 
OBSSTA  131.8103  34.6243    0.0  -6.43   5.18  -0.28  1.0  1.0  5.0 
OBSSTA  133.6808  35.2830    0.0  -5.48   3.43  -0.62  1.0  1.0  5.0 
OBSSTA  133.9127  35.1050    0.0  -6.78   3.45   0.01  1.0  1.0  5.0 
OBSSTA  133.8004  34.7381    0.0  -7.68   5.00   0.49  1.0  1.0  5.0 
OBSSTA  133.9726  34.5903    0.0  -8.52   5.84  -0.14  1.0  1.0  5.0 
OBSSTA  132.9021  35.0352    0.0  -6.48   3.51  -0.23  1.0  1.0  5.0 
OBSSTA  132.9081  34.6337    0.0  -7.68   6.30  -0.06  1.0  1.0  5.0 
OBSSTA  133.3413  34.6122    0.0  -9.04   7.22  -2.34  1.0  1.0  5.0 
OBSSTA  133.1402  34.5156    0.0  -8.92   7.19   1.42  1.0  1.0  5.0 
OBSSTA  132.6500  34.4914    0.0  -9.96   6.01   1.92  1.0  1.0  5.0 
OBSSTA  132.6920  34.1846    0.0 -11.75   9.20   1.99  1.0  1.0  5.0 
OBSSTA  132.5316  34.0692    0.0 -12.63   9.25   3.50  1.0  1.0  5.0 
OBSSTA  131.7353  34.1953    0.0  -9.01   5.91   1.52  1.0  1.0  5.0 
OBSSTA  132.0527  34.0901    0.0 -10.87   7.52   1.86  1.0  1.0  5.0 
OBSSTA  131.1130  34.0205    0.0  -7.78   4.37   0.47  1.0  1.0  5.0 
OBSSTA  132.1200  33.8459    0.0 -13.91   9.31   3.03  1.0  1.0  5.0 
OBSSTA  134.1760  34.4785    0.0  -9.84   6.35   0.65  1.0  1.0  5.0 
OBSSTA  133.8994  34.3259    0.0 -11.63   8.52   1.33  1.0  1.0  5.0 
OBSSTA  133.3507  33.9742    0.0 -19.05  11.38   4.09  1.0  1.0  5.0 
OBSSTA  133.0474  33.8841    0.0 -19.16  10.91   4.96  1.0  1.0  5.0 
OBSSTA  130.9954  33.5647    0.0 -10.06   3.79  -0.45  1.0  1.0  5.0 
OBSSTA  129.8629  33.0734    0.0  -4.25  -0.07   0.54  1.0  1.0  5.0 
OBSSTA  129.9589  32.7683    0.0  -4.42  -0.82   0.86  1.0  1.0  5.0 
OBSSTA  130.6218  33.0601    0.0  -7.44   0.62  -0.97  1.0  1.0  5.0 
OBSSTA  131.5211  33.5143    0.0 -14.32   7.09   2.73  1.0  1.0  5.0 
OBSSTA  131.2917  33.3838    0.0 -13.08   4.31   1.23  1.0  1.0  5.0 
OBSSTA  134.5504  34.7848    0.0  -8.31   4.41  -1.50  1.0  1.0  5.0 
OBSSTA  132.2090  35.0028    0.0  -5.14   4.74  -0.06  1.0  1.0  5.0 
OBSSTA  131.6104  34.6165    0.0  -5.62   5.18  -0.47  1.0  1.0  5.0 
OBSSTA  130.9136  33.9966    0.0  -6.75   3.45  -0.14  1.0  1.0  5.0 
OBSSTA  130.4768  33.7307    0.0  -7.79   1.97   0.06  1.0  1.0  5.0 
OBSSTA  131.6914  33.4615    0.0 -17.87   7.15   3.46  1.0  1.0  5.0 
OBSSTA  130.9678  33.3311    0.0 -10.21   2.58  -0.17  1.0  1.0  5.0 
OBSSTA  129.8503  33.4761    0.0  -2.68   1.63  -0.05  1.0  1.0  5.0 
OBSSTA  135.4813  34.5273    0.0 -17.60   4.72   3.08  1.0  1.0  5.0 
OBSSTA  135.5869  34.4248    0.0 -18.61   4.29   2.33  1.0  1.0  5.0 
OBSSTA  135.3642  34.4065    0.0 -17.49   6.14   3.79  1.0  1.0  5.0 
OBSSTA  134.5860  35.0945    0.0  -8.02   3.43  -1.14  1.0  1.0  5.0 
OBSSTA  134.4038  34.9976    0.0  -7.71   3.60  -0.91  1.0  1.0  5.0 
OBSSTA  134.7673  34.9847    0.0  -8.79   3.84  -0.89  1.0  1.0  5.0 
OBSSTA  134.5452  34.8973    0.0  -8.40   3.28  -0.96  1.0  1.0  5.0 
OBSSTA  134.9972  34.8049    0.0 -10.65   4.26   0.43  1.0  1.0  5.0 
OBSSTA  134.8288  34.7870    0.0  -9.40   3.33  -0.16  1.0  1.0  5.0 
OBSSTA  135.1723  34.6870    0.0 -13.21   2.82   0.09  1.0  1.0  5.0 
OBSSTA  134.5196  34.6699    0.0  -9.35   5.22  -0.10  1.0  1.0  5.0 
OBSSTA  134.9657  34.6697    0.0 -11.11   4.09   1.35  1.0  1.0  5.0 
OBSSTA  135.0241  34.5771    0.0 -12.81   2.90  -0.22  1.0  1.0  5.0 
OBSSTA  134.8815  34.3498    0.0 -13.72   6.22  -0.82  1.0  1.0  5.0 
OBSSTA  134.7352  34.3343    0.0 -13.98   6.59  -0.31  1.0  1.0  5.0 
OBSSTA  134.7365  34.2237    0.0 -16.35   7.75   1.67  1.0  1.0  5.0 
OBSSTA  135.0660  34.2715    0.0 -16.68   7.54   0.22  1.0  1.0  5.0 
OBSSTA  134.0467  35.4568    0.0  -5.35   2.72   0.20  1.0  1.0  5.0 
OBSSTA  133.4391  35.3455    0.0  -6.53   3.56  -1.61  1.0  1.0  5.0 
OBSSTA  134.2374  35.2659    0.0  -6.99   3.52  -1.48  1.0  1.0  5.0 
OBSSTA  133.3085  35.1646    0.0  -8.48   4.48  -2.70  1.0  1.0  5.0 
OBSSTA  132.9844  36.0932    0.0  -2.16   2.74  -0.06  1.0  1.0  5.0 
OBSSTA  132.7432  35.3926    0.0  -3.32   4.11  -3.63  1.0  1.0  5.0 
OBSSTA  132.9954  35.1956    0.0  -5.68   5.06  -1.17  1.0  1.0  5.0 
OBSSTA  132.5073  35.1860    0.0  -3.91   4.27  -0.83  1.0  1.0  5.0 
OBSSTA  132.7205  35.0198    0.0  -4.79   2.60  -2.12  1.0  1.0  5.0 
OBSSTA  131.9231  34.7673    0.0  -6.89   3.92  -0.77  1.0  1.0  5.0 
OBSSTA  133.7925  35.2635    0.0  -6.01   2.93  -0.94  1.0  1.0  5.0 
OBSSTA  134.3196  35.0996    0.0  -7.31   8.04  -1.68  1.0  1.0  5.0 
OBSSTA  134.2348  35.0209    0.0  -7.27   3.84  -0.82  1.0  1.0  5.0 
OBSSTA  133.9609  34.9825    0.0  -7.41   4.01  -1.44  1.0  1.0  5.0 
OBSSTA  133.1202  34.9435    0.0  -6.49   4.51  -0.19  1.0  1.0  5.0 
OBSSTA  132.2773  34.7269    0.0  -6.50   5.43  -0.76  1.0  1.0  5.0 
OBSSTA  132.5402  34.6788    0.0  -8.73   4.77  -1.16  1.0  1.0  5.0 
OBSSTA  133.1075  34.6725    0.0  -7.85   6.12   0.24  1.0  1.0  5.0 
OBSSTA  132.8240  34.5713    0.0  -8.11   7.21  -0.80  1.0  1.0  5.0 
OBSSTA  133.0098  34.3787    0.0 -10.38   8.73   2.06  1.0  1.0  5.0 
OBSSTA  131.4165  34.4399    0.0  -6.14   4.90   0.12  1.0  1.0  5.0 
OBSSTA  130.9431  34.2946    0.0  -6.14   4.41  -0.49  1.0  1.0  5.0 
OBSSTA  131.5628  34.2837    0.0  -7.32   6.92  -1.07  1.0  1.0  5.0 
OBSSTA  131.9533  34.2591    0.0  -8.84   4.83   1.06  1.0  1.0  5.0 
OBSSTA  131.3461  34.1895    0.0  -7.43   5.21   0.13  1.0  1.0  5.0 
OBSSTA  131.5308  34.0572    0.0  -9.05   5.78   0.22  1.0  1.0  5.0 
OBSSTA  131.2860  33.9777    0.0  -9.41   5.29  -0.21  1.0  1.0  5.0 
OBSSTA  132.1044  33.9751    0.0 -12.76   8.28   2.40  1.0  1.0  5.0 
OBSSTA  134.3142  34.4724    0.0 -10.06   6.15   0.06  1.0  1.0  5.0 
OBSSTA  132.9902  34.0779    0.0 -14.26   9.96   3.85  1.0  1.0  5.0 
OBSSTA  133.2013  33.9212    0.0 -19.54  11.86   3.64  1.0  1.0  5.0 
OBSSTA  130.2508  33.5361    0.0  -3.85   0.39  -2.18  1.0  1.0  5.0 
OBSSTA  130.5220  33.5004    0.0  -9.58   2.62  -2.28  1.0  1.0  5.0 
OBSSTA  130.5646  33.2059    0.0  -7.47  -0.03  -1.67  1.0  1.0  5.0 
OBSSTA  130.2687  33.2749    0.0  -4.91   0.88  -0.30  1.0  1.0  5.0 
OBSSTA  130.0942  33.0985    0.0  -4.75   0.20  -0.20  1.0  1.0  5.0 
OBSSTA  129.4821  34.6556    0.0  -2.42   2.85   0.95  1.0  1.0  5.0 
OBSSTA  129.3115  34.2682    0.0  -1.62   2.94   1.00  1.0  1.0  5.0 
OBSSTA  129.7347  33.7427    0.0  -2.10   2.25   0.19  1.0  1.0  5.0 
OBSSTA  129.5370  33.3622    0.0  -1.48   2.27   0.88  1.0  1.0  5.0 
OBSSTA  129.6907  33.0631    0.0  -3.21   0.75   0.96  1.0  1.0  5.0 
OBSSTA  130.2713  32.8707    0.0  -6.29  -2.46  -0.89  1.0  1.0  5.0 
OBSSTA  130.5477  32.9335    0.0  -7.26   0.07  -0.47  1.0  1.0  5.0 
OBSSTA  131.1689  33.4962    0.0 -11.32   4.90   0.42  1.0  1.0  5.0 
OBSSTA  131.3473  33.2540    0.0 -16.27   3.25  -0.68  1.0  1.0  5.0 
OBSSTA  133.3397  35.4360    0.0  -3.35   4.03  -0.30  1.0  1.0  5.0 
OBSSTA  133.1379  35.5635    0.0  -4.99   6.01  -2.29  1.0  1.0  5.0 
OBSSTA  132.4573  34.8927    0.0  -6.09   4.27  -0.85  1.0  1.0  5.0 
OBSSTA  132.0136  34.5711    0.0  -6.09   5.22  -1.07  1.0  1.0  5.0 
OBSSTA  131.8643  34.4397    0.0  -7.72   5.58   0.56  1.0  1.0  5.0 
OBSSTA  133.5640  35.1697    0.0  -5.65   2.95   0.26  1.0  1.0  5.0 
OBSSTA  132.8516  34.8116    0.0  -5.82   4.74  -1.32  1.0  1.0  5.0 
OBSSTA  132.1947  34.3703    0.0  -9.09   7.03   0.79  1.0  1.0  5.0 
OBSSTA  132.4555  34.2609    0.0 -10.63   8.11   0.68  1.0  1.0  5.0 
OBSSTA  132.8844  34.2101    0.0 -11.89   9.42   2.57  1.0  1.0  5.0 
OBSSTA  131.1524  34.7643    0.0  -4.34   4.12  -0.62  1.0  1.0  5.0 
OBSSTA  131.1762  34.3421    0.0  -7.19   4.32  -0.01  1.0  1.0  5.0 
OBSSTA  131.0657  34.1798    0.0  -6.65   4.63   0.36  1.0  1.0  5.0 
OBSSTA  132.3583  33.9099    0.0 -14.04   9.08   4.17  1.0  1.0  5.0 
OBSSTA  134.6050  34.1718    0.0 -17.53   8.27   2.05  1.0  1.0  5.0 
OBSSTA  133.1891  34.2524    0.0 -11.03   8.35   2.70  1.0  1.0  5.0 
OBSSTA  132.7817  33.9595    0.0 -15.40  10.57   5.06  1.0  1.0  5.0 
OBSSTA  131.0165  33.6974    0.0  -9.16   4.37  -1.90  1.0  1.0  5.0 
OBSSTA  130.7012  33.3272    0.0  -7.65   1.77  -1.21  1.0  1.0  5.0 
OBSSTA  129.9401  33.1960    0.0  -3.93   1.93   0.08  1.0  1.0  5.0 
OBSSTA  129.6900  33.2661    0.0  -2.55   1.25   0.22  1.0  1.0  5.0 
OBSSTA  129.1255  33.2558    0.0  -0.48   1.75   0.76  1.0  1.0  5.0 
OBSSTA  130.1664  32.7957    0.0  -5.03  -1.89   0.11  1.0  1.0  5.0 
OBSSTA  131.0629  33.1220    0.0 -12.39   2.67  -0.97  1.0  1.0  5.0 
OBSSTA  130.7486  33.0113    0.0  -8.58   0.48   0.02  1.0  1.0  5.0 
OBSSTA  131.3566  33.5371    0.0 -12.85   6.01   1.55  1.0  1.0  5.0 
OBSSTA  131.5884  33.3499    0.0 -18.56   5.75   3.57  1.0  1.0  5.0 
OBSSTA  131.1211  33.2703    0.0 -11.85   3.20   2.12  1.0  1.0  5.0 
OBSSTA  130.9157  33.1906    0.0  -9.08   1.39  -0.02  1.0  1.0  5.0 
OBSSTA  134.6597  34.8641    0.0  -8.77   4.25  -0.18  1.0  1.0  5.0 
OBSSTA  133.2881  34.4504    0.0  -9.98   7.94   1.04  1.0  1.0  5.0 
OBSSTA  132.8202  34.3349    0.0  -9.10   6.77   1.43  1.0  1.0  5.0 
OBSSTA  132.2191  34.1912    0.0 -11.78   6.57   0.58  1.0  1.0  5.0 
OBSSTA  129.9549  33.3722    0.0  -3.36   1.86   0.16  1.0  1.0  5.0 
OBSSTA  130.4445  33.3465    0.0  -6.19   0.82  -1.75  1.0  1.0  5.0 
OBSSTA  129.9897  32.9456    0.0  -5.02  -1.00   0.32  1.0  1.0  5.0 
OBSSTA  130.4650  33.0974    0.0  -5.94   0.84  -0.47  1.0  1.0  5.0 
OBSSTA  129.7207  32.8396    0.0  -3.49  -1.28   0.22  1.0  1.0  5.0 
OBSSTA  131.2068  33.1278    0.0 -18.94  -0.52  -5.63  1.0  1.0  5.0 
OBSSTA  132.7744  33.8511    0.0 -18.63  10.27   7.63  1.0  1.0  5.0 
OBSSTA  132.6797  33.9042    0.0 -16.67  10.21   5.17  1.0  1.0  5.0 
OBSSTA  132.6719  34.1922    0.0 -11.73   8.69   7.09  1.0  1.0  5.0 
OBSSTA  132.5328  34.1064    0.0 -13.54   8.94   7.64  1.0  1.0  5.0 
OBSSTA  132.6269  33.9742    0.0 -14.84   9.77  10.26  1.0  1.0  5.0 
OBSSTA  132.4681  34.1719    0.0 -13.05   9.12   9.45  1.0  1.0  5.0 
OBSSTA  132.6797  33.9042    0.0 -16.67  10.21   5.17  1.0  1.0  5.0 
OBSSTA  132.5753  34.3403    0.0  -9.15   8.30   3.18  1.0  1.0  5.0 
OBSSTA  132.6839  33.7225    0.0 -20.53  10.38   5.12  1.0  1.0  5.0 
OBSSTA  132.4856  33.7364    0.0 -17.93   9.49   8.51  1.0  1.0  5.0 
OBSSTA  133.8170  34.1350    0.0 -16.62   9.51  -3.00  1.0  1.0  5.0 
OBSSTA  134.1562  34.1567    0.0 -14.47   8.56   7.85  1.0  1.0  5.0 
OBSSTA  133.8750  34.0397    0.0 -19.48  13.37  -0.30  1.0  1.0  5.0 
OBSSTA  133.9255  34.1642    0.0 -14.72   9.38   4.49  1.0  1.0  5.0 
OBSSTA  133.8445  34.0387    0.0 -18.55  11.70   7.17  1.0  1.0  5.0 
OBSSTA  133.7758  34.4761    0.0  -7.26   6.24   2.59  1.0  1.0  5.0 
OBSSTA  133.8572  34.3525    0.0  -9.04   6.78   4.51  1.0  1.0  5.0 
OBSSTA  133.8027  34.4426    0.0  -7.46   6.21   3.19  1.0  1.0  5.0 
OBSSTA  133.7052  34.6459    0.0  -8.78   4.89   3.96  1.0  1.0  5.0 
OBSSTA  133.6471  34.7217    0.0  -7.22   4.75  -0.96  1.0  1.0  5.0 
OBSSTA  133.8122  34.4080    0.0 -10.69   8.33   2.76  1.0  1.0  5.0 
OBSSTA  133.8815  34.2392    0.0 -12.79   9.45 -22.47  1.0  1.0  5.0 
OBSSTA  133.8534  34.2986    0.0 -11.66   9.20  -5.93  1.0  1.0  5.0 
OBSSTA  134.0407  34.1979    0.0 -13.00   8.07   4.45  1.0  1.0  5.0 
OBSSTA  133.5280  34.5488    0.0  -8.40   7.56   4.70  1.0  1.0  5.0 
OBSSTA  133.9987  34.4455    0.0  -9.70   9.25  -2.31  1.0  1.0  5.0 
OBSSTA  133.7807  34.3834    0.0  -9.30   8.98  -1.73  1.0  1.0  5.0 
OBSSTA  134.2420  34.2546    0.0 -13.17   7.31   0.58  1.0  1.0  5.0 
OBSSTA  133.7151  34.2174    0.0 -13.40  10.73   3.01  1.0  1.0  5.0 
OBSSTA  133.6475  34.0681    0.0 -17.52  11.63   4.75  1.0  1.0  5.0 
OBSSTA  134.3838  34.1350    0.0 -17.48   8.80   6.24  1.0  1.0  5.0 
OBSSTA  134.2622  34.1035    0.0 -17.54   9.14   7.72  1.0  1.0  5.0 
OBSSTA  134.3367  34.1229    0.0 -13.46  10.01   5.54  1.0  1.0  5.0 
OBSSTA  134.1715  34.1105    0.0 -18.30   9.45   2.98  1.0  1.0  5.0 
OBSSTA  134.1709  34.0893    0.0 -17.85  10.74   5.72  1.0  1.0  5.0 
OBSSTA  134.0403  34.0884    0.0 -16.79  10.67   1.18  1.0  1.0  5.0 
OBSSTA  134.0035  34.0806    0.0 -17.66  10.38  -0.88  1.0  1.0  5.0 
OBSSTA  133.9694  34.0590    0.0 -16.40  12.96   0.66  1.0  1.0  5.0 
OBSSTA  133.7345  35.0030    0.0  -5.89   4.06   0.65  1.0  1.0  5.0 
OBSSTA  133.5981  34.8097    0.0  -8.08   7.20  -1.00  1.0  1.0  5.0 
OBSSTA  133.9290  34.7914    0.0  -9.58   1.48   2.87  1.0  1.0  5.0 
OBSSTA  134.1658  34.6577    0.0  -8.11   4.29  -2.90  1.0  1.0  5.0 
OBSSTA  133.7967  34.4386    0.0  -9.66   8.77   0.88  1.0  1.0  5.0 
OBSSTA  133.3963  34.9934    0.0  -5.58   4.15   1.40  1.0  1.0  5.0 
OBSSTA  133.7570  34.5791    0.0  -7.66   6.56   2.27  1.0  1.0  5.0 
OBSSTA  134.3934  34.2178    0.0 -14.86   8.13   2.58  1.0  1.0  5.0 
OBSSTA  133.4618  33.8184    0.0 -21.27  12.53   4.34  1.0  1.0  5.0 
OBSSTA  135.9283  33.8770    0.0 -27.68   5.70   1.39  1.0  1.0  5.0 
OBSSTA  135.8548  34.2420    0.0 -23.41   3.61   1.48  1.0  1.0  5.0 
OBSSTA  135.5540  33.9408    0.0 -25.44   5.29   3.67  1.0  1.0  5.0 
OBSSTA  135.8821  33.6688    0.0 -31.02   7.07  -0.87  1.0  1.0  5.0 
OBSSTA  135.5338  33.6583    0.0 -31.58   8.80   0.72  1.0  1.0  5.0 
OBSSTA  134.4573  33.9937    0.0 -21.36   8.83   3.82  1.0  1.0  5.0 
OBSSTA  134.2112  33.9346    0.0 -23.81  13.51   1.04  1.0  1.0  5.0 
OBSSTA  133.9218  33.8749    0.0 -26.71  13.29   3.25  1.0  1.0  5.0 
OBSSTA  132.7985  33.6427    0.0 -22.53  11.16   6.02  1.0  1.0  5.0 
OBSSTA  132.7437  33.3051    0.0 -28.88  13.22   4.48  1.0  1.0  5.0 
OBSSTA  132.6336  33.0961    0.0 -32.41  14.22   1.20  1.0  1.0  5.0 
OBSSTA  133.5310  33.6258    0.0 -27.72  16.10   5.24  1.0  1.0  5.0 
OBSSTA  133.1545  33.6070    0.0 -25.41  13.80   6.16  1.0  1.0  5.0 
OBSSTA  134.0993  33.4971    0.0 -37.87  18.04   1.05  1.0  1.0  5.0 
OBSSTA  133.0895  33.4167    0.0 -29.72  15.60   6.40  1.0  1.0  5.0 
OBSSTA  134.2055  33.3949    0.0 -42.36  19.47  -1.76  1.0  1.0  5.0 
OBSSTA  132.9721  33.1931    0.0 -33.83  16.26   2.74  1.0  1.0  5.0 
OBSSTA  133.1053  33.0818    0.0 -36.65  18.05   2.23  1.0  1.0  5.0 
OBSSTA  132.8315  32.9611    0.0 -38.38  17.20  -0.96  1.0  1.0  5.0 
OBSSTA  132.5554  32.7386    0.0 -35.35  19.18  -3.83  1.0  1.0  5.0 
OBSSTA  130.8727  32.9959    0.0  -9.07   0.09  -0.86  1.0  1.0  5.0 
OBSSTA  130.7484  32.7092    0.0 -10.72  -4.51   0.11  1.0  1.0  5.0 
OBSSTA  130.8273  32.3961    0.0 -10.67  -4.40   1.50  1.0  1.0  5.0 
OBSSTA  130.9864  32.2924    0.0 -11.17  -4.06   1.65  1.0  1.0  5.0 
OBSSTA  131.7484  33.0962    0.0 -25.57   3.84   2.59  1.0  1.0  5.0 
OBSSTA  132.0390  32.9364    0.0 -23.40   8.63   0.07  1.0  1.0  5.0 
OBSSTA  131.4415  32.8989    0.0 -20.22   4.31  -0.70  1.0  1.0  5.0 
OBSSTA  131.3647  32.5279    0.0 -21.80   2.74  -4.65  1.0  1.0  5.0 
OBSSTA  131.5830  32.3162    0.0 -11.99  -1.83  -1.96  1.0  1.0  5.0 
OBSSTA  131.3475  32.1119    0.0 -13.28  -0.88   1.97  1.0  1.0  5.0 
OBSSTA  131.2545  32.0018    0.0 -11.11  -2.45   2.51  1.0  1.0  5.0 
OBSSTA  135.2215  34.1577    0.0 -21.25   5.62   3.77  1.0  1.0  5.0 
OBSSTA  135.7644  33.4834    0.0 -36.89   9.83  -3.29  1.0  1.0  5.0 
OBSSTA  134.6260  33.9269    0.0 -24.48  10.55   3.78  1.0  1.0  5.0 
OBSSTA  133.2418  33.2729    0.0 -35.15  17.73   4.32  1.0  1.0  5.0 
OBSSTA  132.9664  32.7557    0.0 -39.81  22.40  -2.85  1.0  1.0  5.0 
OBSSTA  132.2812  33.4690    0.0 -22.38   8.78   3.50  1.0  1.0  5.0 
OBSSTA  131.8764  32.9246    0.0 -24.21   7.21   3.65  1.0  1.0  5.0 
OBSSTA  130.6456  32.5464    0.0  -9.19  -3.56   0.21  1.0  1.0  5.0 
OBSSTA  131.6323  32.4454    0.0 -18.53   4.46   2.79  1.0  1.0  5.0 
OBSSTA  131.4697  32.0218    0.0 -12.72   1.37  -0.19  1.0  1.0  5.0 
OBSSTA  136.0109  33.7413    0.0 -29.65   6.85   0.82  1.0  1.0  5.0 
OBSSTA  135.7042  34.3883    0.0 -19.08   3.83   0.59  1.0  1.0  5.0 
OBSSTA  135.9637  34.0382    0.0 -24.95   4.98   2.32  1.0  1.0  5.0 
OBSSTA  135.3580  34.2561    0.0 -20.22   5.94   7.29  1.0  1.0  5.0 
OBSSTA  135.5901  34.2218    0.0 -18.31   4.47   2.58  1.0  1.0  5.0 
OBSSTA  135.3849  33.9617    0.0 -25.97   5.66   2.32  1.0  1.0  5.0 
OBSSTA  135.5084  33.7855    0.0 -28.15   8.48   2.26  1.0  1.0  5.0 
OBSSTA  135.3962  33.7443    0.0 -28.84   8.51   1.20  1.0  1.0  5.0 
OBSSTA  135.5992  33.5056    0.0 -36.75  11.10  -1.89  1.0  1.0  5.0 
OBSSTA  134.5601  34.0599    0.0 -20.51   9.64   3.55  1.0  1.0  5.0 
OBSSTA  134.6678  33.8302    0.0 -27.65  11.60   2.69  1.0  1.0  5.0 
OBSSTA  134.5330  33.7251    0.0 -29.86  12.76   0.51  1.0  1.0  5.0 
OBSSTA  134.3720  33.6185    0.0 -33.66  15.65   1.87  1.0  1.0  5.0 
OBSSTA  132.9379  33.5692    0.0 -25.44  12.46   6.83  1.0  1.0  5.0 
OBSSTA  132.6934  33.4468    0.0 -29.34   9.50   1.09  1.0  1.0  5.0 
OBSSTA  132.5618  32.9639    0.0 -33.64  15.51  -3.11  1.0  1.0  5.0 
OBSSTA  133.2809  33.4684    0.0 -31.36  16.90   4.77  1.0  1.0  5.0 
OBSSTA  133.4030  33.4077    0.0 -33.37  18.32   4.63  1.0  1.0  5.0 
OBSSTA  132.7927  33.1716    0.0 -32.64  15.11   1.48  1.0  1.0  5.0 
OBSSTA  132.9992  32.9912    0.0 -38.30  18.62   1.76  1.0  1.0  5.0 
OBSSTA  132.7037  32.8406    0.0 -37.61  19.25  -3.58  1.0  1.0  5.0 
OBSSTA  130.1546  32.6369    0.0  -6.05  -3.37   0.56  1.0  1.0  5.0 
OBSSTA  130.7648  32.8421    0.0  -9.38  -1.46  -0.11  1.0  1.0  5.0 
OBSSTA  131.0993  32.7407    0.0 -14.80  -0.74  -0.21  1.0  1.0  5.0 
OBSSTA  131.7981  33.2394    0.0 -22.66   6.90   4.24  1.0  1.0  5.0 
OBSSTA  131.2861  33.0090    0.0 -18.45  -0.53  -0.92  1.0  1.0  5.0 
OBSSTA  131.5878  32.9869    0.0 -21.81   4.39   1.88  1.0  1.0  5.0 
OBSSTA  131.7568  32.7040    0.0 -22.20   8.21   0.76  1.0  1.0  5.0 
OBSSTA  131.3276  32.6848    0.0 -18.27   0.11   0.35  1.0  1.0  5.0 
OBSSTA  131.1489  32.4566    0.0 -13.53  -1.78  -1.67  1.0  1.0  5.0 
OBSSTA  131.1852  32.2459    0.0 -15.95  -3.81   0.05  1.0  1.0  5.0 
OBSSTA  131.5158  32.1704    0.0 -15.48   2.14   2.83  1.0  1.0  5.0 
OBSSTA  135.5283  34.3118    0.0 -19.14   5.69   3.80  1.0  1.0  5.0 
OBSSTA  135.1677  34.0254    0.0 -22.37   3.39  -3.64  1.0  1.0  5.0 
OBSSTA  135.4962  33.5544    0.0 -34.94  11.29  -0.46  1.0  1.0  5.0 
OBSSTA  132.5438  33.1776    0.0 -29.14  12.74  -0.59  1.0  1.0  5.0 
OBSSTA  133.2285  33.3269    0.0 -33.67  18.14   5.35  1.0  1.0  5.0 
OBSSTA  133.1286  33.2154    0.0 -34.56  17.29   3.80  1.0  1.0  5.0 
OBSSTA  130.3360  32.7930    0.0  -7.40  -2.14  -1.18  1.0  1.0  5.0 
OBSSTA  130.2167  32.7123    0.0  -5.70  -2.29   0.36  1.0  1.0  5.0 
OBSSTA  130.3523  32.7226    0.0  -6.84  -2.77  -1.50  1.0  1.0  5.0 
OBSSTA  130.2907  32.6607    0.0  -6.92  -2.35   0.12  1.0  1.0  5.0 
OBSSTA  130.7949  32.5767    0.0 -10.90  -3.43   0.38  1.0  1.0  5.0 
OBSSTA  131.0934  32.9507    0.0 -15.79  -1.65  -2.86  1.0  1.0  5.0 
OBSSTA  131.1321  32.8450    0.0 -17.11  -0.26  -2.63  1.0  1.0  5.0 
OBSSTA  131.5795  33.2284    0.0 -21.59   4.25   1.00  1.0  1.0  5.0 
OBSSTA  131.5307  32.5570    0.0 -18.51   3.07   2.02  1.0  1.0  5.0 
OBSSTA  131.3340  32.3844    0.0 -15.22   0.06   0.98  1.0  1.0  5.0 
OBSSTA  131.4860  32.0691    0.0 -12.93  -1.15  -0.67  1.0  1.0  5.0 
OBSSTA  130.4304  32.5817    0.0  -8.27  -3.02  -0.52  1.0  1.0  5.0 
OBSSTA  135.7352  33.9695    0.0 -25.40   5.12   3.51  1.0  1.0  5.0 
OBSSTA  135.7088  33.6372    0.0 -32.33   7.88  -0.19  1.0  1.0  5.0 
OBSSTA  132.0461  33.3680    0.0 -23.62   9.89   5.10  1.0  1.0  5.0 
OBSSTA  132.4753  33.3844    0.0 -24.81  11.70   4.23  1.0  1.0  5.0 
OBSSTA  133.3626  33.7043    0.0 -24.58  14.24   4.95  1.0  1.0  5.0 
OBSSTA  133.4858  33.5492    0.0 -30.32  17.18   7.98  1.0  1.0  5.0 
OBSSTA  133.0903  33.4167    0.0 -29.08  16.28  11.21  1.0  1.0  5.0 
OBSSTA  133.5781  33.5289    0.0 -31.34  18.08   7.02  1.0  1.0  5.0 
OBSSTA  132.2811  33.4689    0.0 -20.97   6.63   7.17  1.0  1.0  5.0 
OBSSTA  133.5381  33.9386    0.0 -21.42   8.48  -4.39  1.0  1.0  5.0 
OBSSTA  132.9047  33.6528    0.0 -23.86  14.41   2.07  1.0  1.0  5.0 
OBSSTA  132.7111  33.6428    0.0 -23.06  10.98   9.00  1.0  1.0  5.0 
OBSSTA  132.7903  33.7361    0.0 -23.02  11.65   3.50  1.0  1.0  5.0 
OBSSTA  132.6494  33.5533    0.0 -23.50  13.29   1.47  1.0  1.0  5.0 
OBSSTA  132.6342  33.6803    0.0 -22.17   7.77   2.97  1.0  1.0  5.0 
OBSSTA  132.4128  33.5428    0.0 -20.71   8.61  10.58  1.0  1.0  5.0 
OBSSTA  134.1776  33.2523    0.0 -50.31  19.47  -2.39  1.0  1.0  5.0 
OBSSTA  134.0860  33.3927    0.0 -46.43  17.68   9.60  1.0  1.0  5.0 
OBSSTA  134.0493  33.5539    0.0 -29.57  22.12   1.04  1.0  1.0  5.0 
OBSSTA  134.1135  33.7749    0.0 -27.94  12.98  16.86  1.0  1.0  5.0 
OBSSTA  133.9877  33.8736    0.0 -23.85  15.97   4.82  1.0  1.0  5.0 
OBSSTA  133.8156  33.8931    0.0 -24.40  13.25   4.01  1.0  1.0  5.0 
OBSSTA  134.1687  34.0460    0.0 -19.21  11.04   6.54  1.0  1.0  5.0 
OBSSTA  134.0883  33.9952    0.0 -20.25  10.06   8.19  1.0  1.0  5.0 
OBSSTA  134.1487  34.0087    0.0 -19.70  10.68   7.08  1.0  1.0  5.0 
OBSSTA  134.1221  33.3159    0.0 -42.70  22.09   2.18  1.0  1.0  5.0 
OBSSTA  134.3015  33.7895    0.0 -26.68  13.08   4.66  1.0  1.0  5.0 
OBSSTA  134.3520  34.0970    0.0 -18.17   9.64   1.09  1.0  1.0  5.0 
OBSSTA  134.2302  34.0384    0.0 -19.25   9.62   1.85  1.0  1.0  5.0 
OBSSTA  133.6813  33.9367    0.0 -21.22  12.15   2.58  1.0  1.0  5.0 
OBSSTA  134.3891  33.8789    0.0 -25.43  10.95  -2.24  1.0  1.0  5.0 
OBSSTA  134.0582  33.8775    0.0 -23.20  15.03  -0.42  1.0  1.0  5.0 
OBSSTA  133.6558  33.7670    0.0 -26.02  14.03   2.87  1.0  1.0  5.0 
OBSSTA  133.8050  33.6542    0.0 -30.01  16.25   4.80  1.0  1.0  5.0 
OBSSTA  134.2808  33.5278    0.0 -37.54  15.51  -3.82  1.0  1.0  5.0 
OBSSTA  133.9036  33.5057    0.0 -37.47  17.98   2.04  1.0  1.0  5.0 
OBSSTA  134.0071  33.4278    0.0 -40.85  19.32  -0.16  1.0  1.0  5.0 
OBSSTA  132.9116  33.7965    0.0 -20.88  11.82   4.45  1.0  1.0  5.0 
OBSSTA  134.3256  34.1086    0.0 -18.25   8.59  -0.39  1.0  1.0  5.0 
OBSSTA  134.1129  34.0616    0.0 -18.55  10.37   1.46  1.0  1.0  5.0 
OBSSTA  134.0492  34.0515    0.0 -18.14  10.20   0.99  1.0  1.0  5.0 
OBSSTA  133.9712  34.0408    0.0 -17.86  10.77   5.87  1.0  1.0  5.0