000841 139.069903 34.949757 411.155 -33.97806 5.22425 -0.04940 0.06141 0.05185 0.17474
000842 138.249899 34.954347 105.053 -28.03686 6.20216 -4.57770 0.05992 0.04720 0.18163
000843 134.049545 35.174887 270.081 -7.26701 2.87690 -3.47711 0.05954 0.04997 0.16321
010846 133.461802 33.818357 938.795 -21.56081 11.69135 2.61632 0.06315 0.06117 0.17555
020847 137.868762 35.160451 335.520 -24.56573 5.01327 -0.38967 0.05421 0.04280 0.17910
020946 140.690150 36.932620 231.730 -23.42812 3.05292 -4.73560 0.13883 0.06992 0.16330
020947 140.385692 36.475851 91.309 -21.54767 3.93420 -3.75790 0.10818 0.04846 0.15589
020949 139.505314 36.872247 1087.882 -22.80033 5.44013 -1.43346 0.10078 0.05649 0.19863
020950 139.752790 36.537633 170.937 -24.15128 4.75679 -2.93540 0.07709 0.04239 0.15621
020951 139.902507 36.456581 118.553 -23.96521 4.71622 -3.03285 0.08084 0.04293 0.14348
020952 139.060852 36.837355 799.249 -24.57296 6.65810 0.81908 0.09684 0.06322 0.21961
020953 139.234271 36.608052 854.119 -24.56587 6.50833 -0.15003 0.16046 0.15889 0.57719
020954 138.847891 36.591377 419.109 -24.27485 6.36816 -1.79189 0.06292 0.04598 0.16486
020955 139.016711 36.395347 178.227 -24.15036 5.83965 -5.78505 0.05862 0.04103 0.15306
020956 139.254639 36.267691 86.025 -25.43820 6.27075 -2.32719 0.05670 0.03877 0.14876
020957 138.702984 36.200266 660.146 -25.49949 6.35235 -3.85360 0.06051 0.04553 0.18386
020958 138.926053 35.929928 1176.001 -26.50197 6.73315 0.50473 0.07351 0.06186 0.24613
020959 139.968470 35.143803 110.510 -34.51394 19.56166 -3.07188 0.05046 0.04675 0.16531
020960 139.366064 35.391488 53.791 -31.04713 13.30093 -4.55728 0.05209 0.04106 0.15854
020965 140.296488 36.778957 188.398 -23.03580 3.23774 -3.38003 0.10469 0.05271 0.14668
020966 137.026432 36.919508 48.324 -13.94120 7.59206 -1.30249 0.13519 0.10685 0.19639
020967 137.551326 36.864345 171.224 -11.59202 3.43520 -2.57295 0.06890 0.04844 0.16067
020968 137.154473 36.757951 44.338 -12.07487 5.52138 -2.21798 0.07145 0.05822 0.16107
020969 136.806402 36.592091 134.682 -9.37439 2.59761 -4.50029 0.05107 0.04547 0.21193
020970 137.239224 36.472800 255.364 -13.19138 3.10854 -2.21079 0.06897 0.05956 0.22780
020973 136.540674 36.537266 50.479 -7.92809 0.42440 -7.76797 0.04897 0.04889 0.15935
020974 136.361645 36.229563 125.149 -9.15547 2.64734 -3.04696 0.05424 0.05121 0.18727
020975 136.048948 36.109734 47.774 -8.65430 1.64203 -3.31849 0.05620 0.04494 0.16441
020976 136.657740 35.901414 466.143 -14.59344 1.94722 -2.09884 0.06068 0.05459 0.20976
020977 136.339579 35.888217 261.514 -11.91427 2.60092 -2.95610 0.05368 0.04748 0.19416
020978 135.755644 35.486573 46.255 -11.29902 1.84413 -3.67478 0.05576 0.04743 0.19136
020979 138.444215 35.904933 1208.973 -24.92616 7.22942 -3.49527 0.07490 0.06995 0.20945
020980 138.949989 35.753871 780.346 -26.01854 7.48410 -2.93469 0.06226 0.04654 0.18140
020981 138.606868 35.467692 973.845 -27.08031 6.82467 -2.32502 0.05714 0.04898 0.16818
020982 138.624250 36.856687 739.955 -23.78560 8.95352 0.07500 0.07817 0.06992 0.19323
020983 138.096727 36.706647 972.723 -17.65495 4.26688 -3.54765 0.06096 0.04886 0.17309
020984 138.120946 36.523604 408.122 -21.91319 6.19876 -4.83150 0.05127 0.04554 0.16671
020985 138.366043 36.260988 788.602 -22.71692 7.23439 -5.82084 0.05062 0.05530 0.16042
020986 137.785436 35.944601 1033.456 -21.16458 4.06437 -3.80556 0.07081 0.04576 0.18426
020987 138.095706 35.878418 915.944 -23.13778 5.26821 -2.89885 0.05978 0.04545 0.19052
020988 137.450879 35.815553 1103.949 -20.69991 2.98952 -2.70774 0.05279 0.05658 0.22848
020989 137.620156 35.661228 546.491 -21.60620 4.78947 -2.64815 0.05834 0.04422 0.18012
020990 137.080528 36.140263 896.687 -17.24158 4.67858 -3.48023 0.05493 0.04779 0.21250
020991 136.784620 35.723488 393.937 -17.72789 2.64424 -3.08943 0.05706 0.04691 0.17833
020992 137.309093 35.523129 497.606 -20.94212 4.30658 -2.12852 0.04925 0.04300 0.16340
020993 136.545291 35.480060 101.796 -17.70724 2.01451 -1.59724 0.06056 0.04711 0.17251
020994 137.252317 35.300551 398.840 -21.97717 5.81436 1.74195 0.05009 0.04248 0.15483
020995 137.575331 35.100023 527.219 -24.35052 6.34830 3.23719 0.05954 0.04213 0.16118
020996 137.152388 34.917341 55.114 -25.98713 6.62572 4.23308 0.05184 0.03929 0.14470
020997 137.338769 34.785915 45.913 -26.84624 7.19588 3.03489 0.05735 0.04035 0.15578
020998 136.938480 34.740052 61.038 -27.05589 6.65962 2.84002 0.06075 0.04040 0.15180
020999 136.474457 34.420326 114.247 -24.62791 3.45325 0.74413 0.05432 0.04627 0.17400
021000 135.928303 33.877002 114.563 -27.90881 6.30764 1.39444 0.05964 0.04635 0.20273
021001 135.087646 35.419525 264.662 -9.21794 2.70664 -4.77640 0.05590 0.05294 0.18586
021002 135.340699 35.333460 160.059 -9.87618 3.41256 -3.11665 0.05321 0.04245 0.17081
021003 135.634211 35.155183 287.236 -12.03050 2.78720 -2.61858 0.05680 0.04076 0.15799
021004 135.219943 34.326462 120.472 -18.64860 5.98853 0.49014 0.05158 0.04250 0.15283
021005 134.483125 35.527847 283.292 -5.50892 2.51098 -3.37829 0.13166 0.10509 0.36300
021006 134.376112 34.760424 42.219 -8.78085 3.91295 -3.20329 0.05271 0.03734 0.15043
021007 136.041895 34.710646 278.003 -20.28658 2.71724 2.66409 0.05739 0.03922 0.16883
021008 136.173149 34.493872 545.003 -21.54059 2.93102 2.54235 0.06202 0.04671 0.17785
021009 136.002645 34.292928 403.529 -23.91969 3.88583 -0.99752 0.08560 0.05145 0.23499
021010 135.854793 34.241966 653.142 -23.44815 3.74029 0.71059 0.05725 0.04633 0.18759
021011 135.554007 33.940795 456.431 -25.43442 5.35992 2.28423 0.05599 0.04331 0.16347
021012 135.882088 33.668759 590.299 -31.73771 7.18763 -1.21567 0.06214 0.04643 0.17192
021013 135.533845 33.658345 121.130 -31.87970 8.64760 -0.39525 0.06306 0.04516 0.18692
021014 134.195271 35.529859 43.170 -3.99663 3.24440 -8.09971 0.05443 0.04141 0.17523
021015 133.495135 35.506936 71.015 -4.14957 2.73071 -2.95240 0.05386 0.04061 0.15910
021016 133.869748 35.493202 43.782 -4.59676 2.77835 -2.88917 0.05432 0.04234 0.17246
021017 134.155948 35.340592 168.271 -6.94555 2.83032 -4.39691 0.05898 0.05609 0.19989
021018 132.921991 35.491910 76.944 -3.60410 3.20665 -2.57436 0.05427 0.04272 0.18094
021019 133.192087 35.310693 180.709 -4.94552 3.03876 -0.96488 0.05799 0.04459 0.19576
021020 132.902693 35.309725 82.005 -2.63582 4.06964 -4.66834 0.05450 0.04283 0.18175
021021 132.669008 35.233079 151.697 -5.07964 3.72029 -1.76592 0.05726 0.04209 0.18523
021022 132.385565 35.031901 306.641 -7.04658 2.22703 -3.26254 0.05253 0.04020 0.16377
021023 132.685159 34.856746 335.080 -6.84280 4.51909 -3.00678 0.05569 0.04296 0.18197
021024 132.109464 34.777949 411.385 -8.24164 4.96468 -1.93523 0.05961 0.04360 0.18286
021025 131.810314 34.624346 58.106 -6.33109 4.59772 -3.11067 0.05329 0.04078 0.16459
021026 133.680760 35.282958 511.712 -5.80018 3.13561 -3.55102 0.06217 0.05192 0.17933
021027 133.912688 35.105025 242.635 -7.19939 3.15389 -2.31277 0.05549 0.04408 0.15898
021028 133.800440 34.738078 67.501 -7.80728 4.64380 -1.36709 0.05583 0.03996 0.16562
021029 133.972601 34.590285 43.722 -8.68428 5.52279 -1.66468 0.05323 0.04139 0.16181
021030 132.902093 35.035212 600.258 -6.48024 3.31769 -2.16914 0.06143 0.04735 0.17222
021031 132.908111 34.633672 439.790 -7.71067 5.82390 -2.10378 0.05400 0.04427 0.16979
021032 133.341289 34.612202 429.015 -8.66522 6.40665 -2.44002 0.05388 0.04370 0.16915
021033 133.140185 34.515623 171.715 -8.42896 7.18729 2.10624 0.05556 0.05139 0.18699
021035 132.691961 34.184636 40.675 -11.90452 9.03516 0.60995 0.05780 0.04681 0.17190
021036 132.531629 34.069231 40.706 -12.63722 8.97132 1.98669 0.05471 0.03904 0.15668
021037 131.735326 34.195273 327.039 -8.95277 5.71114 -0.29899 0.05622 0.04338 0.17040
021038 132.052732 34.090061 81.418 -10.91211 7.43053 -0.08432 0.05836 0.04212 0.16890
021039 131.113039 34.020524 47.801 -7.80310 4.06407 -0.55677 0.05555 0.03940 0.17107
021040 132.119957 33.845917 98.421 -13.92902 8.96139 1.25875 0.05651 0.04453 0.16707
021041 134.457301 33.993687 115.659 -21.10030 8.24074 1.62540 0.06098 0.07189 0.17585
021042 134.211162 33.934564 379.353 -23.51256 12.68111 -0.65910 0.06865 0.06075 0.19702
021043 133.921816 33.874891 589.349 -26.40100 13.26991 1.72366 0.06761 0.05928 0.21188
021044 134.175974 34.478534 87.724 -9.96676 6.04754 -1.25874 0.05363 0.04132 0.15206
021045 133.899386 34.325918 44.292 -11.79744 8.07741 -0.90868 0.05578 0.04094 0.16046
021046 133.350698 33.974170 41.280 -18.90632 10.44602 2.55236 0.05558 0.04455 0.17051
021047 133.047400 33.884089 78.789 -18.83327 10.93520 5.79932 0.07570 0.04912 0.22989
021048 132.798527 33.642732 338.625 -23.17555 11.50411 4.68059 0.05739 0.04435 0.20399
021049 132.743687 33.305056 198.586 -29.43093 12.89777 2.39921 0.05848 0.05220 0.17155
021050 132.633641 33.096087 281.087 -32.30885 13.97487 -0.99980 0.06656 0.05632 0.19453
021051 133.531028 33.625803 297.318 -27.67261 14.84930 4.46594 0.05784 0.05519 0.19003
021052 133.154490 33.607022 317.889 -25.34209 13.24133 3.82010 0.06432 0.05591 0.18941
021053 134.099316 33.497110 147.703 -37.27046 17.74575 -0.51928 0.05922 0.05194 0.20562
021054 133.089544 33.416662 464.462 -30.83938 15.27585 2.15689 0.05956 0.05352 0.17425
021055 134.205533 33.394894 50.110 -41.69353 18.98613 -3.08998 0.07307 0.04478 0.20448
021056 132.972131 33.193139 189.357 -33.66124 16.59284 -1.98171 0.05913 0.04454 0.19131
021057 133.105265 33.081788 45.376 -36.70598 18.71780 -0.88097 0.09105 0.07108 0.27257
021058 132.831463 32.961068 46.665 -38.05246 17.23120 -3.11259 0.06016 0.04584 0.17041
021059 132.555435 32.738612 183.039 -35.53006 18.97247 -6.01452 0.06248 0.04510 0.16600
021060 130.722421 33.929721 41.003 -6.50916 3.26473 -1.74263 0.05648 0.04094 0.17411
021061 130.971122 33.867010 42.978 -7.68996 4.40762 -4.31563 0.06925 0.05890 0.22618
021062 130.296905 33.683070 53.247 -5.67812 0.14390 -1.85346 0.05270 0.04180 0.17123
021063 130.675667 33.579768 77.082 -7.25265 0.78599 -3.47961 0.07159 0.05227 0.20124
021064 130.995425 33.564734 244.029 -9.71375 3.52312 -1.68312 0.06296 0.04722 0.18719
021065 130.079270 33.503038 47.253 -4.24634 0.91001 -1.04999 0.05747 0.04571 0.17262
021066 130.097218 33.292003 85.090 -5.12230 0.23233 -3.03905 0.06355 0.04870 0.17529
021067 129.862950 33.073387 42.790 -4.81988 0.40182 -0.65252 0.05974 0.04300 0.17634
021068 129.958946 32.768305 94.856 -4.92725 -0.49667 -0.57080 0.06846 0.04798 0.18829
021069 130.621765 33.060137 72.892 -7.70637 0.53974 -2.02776 0.05324 0.04123 0.17988
021070 130.872656 32.995935 290.146 -9.77354 0.13559 -2.41293 0.05692 0.04286 0.19119
021071 130.748370 32.709234 69.563 -10.67001 -2.28217 -1.00336 0.05967 0.04497 0.17580
021072 130.981982 32.682917 484.951 -12.54878 -2.43022 1.44401 0.10529 0.08643 0.38183
021073 130.827347 32.396081 343.863 -11.72603 -3.70143 0.71987 0.06899 0.05687 0.19526
021074 130.179891 32.367409 71.675 -4.73120 -1.99878 -2.01865 0.05824 0.04629 0.18174
021075 130.656493 32.343515 380.439 -10.53160 -4.49504 -0.47065 0.06596 0.04856 0.20155
021076 130.986396 32.292395 223.019 -11.77266 -3.84827 0.23628 0.07091 0.05022 0.18134
021077 131.521150 33.514331 123.619 -14.37676 6.79288 1.39955 0.05933 0.04369 0.18124
021078 131.291678 33.383754 182.873 -12.90906 4.23444 -0.10633 0.06215 0.04445 0.19230
021079 131.748411 33.096197 49.639 -25.88308 3.11284 0.65559 0.06277 0.04441 0.18400
021080 132.039047 32.936357 38.128 -23.93292 8.35747 -1.75269 0.06219 0.05183 0.20333
021081 131.441527 32.898896 329.802 -20.44881 3.47807 -2.01856 0.06332 0.04869 0.18527
021082 131.629227 32.852224 214.534 -21.63450 3.89402 0.84764 0.06380 0.05156 0.19878
021083 131.364704 32.527932 867.973 -21.21795 2.58088 -5.51199 0.05956 0.04455 0.18630
021084 131.583030 32.316233 84.480 -12.50650 -1.88886 -3.70798 0.06903 0.05130 0.19756
021085 131.347490 32.111891 54.123 -13.46371 -1.15594 0.97054 0.06705 0.04510 0.19610
021086 131.254457 32.001805 61.440 -11.42012 -2.57641 1.29330 0.06318 0.04714 0.19032
021087 130.976953 31.877796 400.703 -5.42967 -5.49078 -0.63012 0.09214 0.05834 0.20369
021088 131.470067 31.785974 38.268 -8.73351 -1.14165 -0.96331 0.07511 0.05839 0.21715
021089 130.735675 31.743781 54.557 -2.75911 -2.99638 3.64371 0.06097 0.04752 0.19651
021090 130.998305 31.564605 126.898 -1.32077 -8.26219 0.32008 0.06003 0.04683 0.19955
021091 130.340055 31.450252 44.320 -0.68689 -7.88261 -0.82989 0.06067 0.04503 0.19230
021092 130.540594 31.377237 87.086 -0.64016 -8.39225 -0.56767 0.07912 0.04663 0.20070
021093 130.867106 31.242748 213.012 -1.72453 -11.05479 -0.17920 0.06904 0.06357 0.19938
021094 127.993675 26.386346 51.704 3.83871 -24.42272 0.24487 0.05778 0.05024 0.18875
021095 127.760364 26.312715 40.701 3.49653 -25.11353 -1.36804 0.06151 0.04947 0.19932
021096 127.677632 26.194578 40.151 2.68091 -25.26390 -1.25916 0.06315 0.05119 0.19235
021099 137.550843 36.114304 2824.366 -19.42564 2.43645 -2.92885 0.07406 0.08739 0.16617
021100 138.727303 35.360770 3819.921 -28.38499 6.51185 0.46018 0.09332 0.06898 0.18295
021101 136.503757 35.104762 161.665 -19.26467 3.28168 0.28247 0.08963 0.04855 0.21075
031102 138.185784 35.322075 994.965 -23.36593 3.44941 -0.58232 0.07899 0.07015 0.26838
031103 137.423132 34.967481 580.163 -25.29847 6.79469 3.29686 0.05302 0.03728 0.15207
031104 136.981749 34.543914 52.578 -28.69991 8.75612 1.32318 0.05531 0.04477 0.15461
031105 136.801997 34.373580 50.552 -27.51649 6.77130 1.69161 0.05927 0.04391 0.16299
031106 136.388492 34.297927 190.185 -25.74546 4.91271 2.18393 0.06317 0.05379 0.18668
031107 136.139969 33.932948 67.846 -28.04021 6.62172 2.13419 0.06293 0.05040 0.18302
031108 135.743457 34.155848 407.862 -23.46621 4.10304 1.14160 0.06127 0.04683 0.20120
031109 135.290340 34.090850 372.051 -24.39612 5.75452 1.69134 0.05205 0.04486 0.17190
031110 135.399127 33.854500 205.755 -26.94323 6.94031 1.42082 0.05499 0.04852 0.17854
031111 135.871089 33.799083 83.189 -28.37335 4.36305 -1.57433 0.06279 0.04866 0.18312
031112 135.405999 33.647251 49.746 -32.74787 10.36304 -0.52603 0.05645 0.03988 0.15959
031113 135.834142 33.520080 118.490 -35.88245 7.66126 -6.60916 0.05265 0.04094 0.15095
031114 134.510027 33.932797 72.492 -25.19900 8.95056 -0.10699 0.06737 0.06991 0.18896
031115 133.796949 33.838841 490.714 -21.69169 6.79243 1.38274 0.06432 0.04984 0.19682
031116 134.484552 33.821978 132.064 -26.72623 11.20786 0.24438 0.06207 0.05047 0.17166
031117 132.564703 33.510355 303.034 -24.21415 10.95412 4.22611 0.05835 0.04185 0.16531
031118 132.360388 33.202181 43.378 -27.95829 13.32604 2.22096 0.05615 0.04394 0.17063
031119 133.431705 33.545726 55.715 -29.78300 15.47567 1.40805 0.05730 0.04693 0.17507
031120 133.699837 33.542535 45.870 -31.50483 16.03493 3.26724 0.05023 0.04336 0.15184
031121 134.056192 33.367383 48.392 -41.68071 19.46451 -3.22348 0.05456 0.04596 0.17279
031122 134.178114 33.266123 286.757 -44.63267 21.14728 -6.46281 0.05871 0.04120 0.16356
031123 132.974023 33.312132 308.072 -32.09211 15.77964 1.62083 0.06834 0.04677 0.16871
031124 132.822079 33.060120 65.097 -35.76691 16.20734 -1.67421 0.06554 0.05472 0.19590
031125 132.982170 32.869483 43.252 -39.35481 20.16594 -4.01687 0.07991 0.04596 0.17367
031126 132.810657 32.762100 42.844 -38.59564 20.36378 -4.63843 0.05830 0.04278 0.16853
031127 137.814477 35.777534 2677.110 -21.91642 4.73456 -2.23817 0.08243 0.05107 0.17058
031128 136.728752 35.405134 51.803 -19.64615 2.46398 -0.23251 0.05621 0.05004 0.15090
041129 136.431937 34.603335 88.200 -21.37580 3.36180 3.85223 0.06595 0.04636 0.17359
041130 135.589934 33.747605 241.230 -29.51181 7.29839 0.93081 0.06077 0.04988 0.19070
041131 133.940869 33.722511 386.427 -27.26553 14.80807 1.50333 0.06686 0.05999 0.20293
041132 133.043231 33.545834 479.106 -15.05812 5.85731 1.63259 0.10860 0.08008 0.21389
041133 132.488774 33.039464 43.527 -32.01703 13.17832 -1.88632 0.06323 0.04892 0.17721
041134 132.922648 33.391030 446.843 -29.33475 14.04478 1.78057 0.05769 0.05025 0.17231
041135 133.699572 35.490400 72.474 -4.40158 3.19361 -3.00380 0.05802 0.04464 0.18114
041136 137.636877 34.702117 47.478 -29.12433 8.25251 -0.70486 0.05550 0.04243 0.15003
041137 131.384027 33.078836 519.300 -19.70033 1.89963 -4.36232 0.07242 0.06043 0.20914
041138 137.595970 36.576968 2483.276 -14.97747 2.84965 1.30723 0.08709 0.07802 0.18722
041139 136.540477 34.285072 48.204 -25.94648 3.35002 0.65845 0.05804 0.05380 0.17532
051141 132.961688 33.103912 115.715 -37.98471 17.28566 -0.01676 0.08399 0.06270 0.25729
051142 132.675824 32.927690 40.605 -38.46072 17.69304 -5.41920 0.08030 0.06226 0.23814
051143 136.295571 34.930734 300.773 -20.59572 2.52405 2.41342 0.07276 0.05731 0.22966
051144 138.794658 34.970567 76.935 -36.54370 4.79950 -5.58931 0.09693 0.09767 0.26463
051146 135.426107 34.085499 279.659 -23.13379 2.93439 4.26275 0.07420 0.06726 0.24067
051147 131.835003 34.043788 72.107 -11.63467 6.95057 -1.46290 0.07491 0.05930 0.24385
061148 136.728227 34.490001 59.058 -26.47471 6.66285 2.39255 0.08191 0.05964 0.25089
061149 136.693187 34.296610 73.577 -28.40281 6.18173 1.64667 0.09678 0.06788 0.25071
061151 132.650322 34.492140 267.283 -9.21801 6.64987 -1.55496 0.07378 0.05452 0.22477
071152 133.924099 33.622296 225.357 -28.71716 16.37226 4.34999 0.54467 0.41819 1.80463
071153 134.114169 33.774573 513.971 -25.10325 12.71973 -0.10554 0.53902 0.48290 1.70021
071154 135.305308 33.769405 66.835 -25.81261 10.12122 3.36192 0.44266 0.36418 1.48341
071155 135.970596 33.660805 49.875 -30.37755 7.30357 1.01418 0.49397 0.42185 1.72892
071156 136.024347 33.820426 149.070 -26.58790 5.31132 8.89665 0.56553 0.44807 1.89908
071157 132.339820 34.397048 217.571 -7.45484 6.87150 -0.11906 0.21441 0.18395 0.70964
071160 137.723377 34.672312 46.877 -27.35438 9.69039 -0.65198 0.42642 0.34147 1.47164
071161 137.442455 34.680382 112.486 -26.05667 9.74286 0.64684 0.44216 0.36445 1.43456
071163 139.276188 36.602338 1016.522 -21.13332 4.12163 -1.83441 0.46641 0.40050 1.65390
071164 132.268811 34.575433 273.713 -4.45313 5.15635 0.99936 0.52006 0.44231 1.70368
081165 132.596993 33.309130 238.081 -44.55790 19.39429 -44.83901 6.83257 7.25480 21.13006
081166 133.218865 33.154739 216.624 -55.28966 18.13520 -60.21463 6.93426 5.19570 22.77888
081167 134.491496 35.535626 278.957 -6.15276 1.73958 -2.17633 1.46702 1.18499 4.61870
081168 129.776972 32.581730 41.310 -2.39986 -2.90707 0.26843 1.20772 1.11043 4.28290
081169 130.987145 32.675162 496.699 -14.22886 -2.74173 -10.13496 1.24898 1.06776 4.61206
081170 135.774807 35.206650 424.185 -8.48265 -2.54181 -1.89346 1.22476 1.14970 4.07634
081171 139.644541 35.758029 79.645 -33.86263 4.68092 -13.96288 3.54765 2.72581 12.15519
081172 133.106152 33.081764 44.178 -47.18935 19.61146 -14.11730 2.02916 1.67920 6.33193
092106 139.081970 35.006853 60.709 -32.47250 8.00664 0.00809 0.08581 0.04731 0.21775
092107 139.101688 34.971864 54.867 -31.83094 9.05373 -1.72470 0.08662 0.05698 0.20377
092110 140.087191 36.106114 70.309 -23.37402 6.21502 -2.97323 0.06580 0.04029 0.11577
093001 139.542301 36.295163 69.044 -24.91793 5.51094 -2.32182 0.06613 0.04038 0.13722
093002 140.174264 36.263269 94.296 -22.61383 5.22258 -1.85023 0.08776 0.04684 0.13029
093003 139.810527 36.203672 68.925 -23.76986 6.05210 -7.03269 0.06834 0.04308 0.13604
093004 140.544482 36.181307 82.607 -19.95658 4.75016 -3.08409 0.11265 0.04593 0.13204
093005 139.345170 36.120951 95.330 -25.07498 6.93359 -2.03098 0.05578 0.04010 0.14327
093006 140.343150 36.096937 68.706 -21.98330 5.07507 -2.67521 0.08467 0.04354 0.12776
093007 139.636724 36.087227 56.791 -23.95951 7.23081 -4.45693 0.05792 0.04080 0.13340
093008 139.799932 36.010896 50.786 -23.66267 6.95349 -2.13121 0.05389 0.03551 0.13171
093009 140.659235 35.955455 65.856 -21.04632 5.16199 -4.37026 0.10104 0.04891 0.13459
093010 140.402951 35.970409 55.199 -22.47710 5.10486 -1.53668 0.07791 0.04561 0.12812
093011 139.464286 35.925504 62.879 -25.32347 7.66642 -2.56789 0.05420 0.03968 0.13954
093012 139.992723 35.940291 62.344 -23.54672 6.36200 -1.60019 0.05835 0.04239 0.12557
093013 139.651860 35.937471 55.689 -25.59247 4.84946 -4.76854 0.05969 0.04806 0.14204
093014 140.145493 35.873648 46.801 -26.01752 3.72330 -2.88612 0.06491 0.05029 0.13111
093015 140.407007 35.803330 80.298 -23.24348 4.39279 -3.28348 0.05943 0.06601 0.13725
093016 139.812812 35.780214 44.601 -24.54444 7.65432 -2.84510 0.05081 0.04213 0.14763
093017 139.643032 35.759210 85.491 -25.41178 8.69643 -0.72134 0.05414 0.03635 0.14211
093018 140.024755 35.786466 69.606 -24.27878 6.31367 -1.75206 0.05048 0.04564 0.12960
093019 139.488263 35.710371 123.652 -25.95676 9.73033 4.18729 0.05667 0.04635 0.18417
093020 140.315147 35.717453 76.457 -22.80241 3.90168 -7.06498 0.05012 0.07035 0.13535
093021 140.646822 35.777303 90.381 -23.37232 4.17629 -4.70072 0.07055 0.06970 0.13504
093022 140.837230 35.726355 59.100 -23.83290 4.12252 -4.02808 0.07067 0.05835 0.13616
093023 139.902354 35.675464 43.507 -24.38482 7.96671 -1.32373 0.04945 0.04689 0.13736
093024 140.448301 35.642354 77.872 -23.97676 3.20920 -6.85570 0.05078 0.09694 0.13158
093025 140.186563 35.544144 84.282 -23.34466 7.04472 -2.74165 0.06028 0.07430 0.13413
093026 139.673353 35.563403 47.407 -26.43698 10.68295 -2.35025 0.04695 0.04833 0.13544
093027 140.318236 35.530116 57.271 -20.83401 3.64565 -15.58087 0.06406 0.10035 0.13638
093028 139.467841 35.521409 124.974 -28.22801 11.39053 -0.40556 0.04956 0.04011 0.14650
093029 139.322577 35.482641 107.047 -28.57807 11.72026 -1.75144 0.06123 0.05247 0.15563
093030 140.051332 35.447784 79.579 -26.57006 10.17267 -1.39857 0.05497 0.05317 0.14239
093031 139.045179 35.415351 372.363 -26.84178 10.13064 -1.44136 0.05657 0.05250 0.17317
093032 139.653748 35.436484 70.528 -29.55591 13.61964 -2.55048 0.04688 0.03903 0.14268
093033 140.337371 35.421127 44.393 -29.94471 7.08249 -6.05755 0.07234 0.10775 0.13337
093034 139.466069 35.326681 46.398 -32.32602 16.06243 -4.71363 0.05321 0.04493 0.14211
093035 139.262695 35.304899 119.369 -30.21567 15.49998 -6.42091 0.06877 0.04443 0.16226
093036 139.825520 35.311702 46.722 -32.17646 16.21011 -4.06430 0.04965 0.04273 0.13863
093037 140.146792 35.333140 95.320 -27.12453 13.02264 -1.60712 0.06857 0.06311 0.15351
093038 138.881650 35.321604 691.001 -27.09106 6.36910 -0.27711 0.07829 0.05822 0.19048
093039 139.843569 35.143709 56.797 -34.72417 21.76889 -5.84533 0.05096 0.04306 0.14962
093041 140.268022 35.165901 127.943 -29.80483 12.77669 0.12129 0.05178 0.09148 0.14365
093042 139.110437 35.148605 56.716 -29.72601 10.25045 -4.17791 0.08658 0.05609 0.21251
093043 138.901859 35.110016 67.117 -31.65689 2.17673 0.82068 0.04973 0.04744 0.15981
093044 140.079268 35.111861 49.023 -34.37766 18.50933 -3.21714 0.05196 0.04816 0.14889
093045 139.954342 35.254808 381.719 -32.76080 16.81302 -3.63312 0.04985 0.04783 0.14169
093046 138.997927 35.014827 332.644 -31.84747 4.52750 -4.12398 0.06637 0.04797 0.18062
093047 139.864079 34.954084 141.730 -34.72259 27.33057 -5.79620 0.05796 0.05240 0.15226
093048 139.131160 34.939307 363.060 -31.02201 10.32818 -1.93792 0.06044 0.06524 0.17438
093049 138.924824 34.916115 184.858 -32.73917 5.05218 -5.38105 0.08215 0.04625 0.19774
093050 137.672340 34.835331 81.484 -26.01477 6.14693 -0.42104 0.06217 0.04098 0.15502
093051 139.381394 34.784418 136.661 -37.82640 28.16559 1.10046 0.06065 0.10594 0.16974
093052 138.017527 34.785949 96.003 -29.06071 7.30904 -2.09245 0.05496 0.04064 0.14657
093053 138.989816 34.751350 52.717 -36.34761 9.48307 -3.13625 0.07016 0.05545 0.17626
093054 137.717233 34.677614 58.503 -29.52714 8.42233 -0.04082 0.09584 0.06803 0.26987
093055 139.433217 34.686785 115.371 -34.52849 18.88667 -1.69113 0.07314 0.06421 0.17310
093056 137.414243 34.671603 116.286 -27.44886 7.79053 1.79467 0.09529 0.07110 0.28488
093057 139.257912 34.371825 59.119 -33.57405 18.49194 -2.49216 0.07103 0.08023 0.35608
093058 139.134453 34.200478 84.555 -44.33992 9.49667 6.40279 0.06008 0.05369 0.19036
093059 139.503849 34.121068 91.192 -33.35904 29.28752 6.33917 0.07038 0.05705 0.18498
093060 139.547153 34.059111 84.279 -30.96533 26.77621 5.17807 0.08742 0.06240 0.21555
093061 139.013688 34.921820 521.810 -34.72502 6.47687 -3.16802 0.07889 0.04826 0.16908
093062 139.124364 34.878475 60.952 -33.63021 7.94954 0.59990 0.10306 0.12586 0.22547
093063 139.268132 35.723758 201.479 -26.20788 9.94500 0.13207 0.04979 0.04293 0.15817
093064 138.975854 35.623349 474.456 -26.13444 8.44904 -1.60026 0.05902 0.04712 0.17566
093065 139.157225 35.610274 242.120 -26.98689 9.66539 -0.05590 0.05249 0.04560 0.16144
093066 139.204867 35.428518 805.660 -27.07849 13.69202 -1.10224 0.05860 0.05314 0.16907
093067 139.664837 35.267094 63.293 -33.21178 19.10062 -5.07580 0.05533 0.04312 0.15409
093068 139.049338 35.245516 599.707 -27.91291 9.57958 0.30672 0.08238 0.06655 0.21944
093069 138.445247 35.443580 305.507 -26.54315 6.67946 -2.01347 0.07136 0.05562 0.21155
093070 138.814037 35.496589 788.023 -26.94080 8.83274 -3.15733 0.06113 0.05469 0.17442
093071 138.563434 35.362078 728.891 -29.37656 5.47320 -1.63481 0.06672 0.04864 0.18800
093072 138.770675 35.305539 1495.927 -28.28796 4.71561 0.41295 0.06791 0.05138 0.17668
093073 138.445699 35.289461 189.651 -27.82078 4.67035 -3.93375 0.07625 0.06106 0.20204
093074 138.253514 35.200979 1126.880 -28.52193 6.20800 -1.11169 0.06384 0.05320 0.18238
093075 138.616988 35.203183 212.206 -30.57446 2.39507 -4.67950 0.06262 0.06172 0.16810
093076 138.721542 35.173590 133.957 -31.07700 1.36448 -1.43106 0.05571 0.05706 0.16228
093077 138.524709 35.067408 55.728 -30.50216 4.97792 -4.25609 0.05797 0.07280 0.15747
093078 138.368696 35.103458 266.215 -27.07023 5.80784 -5.66553 0.06227 0.06345 0.17239
093079 138.134901 35.103912 348.984 -24.08581 3.45494 -3.48797 0.06658 0.04974 0.18212
093081 138.378296 34.990525 64.491 -28.54705 5.86537 -8.90371 0.05354 0.06373 0.16767
093084 137.695235 35.079293 346.158 -24.64044 5.66059 2.20347 0.05582 0.04672 0.16157
093085 138.786062 34.776075 54.124 -37.08317 7.18103 -5.00572 0.07010 0.04346 0.14965
093086 138.838417 34.610000 121.448 -39.10839 9.41520 -2.35302 0.06021 0.04672 0.14430
093088 138.074862 34.939797 188.236 -27.06520 6.43255 -5.05949 0.05950 0.04794 0.17256
093089 137.932147 34.843857 102.444 -28.84935 6.15031 -2.30809 0.05481 0.03852 0.15452
093090 137.817940 34.941345 112.932 -26.59717 6.21818 -2.52045 0.05737 0.04768 0.17353
093091 138.136915 34.757757 211.153 -29.41205 7.53703 -7.00682 0.05206 0.04195 0.14495
093092 138.225604 34.738308 48.384 -31.29601 8.04001 -6.66921 0.05272 0.04340 0.14870
093093 138.053542 34.715252 57.957 -30.44090 7.60155 -5.23642 0.05775 0.03924 0.15778
093094 138.129286 34.642902 61.586 -34.69548 6.74245 -7.48790 0.05449 0.03936 0.14353
093095 137.937438 34.670420 49.228 -31.15812 7.86210 -3.67174 0.05326 0.04029 0.14428
093096 137.911277 34.755394 56.195 -29.25476 7.51541 -3.10357 0.05529 0.04014 0.14845
093097 137.791792 34.792836 64.543 -29.02163 7.43597 -1.18446 0.05194 0.03938 0.14489
093098 137.823422 34.671882 47.960 -30.85452 8.11192 -2.35487 0.05421 0.03939 0.15231
093099 137.575492 34.937676 131.861 -26.27038 6.59776 2.85665 0.05923 0.04444 0.15720
093101 138.215677 34.605369 93.755 -34.63466 13.41114 -12.90127 0.05315 0.19199 0.27282
093102 137.434004 34.864815 80.646 -26.63060 5.27720 2.02491 0.06142 0.04779 0.16585
093103 137.554340 34.808727 67.686 -26.75567 7.87912 1.27343 0.06700 0.04338 0.16354
093104 137.514935 34.718052 60.503 -28.13235 8.44996 2.44994 0.05935 0.04294 0.15906
940042 140.611836 36.539929 152.701 -20.09238 0.53993 0.87727 0.13340 0.07951 0.15700
940043 139.726422 36.401848 100.514 -24.33550 4.53596 -4.22659 0.07315 0.04145 0.14124
940044 138.906264 36.697027 595.213 -24.57273 6.65654 -2.08412 0.07226 0.06143 0.17691
940045 138.865405 36.259032 222.783 -25.34382 6.52964 -2.89621 0.05743 0.04345 0.15241
940046 137.851122 36.499767 770.940 -17.58760 3.10193 -6.29513 0.06620 0.04910 0.19786
940047 137.943807 35.923581 904.163 -21.91815 4.31088 -4.65729 0.07516 0.05041 0.20199
940048 138.583298 35.590336 387.641 -26.93745 8.05014 -1.81533 0.06362 0.04600 0.17803
940052 137.487229 36.928958 66.578 -12.27822 4.50789 -1.62953 0.07470 0.05350 0.15633
940054 136.649939 36.663412 89.732 -9.10137 0.55398 -6.35205 0.06128 0.04858 0.14952
940055 136.172974 36.231173 63.704 -7.25763 1.72317 -3.81661 0.04996 0.04227 0.15343
940056 136.105807 35.602561 120.736 -12.81745 2.97609 -2.28185 0.05764 0.04812 0.18963
940057 135.233383 35.549904 44.165 -8.96289 3.07288 -3.91169 0.05497 0.05135 0.17628
940058 137.347910 36.135993 812.933 -18.97354 3.25656 -3.46987 0.05729 0.05354 0.20645
940059 137.248373 35.800484 406.394 -20.78173 2.32847 -2.89556 0.05529 0.04378 0.17330
940060 136.900024 35.526072 101.277 -19.96204 2.96804 -1.22868 0.05002 0.04169 0.15075
940061 137.467573 35.396765 534.144 -20.49440 4.74793 0.40985 0.05245 0.04338 0.15051
940062 136.158232 35.094728 154.993 -17.85239 2.24476 0.59914 0.05665 0.04124 0.17564
940063 137.041285 35.128109 100.900 -23.04346 5.35885 2.08632 0.05001 0.04069 0.14688
940064 136.502291 34.758998 46.820 -22.10826 3.63403 2.41100 0.06427 0.04727 0.17863
940065 136.851128 34.465387 80.901 -25.69939 7.94378 5.08536 0.06390 0.05441 0.25186
940066 136.198364 34.060658 59.838 -27.04879 5.91820 1.12639 0.06780 0.05177 0.18678
940067 135.500974 34.837999 136.732 -14.85799 2.79577 -0.24710 0.05713 0.04772 0.17503
940068 135.851408 34.392300 201.298 -21.55886 3.55374 1.81257 0.05588 0.04219 0.16374
940069 135.221492 34.157686 48.760 -21.52058 6.04802 2.27313 0.05266 0.04760 0.14865
940070 135.764414 33.483360 52.005 -38.29243 10.21113 -5.52362 0.05641 0.04312 0.16076
940071 134.550388 34.784812 42.873 -8.68703 4.23991 -3.56871 0.05178 0.03999 0.14966
940072 134.331336 35.586470 53.770 -4.91793 -6.02887 -6.69694 0.05709 0.04075 0.16547
940074 133.058653 35.433875 69.729 -3.98792 3.10931 -2.18156 0.05437 0.04360 0.16952
940075 132.208975 35.002812 64.909 -5.27588 4.29767 -2.14574 0.05231 0.04186 0.16819
940076 131.610374 34.616495 72.278 -5.95463 4.77278 -2.50601 0.05716 0.04798 0.16785
940077 133.527984 34.548797 94.141 -8.87760 6.45995 -0.79547 0.05530 0.04337 0.16631
940078 132.575439 34.340354 293.937 -9.49711 8.18506 -1.00035 0.05458 0.04261 0.15264
940079 130.913628 33.996556 75.555 -6.86705 3.06276 -1.91756 0.05538 0.04209 0.16722
940080 134.023904 34.286027 79.564 -12.33444 8.12424 0.82854 0.05334 0.04321 0.15729
940081 134.626021 33.926856 48.157 -24.26861 10.10471 1.03181 0.06024 0.04820 0.16447
940082 134.122126 33.315894 316.263 -43.37008 20.30532 -5.70726 0.05448 0.04232 0.16676
940083 133.578265 33.529150 70.820 -31.44351 15.59845 3.47683 0.05315 0.04539 0.16083
940084 133.241793 33.272899 45.697 -36.47507 18.04968 0.97240 0.05937 0.04630 0.17002
940085 132.966409 32.755739 74.432 -39.72609 21.75274 -4.99798 0.06069 0.04570 0.16881
940086 132.281180 33.469008 191.795 -22.91221 9.23652 2.28948 0.05630 0.04349 0.15685
940087 130.476768 33.730720 49.117 -6.96637 2.27956 -1.15796 0.05347 0.04155 0.16316
940088 131.691370 33.461546 51.403 -18.02109 6.57817 1.87321 0.05757 0.04213 0.17410
940089 130.967822 33.331084 149.689 -10.45295 2.68354 -2.29907 0.05732 0.04616 0.18409
940090 131.876376 32.924588 40.486 -24.54956 6.80797 1.97091 0.05912 0.04669 0.18008
940091 129.850291 33.476072 39.114 -3.71991 1.21726 -0.91869 0.05666 0.04230 0.17253
940092 129.860195 32.699752 187.480 -12.63690 1.22962 -6.15972 0.43436 0.30423 1.00968
940093 130.645597 32.546410 40.336 -9.69249 -3.39387 -1.50306 0.05672 0.04442 0.17876
940094 131.632324 32.445445 70.433 -18.97747 4.02408 0.69750 0.06193 0.04798 0.18170
940095 131.469676 32.021756 50.951 -12.85627 1.08335 -3.23271 0.06297 0.04836 0.18563
940096 130.190132 32.013245 104.268 -5.13853 -5.57908 -1.23852 0.05376 0.04496 0.16564
940097 130.466451 31.503770 503.099 -0.66648 -15.39124 -3.10909 0.06135 0.04759 0.17628
940098 130.299482 31.264592 42.579 -0.24436 -8.17575 -0.96368 0.06190 0.04608 0.17433
940099 131.087533 31.258534 298.140 1.24318 -9.34203 8.38967 0.11317 0.09528 0.37398
940100 127.768920 26.144814 127.557 8.36656 -13.55381 -3.14566 0.06352 0.12404 0.19397
942004 130.878577 31.425310 134.552 0.24110 -10.03209 -0.32963 0.09024 0.05881 0.30309
950212 140.413270 36.862093 209.116 -23.23932 3.12104 -4.21751 0.11852 0.05825 0.14572
950213 140.293423 36.650567 333.033 -22.48882 3.36370 -3.87917 0.11145 0.07707 0.15023
950214 140.753912 36.800310 75.923 -21.86485 2.22402 -3.00988 0.14134 0.07932 0.15245
950215 140.077947 36.364912 100.590 -22.90635 4.79429 -3.07871 0.08518 0.04401 0.13632
950216 140.476333 36.344370 71.546 -20.12788 4.00507 -2.95603 0.12143 0.04596 0.13952
950217 140.039256 36.854235 242.343 -24.28842 4.03521 -2.50905 0.09469 0.05598 0.15391
950218 139.619248 36.665984 390.778 -24.61257 4.76734 -2.72778 0.08866 0.05351 0.16354
950219 139.923467 36.598946 183.307 -23.91060 4.68601 -1.98868 0.08716 0.04809 0.14539
950220 139.224904 36.769692 868.746 -24.59119 5.48122 -0.02479 0.08384 0.06735 0.17537
950221 138.552713 36.507996 1013.806 -24.94298 5.62923 -6.91977 0.09131 0.06827 0.16336
950222 139.330387 36.421628 195.412 -24.82047 5.57263 -3.55311 0.06757 0.04314 0.15593
950223 139.075685 35.986891 284.002 -25.59943 7.38313 -2.39156 0.05371 0.04203 0.15292
950224 139.795986 35.895970 48.230 -24.04397 7.07693 -2.11853 0.05335 0.03897 0.14642
950225 140.048093 35.657206 43.715 -23.98301 6.41126 -2.83965 0.04895 0.05418 0.14502
950226 140.384908 35.243244 43.381 -24.56564 7.61301 1.11687 0.09288 0.15649 0.15060
950227 139.974889 35.002791 46.055 -34.64803 24.65350 -5.14750 0.05337 0.04438 0.14044
950228 139.630650 35.663697 82.569 -27.23772 9.59092 -1.62754 0.04922 0.04473 0.15508
950229 139.162601 35.336208 144.311 -28.26838 13.55757 -3.53178 0.07544 0.05720 0.17601
950230 139.142415 35.268600 64.192 -27.14546 13.79952 -3.47161 0.09524 0.05355 0.18481
950246 138.830845 36.993460 307.842 -24.28567 8.77078 -3.00747 0.09712 0.08038 0.15620
950247 138.198674 36.865404 624.477 -15.51508 5.87931 -3.91053 0.07559 0.05227 0.19949
950248 136.996125 36.740621 49.688 -10.48192 4.46026 -2.09428 0.06235 0.04931 0.15162
950249 137.195197 36.634337 75.201 -11.34166 4.70209 -1.94574 0.05739 0.04522 0.15940
950250 137.439895 36.578706 629.949 -13.57251 3.61918 -0.98170 0.06479 0.05449 0.17578
950251 136.920558 36.401879 359.443 -11.29045 3.81234 -2.56498 0.06164 0.05865 0.18731
950255 136.388942 36.394456 47.566 -7.70591 1.61892 -3.53936 0.04875 0.04368 0.15584
950256 136.633947 36.165289 572.377 -10.52257 1.74830 -2.51746 0.06012 0.05111 0.18936
950257 136.278944 36.145619 54.286 -8.81085 2.61964 -3.76295 0.05119 0.04352 0.15550
950258 136.504923 35.984908 221.005 -12.58821 2.50409 -4.13101 0.05196 0.04713 0.17617
950259 135.989763 35.945005 113.746 -8.53695 1.89037 -5.18372 0.05270 0.04502 0.15371
950260 136.197393 35.792782 149.876 -11.98633 2.48595 -3.26253 0.05554 0.04757 0.17474
950261 135.907639 35.534409 60.950 -9.85750 0.81326 -7.60644 0.10160 0.07682 0.27127
950262 135.608881 35.462715 58.610 -10.31503 2.87556 -2.82193 0.05467 0.04794 0.15679
950263 138.316396 35.855979 888.291 -24.22767 6.66969 -2.64373 0.06770 0.04692 0.17566
950264 138.695132 35.746875 665.002 -25.07946 7.08471 -2.87465 0.05315 0.04450 0.16150
950265 138.436165 36.801709 731.344 -23.24578 5.82243 -3.47287 0.06986 0.06346 0.24059
950266 137.872330 36.706469 728.555 -15.14377 3.76253 -3.47413 0.11282 0.05354 0.27847
950267 138.247467 36.665155 385.755 -21.26191 6.04791 -6.40322 0.05383 0.04372 0.14878
950268 138.322523 36.386177 738.983 -22.99568 5.91293 -5.64164 0.06198 0.06223 0.15377
950269 138.637796 36.346014 990.766 -26.14865 6.11091 -6.32048 0.05982 0.04780 0.15992
950270 137.902815 36.322371 577.935 -18.96835 3.99827 -5.91070 0.06374 0.04795 0.19872
950271 138.216485 36.208467 863.359 -23.23155 6.21572 -4.15961 0.06623 0.04843 0.17316
950272 138.460973 36.130640 935.991 -24.69612 6.80169 -4.14368 0.06857 0.05450 0.18759
950273 137.983011 36.121109 811.601 -21.88675 4.51122 -5.04513 0.06128 0.04353 0.18344
950274 137.696260 35.783618 819.825 -21.29728 4.30401 -4.64053 0.05991 0.04618 0.17612
950275 138.038317 35.556130 770.292 -23.26537 5.70345 -2.83162 0.05852 0.04557 0.17659
950276 137.815237 35.521092 570.594 -22.57901 5.43101 -0.92046 0.05690 0.04544 0.16860
950277 137.925272 35.317144 441.386 -23.15698 5.61756 -1.26611 0.05663 0.04579 0.16454
950278 137.587668 35.246999 680.105 -23.41806 6.06722 1.24075 0.05385 0.04288 0.15349
950279 137.147172 36.335511 520.679 -14.86942 3.46891 -2.94695 0.06102 0.05878 0.19186
950280 136.952763 36.033049 846.017 -17.01014 2.35060 -3.78047 0.05546 0.04544 0.17288
950281 137.534867 35.973458 1351.684 -19.48194 3.67096 -2.31770 0.06069 0.05172 0.16354
950282 136.863181 35.866941 403.962 -16.61603 2.23913 -3.76627 0.05860 0.04483 0.16277
950283 136.975302 35.757783 287.188 -20.61189 4.33263 -3.36925 0.05691 0.04707 0.16616
950284 137.424773 35.657189 513.863 -21.25155 4.32177 -2.76851 0.05201 0.04346 0.15647
950285 136.488767 35.636153 267.493 -13.69974 2.53405 -3.89662 0.06473 0.06441 0.18415
950286 136.611394 35.632898 224.157 -16.93146 2.36587 -2.51699 0.05725 0.04713 0.16878
950287 137.174145 35.612086 242.479 -20.26681 3.47693 -1.89232 0.04884 0.04096 0.14498
950288 136.687282 35.488324 80.716 -18.32452 1.71689 -1.17884 0.05214 0.04269 0.15536
950289 137.124687 35.478700 206.989 -20.59254 3.42199 -1.05060 0.04867 0.04127 0.14749
950291 136.549743 35.371710 61.388 -18.06983 2.45610 -1.54807 0.05969 0.04295 0.16254
950292 137.110232 35.367372 247.888 -21.12708 4.71568 0.38264 0.05015 0.04029 0.14667
950293 137.405606 35.261967 495.591 -22.54255 5.83367 1.54541 0.04811 0.04011 0.14888
950294 136.593445 35.227906 73.652 -20.58675 1.90771 -1.72021 0.07403 0.04899 0.19482
950295 137.980415 35.031518 337.242 -25.64401 5.11698 -1.16805 0.06082 0.04682 0.18738
950296 138.515678 34.986496 54.186 -31.84789 5.06085 -4.20338 0.05874 0.06823 0.16269
950297 138.922254 34.865589 466.228 -33.68315 6.52495 -3.68823 0.10531 0.07057 0.21546
950298 136.929979 35.334761 76.464 -20.91593 3.93932 0.49326 0.05069 0.04227 0.14781
950299 136.828832 35.190107 45.536 -21.42221 4.16991 0.36065 0.05196 0.04095 0.14479
950300 137.253563 35.138753 152.128 -24.11583 5.76337 1.69849 0.05084 0.04109 0.15071
950301 137.313164 35.039465 439.932 -24.20791 6.22505 1.75156 0.05090 0.03998 0.14101
950302 137.059779 34.994992 52.520 -24.66560 5.92378 4.77433 0.05191 0.03821 0.14571
950303 137.299939 34.919746 139.123 -25.54282 6.73074 3.74660 0.05251 0.04299 0.14684
950304 136.867642 34.823356 73.577 -24.41997 6.66815 3.02680 0.05373 0.04135 0.14479
950305 137.118998 34.794871 57.583 -25.76857 6.44687 4.77585 0.05257 0.04164 0.14696
950306 137.277838 34.648661 64.705 -27.69915 7.21035 1.92448 0.05673 0.04244 0.14964
950307 137.068066 34.609238 49.429 -27.54232 7.61652 1.94941 0.05491 0.03811 0.14868
950309 136.636501 34.913803 44.916 -22.29563 3.73554 2.47725 0.05532 0.04311 0.16618
950310 136.183451 34.742875 219.564 -19.37180 2.78163 2.44640 0.05485 0.04244 0.15935
950311 136.550657 34.547048 61.061 -24.38382 4.41423 2.90402 0.05676 0.04098 0.16560
950312 136.334258 34.433140 213.103 -23.88942 3.91508 1.61433 0.05869 0.06428 0.18358
950314 136.820614 34.253439 55.478 -29.08695 7.30375 0.04725 0.05663 0.04218 0.14991
950315 136.085901 33.875136 55.878 -28.36714 6.37720 0.89339 0.06205 0.05096 0.18032
950316 136.010900 33.741273 62.258 -29.90226 7.12027 -0.33944 0.05953 0.04903 0.17668
950317 136.197945 35.557331 205.734 -13.68871 1.84552 -2.85618 0.05825 0.04437 0.16866
950318 136.053666 35.466287 138.654 -13.63827 1.73305 -2.84994 0.07355 0.05213 0.18690
950319 135.913207 35.351255 228.524 -12.86120 2.22531 -2.84384 0.05832 0.04793 0.16752
950320 136.062827 35.318975 128.166 -14.28344 2.77088 -0.30553 0.07920 0.06692 0.23048
950321 136.235613 35.269441 128.763 -16.76985 2.98740 -1.34752 0.05440 0.04273 0.15291
950322 135.870808 35.137040 220.363 -15.04397 2.42067 -2.50474 0.05533 0.04606 0.16164
950323 136.145038 34.986384 216.654 -18.86095 2.81628 0.25408 0.05737 0.04059 0.15379
950324 135.906165 34.939603 130.329 -17.28572 2.59954 0.37481 0.06104 0.04442 0.16883
950326 136.054828 34.869327 344.305 -18.87416 3.86222 0.07663 0.05883 0.05140 0.16622
950327 135.173215 35.752353 65.329 -7.17101 2.68563 -4.09993 0.05337 0.04039 0.15329
950328 134.932285 35.555682 68.185 -7.81978 2.54584 -4.37643 0.05539 0.05405 0.16700
950329 135.164034 35.292336 109.084 -10.09597 3.73655 -2.53288 0.05189 0.04306 0.16320
950330 135.773974 35.209535 447.125 -11.11739 1.41333 2.25245 0.13777 0.12174 0.42217
950331 135.366905 35.163787 264.852 -11.02648 3.86246 -2.63702 0.05138 0.04263 0.14521
950332 135.564522 35.077582 168.052 -12.76673 3.60490 -2.78639 0.05381 0.04055 0.15146
950333 135.665436 34.988572 219.249 -14.56479 3.36641 -2.67915 0.05526 0.04139 0.16488
950334 135.864150 34.746971 87.041 -19.98232 3.50677 -1.85021 0.05771 0.04286 0.16576
950335 135.685453 34.777838 74.358 -18.32800 2.61292 1.02434 0.06239 0.04743 0.16146
950336 135.518491 34.677906 61.484 -17.33709 3.95586 -2.63020 0.05502 0.04152 0.15966
950337 135.481342 34.527310 73.631 -18.02685 4.40065 1.84934 0.05389 0.04042 0.14260
950338 135.627335 34.479108 147.627 -19.77433 4.25198 1.31792 0.05730 0.04088 0.16371
950339 135.586946 34.424809 301.886 -19.08548 4.25280 0.88237 0.05398 0.04637 0.15016
950340 135.364156 34.406452 91.985 -17.89484 5.73291 1.55538 0.04978 0.04155 0.15293
950341 134.582493 35.436747 587.928 -6.32597 3.02033 -4.31842 0.06165 0.05129 0.18155
950342 134.818502 35.314898 258.402 -8.35220 3.08533 -6.05984 0.05775 0.05020 0.16455
950343 135.181898 35.105285 257.396 -10.04483 3.64346 -2.41496 0.05377 0.04699 0.15764
950344 134.585959 35.094454 210.429 -8.98044 3.60512 -2.36591 0.06099 0.04462 0.16745
950345 134.972588 35.090785 139.842 -10.40738 3.88600 -3.36447 0.05253 0.04363 0.15481
950346 134.403777 34.997595 155.174 -8.29645 3.46912 -3.03074 0.05233 0.04081 0.14799
950347 134.767301 34.984685 124.690 -9.55861 3.77021 -3.26360 0.05343 0.04060 0.15274
950348 135.325996 34.976790 232.672 -11.55165 4.45612 -0.69860 0.05497 0.04537 0.14826
950349 135.176417 34.944793 219.950 -11.71968 5.61226 -2.77311 0.05331 0.04390 0.15334
950350 134.545236 34.897266 79.043 -9.08889 3.04225 -3.42713 0.05385 0.03955 0.15332
950351 135.215906 34.812189 312.420 -12.75580 4.08341 -2.10075 0.05397 0.04589 0.15070
950352 134.997234 34.804917 100.400 -11.39245 4.47315 -2.15458 0.05094 0.04079 0.14633
950353 135.341778 34.790904 130.049 -14.12054 3.93860 -1.18334 0.05979 0.04716 0.15227
950354 134.828778 34.786963 47.743 -9.93713 3.01141 -2.89665 0.05318 0.04476 0.14777
950355 135.380381 34.724251 44.089 -16.11138 2.72405 -0.62411 0.05569 0.04713 0.15739
950356 135.172288 34.686988 84.773 -14.73712 4.17283 -1.79864 0.05680 0.04076 0.14573
950357 134.519567 34.669879 102.812 -9.95605 5.20143 -2.32466 0.05545 0.03989 0.14796
950358 134.965705 34.669737 66.471 -11.50482 4.55846 -1.52308 0.05302 0.04153 0.14766
950359 135.024074 34.577054 50.417 -13.65704 3.30949 -2.61838 0.05581 0.03949 0.15484
950360 134.860972 34.493320 50.326 -11.87126 5.36914 -2.02335 0.08808 0.06985 0.28496
950361 134.881527 34.349768 107.180 -14.31456 6.98658 -3.20232 0.05535 0.04734 0.16527
950362 134.735191 34.334330 45.609 -14.37699 6.78571 -3.98828 0.05428 0.04097 0.14871
950363 134.736536 34.223670 49.731 -16.36921 7.58551 -0.45658 0.05757 0.04054 0.14997
950364 136.050386 34.567033 367.625 -21.05250 2.79534 0.49236 0.06293 0.04664 0.15613
950365 135.731001 34.539222 109.282 -21.53630 3.70855 1.30689 0.06059 0.04039 0.15991
950366 135.704174 34.388300 273.975 -19.23705 4.21774 -1.32639 0.07050 0.05267 0.17768
950367 135.963737 34.038165 287.235 -25.14675 5.25187 1.44427 0.08657 0.04958 0.21071
950368 135.357962 34.256138 69.830 -20.17111 6.58699 5.13998 0.05118 0.04289 0.15572
950369 135.065974 34.271463 88.455 -15.52276 7.48721 -1.90437 0.05652 0.04509 0.14696
950370 135.590120 34.221827 847.142 -18.39599 4.19727 1.39947 0.05334 0.04442 0.15506
950371 135.384864 33.961674 262.963 -26.18517 6.90331 0.77531 0.05814 0.05069 0.16284
950372 135.180084 33.913853 66.416 -25.33606 9.49306 4.06918 0.06022 0.06103 0.23780
950373 135.782084 33.815202 104.651 -31.12863 5.19089 -5.68450 0.06982 0.06404 0.35194
950374 135.508397 33.785489 227.609 -28.17837 8.53024 0.39295 0.06060 0.04453 0.15833
950375 135.396183 33.744275 51.153 -29.30437 8.36537 0.24731 0.05376 0.04081 0.15551
950376 135.920710 33.583914 48.869 -34.14644 8.48693 -3.88970 0.05314 0.04317 0.15384
950377 135.599204 33.505618 69.780 -37.14849 11.10963 -3.74915 0.05620 0.04308 0.15918
950378 134.046670 35.456755 101.546 -6.87389 1.86896 1.09335 0.05843 0.05021 0.19969
950379 133.439071 35.345536 125.600 -6.84640 3.04903 -3.63013 0.05735 0.04779 0.17698
950380 134.237367 35.265863 221.669 -7.54492 3.06662 -3.63222 0.05946 0.05050 0.17259
950381 133.308531 35.164575 357.445 -9.78577 4.22599 -4.90549 0.06847 0.05155 0.16898
950382 133.239879 36.285290 77.335 -1.46883 3.90759 -2.51239 0.05864 0.05234 0.16990
950383 132.984378 36.093210 40.342 -2.65419 2.47540 -2.18260 0.05660 0.04502 0.17268
950384 132.743213 35.392615 43.802 -3.76713 3.68470 -5.44883 0.05481 0.04333 0.17005
950385 132.995423 35.195613 343.422 -6.14394 4.60385 -3.13244 0.05484 0.04453 0.17779
950386 132.507321 35.185954 74.604 -4.26171 3.75244 -3.31503 0.05185 0.03999 0.15269
950387 132.720505 35.019773 473.964 -5.10573 2.48026 -3.94482 0.05642 0.04169 0.16028
950388 131.923144 34.767344 65.738 -6.83325 3.43135 -3.36030 0.05204 0.04094 0.15558
950389 133.792476 35.263539 602.773 -6.44455 2.81318 -2.94401 0.06525 0.05682 0.17531
950390 134.319639 35.099641 321.817 -7.76323 7.40288 -4.14426 0.05416 0.04576 0.15479
950391 134.234769 35.020882 228.253 -7.66878 3.61416 -3.03954 0.05194 0.04176 0.15179
950392 133.734501 35.002961 172.221 -6.96875 3.75140 -2.57483 0.05649 0.04237 0.15845
950393 133.960862 34.982544 202.322 -7.66291 3.60903 -3.36057 0.05481 0.04129 0.16041
950394 133.598089 34.809692 471.642 -7.42194 5.36945 -0.89297 0.05657 0.04530 0.16201
950395 133.929048 34.791385 113.564 -8.57266 3.14903 -3.79731 0.05515 0.04233 0.15957
950396 134.165760 34.657724 153.929 -8.10033 3.76652 -3.67939 0.05029 0.03863 0.14812
950397 133.796733 34.438569 59.586 -10.54178 7.32719 -0.17520 0.05505 0.04242 0.15443
950398 133.120229 34.943450 392.161 -6.80961 5.01331 -3.01310 0.06593 0.06168 0.19865
950399 132.277334 34.726899 622.189 -6.58965 5.04538 -2.84241 0.05986 0.04196 0.16557
950400 132.540240 34.678815 311.211 -8.44769 4.55098 -2.94944 0.06177 0.04574 0.16078
950401 133.107534 34.672453 417.921 -7.87254 5.56719 -2.01090 0.05307 0.04113 0.15702
950402 132.824001 34.571301 426.540 -8.40551 6.72526 -2.93518 0.05575 0.04793 0.16503
950403 132.463468 34.539158 194.573 -8.62464 6.00166 -4.10403 0.05419 0.04266 0.16014
950404 132.269112 34.575420 272.319 -6.15623 5.75701 -2.60268 0.17979 0.15025 0.48692
950405 133.009799 34.378683 61.281 -10.26247 8.01345 0.04074 0.05372 0.04412 0.16029
950406 132.344950 34.369512 46.307 -7.92873 7.80080 -7.60690 0.31816 0.29712 0.93197
950407 131.416544 34.439860 53.744 -6.21835 4.69710 -2.32226 0.05846 0.04306 0.17801
950408 130.943144 34.294608 126.858 -6.09475 3.77903 -2.21430 0.05534 0.04232 0.16677
950409 131.562788 34.283736 305.988 -7.25356 6.35720 -3.16738 0.06541 0.04614 0.18592
950410 131.953287 34.259081 158.558 -9.09679 6.49141 -0.44366 0.06422 0.04716 0.17430
950411 131.346081 34.189490 135.871 -7.53816 4.65392 -1.47444 0.05775 0.04554 0.17618
950412 131.530821 34.057240 44.153 -9.23282 5.44951 -1.38387 0.05576 0.04236 0.16546
950413 131.286040 33.977714 104.740 -9.26139 4.32845 -1.82105 0.05648 0.04169 0.16199
950414 132.104442 33.975069 45.265 -12.94120 7.94637 0.67665 0.05648 0.04786 0.16089
950415 134.351971 34.096989 65.143 -18.49950 9.17236 -0.21894 0.05837 0.04620 0.16190
950416 134.560139 34.059906 42.751 -20.25529 8.94532 1.30801 0.05826 0.04336 0.15998
950417 134.049179 34.051500 115.088 -18.76619 10.75245 3.89065 0.06866 0.04542 0.20254
950418 134.230230 34.038417 87.182 -19.73153 10.27405 1.30464 0.06227 0.04588 0.17185
950419 133.681285 33.936674 833.281 -21.10771 12.22174 2.97778 0.05944 0.05223 0.16717
950420 134.389104 33.878931 326.821 -25.09433 10.63451 0.49194 0.06692 0.06586 0.18861
950421 134.058195 33.877516 1410.074 -20.88701 15.39990 -0.12589 0.07555 0.06123 0.16311
950422 134.667794 33.830241 47.243 -27.27432 11.06244 0.26271 0.05725 0.05331 0.16439
950423 134.533006 33.725088 44.429 -29.35683 12.14084 -1.79712 0.05994 0.05112 0.16609
950424 134.372027 33.618499 51.640 -33.68369 15.13162 -0.43563 0.05941 0.04520 0.16761
950425 134.314205 34.472375 44.074 -9.99785 5.79396 -1.96800 0.06547 0.05085 0.16855
950426 134.241980 34.254578 141.380 -13.56645 7.94628 -0.36362 0.05247 0.04383 0.15246
950427 133.715065 34.217394 52.336 -13.85024 9.01320 0.51657 0.05496 0.04312 0.15604
950428 133.647518 34.068075 59.140 -17.59027 10.31241 2.60346 0.05542 0.04604 0.15889
950429 133.925504 34.164168 221.352 -15.35406 9.60469 1.29712 0.05714 0.04565 0.15147
950430 132.990232 34.077887 41.871 -14.27021 9.38335 1.87671 0.05617 0.04339 0.15888
950431 133.538235 33.938661 760.748 -19.77523 7.69798 1.62721 0.05784 0.05173 0.16618
950432 133.201314 33.921205 43.160 -19.28208 10.82081 1.95109 0.05896 0.04487 0.16617
950433 132.911643 33.796497 172.282 -20.65862 11.60414 3.05455 0.05747 0.05363 0.19665
950434 132.683969 33.722597 89.222 -21.13930 10.74181 4.79771 0.05656 0.04683 0.16618
950435 132.937881 33.569224 1545.349 -25.73076 12.64321 4.80355 0.05755 0.04562 0.15173
950436 132.693412 33.446764 239.299 -31.19509 8.18571 -0.72782 0.06159 0.06559 0.15955
950437 132.561823 32.963904 49.285 -33.36166 15.23981 -5.70065 0.06396 0.04674 0.17076
950438 133.655772 33.766976 377.074 -24.68561 13.48362 3.15453 0.06013 0.05105 0.16747
950439 133.805026 33.654153 206.683 -28.52883 15.50524 1.49436 0.05755 0.05218 0.17644
950440 134.106906 33.603787 500.849 -32.63355 16.56154 -0.56354 0.06340 0.05836 0.16848
950441 134.280803 33.527760 49.335 -37.11187 16.35588 -3.09029 0.06415 0.04830 0.17429
950442 133.903647 33.505735 49.699 -35.05897 16.71299 -0.41037 0.05268 0.04386 0.15701
950443 133.280914 33.468401 149.020 -32.27386 15.70556 1.63745 0.05668 0.04981 0.16849
950444 134.007134 33.427796 45.742 -39.26679 18.83019 -4.11421 0.05305 0.04474 0.15720
950445 133.402984 33.407704 179.504 -34.27790 17.06761 1.52864 0.05810 0.04619 0.15389
950447 132.792691 33.171644 111.538 -32.66873 15.10961 -1.82021 0.06599 0.04503 0.18662
950448 132.999232 32.991232 60.116 -38.13768 18.65900 -0.80210 0.05958 0.04426 0.16019
950449 132.703727 32.840607 116.754 -37.67794 18.63289 -6.47127 0.06179 0.04350 0.16619
950450 130.250821 33.536143 78.119 -4.85031 0.80964 -1.97321 0.05857 0.06235 0.19326
950451 130.521959 33.500379 87.733 -9.30499 3.03519 -3.83034 0.06052 0.04720 0.18487
950452 130.828752 33.465461 527.592 -8.77219 2.57358 -1.48537 0.05858 0.04891 0.17901
950453 130.564644 33.205875 69.840 -7.73452 -0.33276 -2.96204 0.05301 0.04311 0.16833
950454 130.268718 33.274852 42.888 -5.36918 0.61943 -1.94436 0.06017 0.04396 0.16479
950455 130.094168 33.098475 52.622 -4.95567 0.20554 -2.39845 0.05905 0.04693 0.17368
950456 129.482061 34.655552 67.887 -2.70219 2.07497 -0.80213 0.05581 0.04330 0.16038
950457 129.311502 34.268206 43.456 -2.28529 2.23386 -1.08746 0.06281 0.04775 0.17302
950458 129.734724 33.742656 127.966 -3.13284 1.74887 -0.68669 0.05735 0.04326 0.16845
950459 129.537013 33.362203 172.368 -3.15714 1.49704 -0.95515 0.05689 0.04479 0.16469
950460 129.690657 33.063102 111.503 -3.92186 0.67438 -0.88662 0.05665 0.04458 0.16100
950461 130.271331 32.870687 43.327 -6.91561 -1.69765 -1.80728 0.05850 0.04905 0.17150
950462 128.843116 32.669385 150.839 -1.60417 0.21631 -0.77106 0.05855 0.04720 0.17818
950463 130.154606 32.636915 71.177 -6.55065 -3.07496 -1.02957 0.05815 0.04397 0.16690
950464 130.547724 32.933496 51.480 -7.83575 0.13537 -1.25404 0.05521 0.04176 0.16803
950465 130.764795 32.842099 92.256 -9.63503 -0.68152 -1.89242 0.05766 0.04306 0.16309
950466 131.099303 32.740650 725.304 -15.43161 -0.59670 -2.23117 0.06006 0.04831 0.17333
950467 129.987297 32.326242 66.649 -5.66605 -4.57536 -1.07881 0.05775 0.04438 0.16407
950468 130.506832 32.299157 42.879 -8.68546 -4.39465 -1.83993 0.06315 0.04768 0.16876
950469 130.802622 32.238674 193.600 -9.81466 -4.05915 -0.11238 0.06548 0.04552 0.17826
950470 131.564165 33.671194 39.858 -12.90187 6.92882 -0.22572 0.10500 0.08688 0.18839
950471 131.168932 33.496234 129.155 -11.40712 4.43688 -1.39363 0.05967 0.04642 0.18106
950472 131.347277 33.254043 487.890 -16.04908 2.44781 -2.09386 0.07591 0.06206 0.18775
950473 131.798065 33.239436 54.445 -22.97205 6.12113 3.13874 0.06393 0.04930 0.17502
950474 131.286085 33.009028 579.879 -18.87766 -0.89591 -2.45214 0.05913 0.05521 0.19266
950475 131.587843 32.986858 200.550 -21.96289 3.80160 -0.12901 0.05971 0.04949 0.17089
950476 131.756841 32.704017 580.417 -22.75668 6.95140 -0.65548 0.06124 0.05707 0.17775
950477 131.327615 32.684834 346.542 -18.61764 0.37734 -2.05666 0.05880 0.05989 0.18124
950478 131.148866 32.456641 617.967 -14.38345 -1.14572 -2.10057 0.06877 0.05579 0.20585
950479 131.185224 32.245856 943.149 -16.11900 -3.55482 -1.04722 0.07879 0.04925 0.18036
950480 131.515846 32.170433 97.155 -15.81039 1.51618 0.53999 0.06712 0.05162 0.17959
950481 131.078568 31.965049 215.914 -9.92784 -4.60339 -0.31336 0.07176 0.05209 0.20617
950482 131.021514 31.740315 201.435 -3.56917 -6.79842 -1.95515 0.06263 0.04841 0.18954
950483 131.368867 31.676546 83.938 -4.75567 -3.88955 -0.88195 0.07392 0.06147 0.22443
950484 131.217390 31.469376 60.207 -1.53650 -7.07282 -0.31466 0.06064 0.05253 0.19064
950485 130.597815 32.057502 215.744 -7.51466 -6.05043 -1.41981 0.06132 0.04630 0.17235
950486 130.759673 31.855528 254.585 -4.14109 -5.30371 2.72064 0.07382 0.05020 0.19428
950487 129.795441 31.768684 51.514 -0.99595 -6.71996 -1.02949 0.05871 0.04520 0.16845
950488 130.278146 31.717379 62.338 -1.96944 -7.74991 3.50224 0.06273 0.05428 0.20494
950489 130.836066 31.617376 451.342 0.78193 -9.16256 1.04102 0.07357 0.04912 0.19621
950490 130.640357 31.235225 46.763 -0.80224 -9.45015 -4.66917 0.06316 0.05127 0.19169
950491 130.723058 31.106205 368.139 -0.16673 -9.03249 0.26677 0.06174 0.05059 0.18131
950492 130.964219 30.530867 129.605 1.29380 -10.45838 -0.17244 0.05939 0.04966 0.18631
950493 130.638375 30.381722 177.481 -0.06923 -10.59990 0.43142 0.07634 0.06998 0.25625
950494 129.489024 28.399088 199.341 -2.14005 -16.05385 -0.44258 0.07730 0.07339 0.19899
950495 128.432326 27.032184 119.876 2.25988 -23.52317 0.85440 0.05845 0.05505 0.17266
950496 127.898448 26.694811 71.444 0.95470 -24.88049 -1.70529 0.06657 0.05587 0.19138
095105 139.171034 35.040628 77.486 -31.40089 14.17039 -3.56465 0.06564 0.05046 0.18498
095113 139.797245 33.119950 112.183 -40.49581 25.12028 0.86279 0.09393 0.08259 0.22937
960570 137.893871 36.950872 236.568 -12.07994 4.15718 -2.85352 0.06725 0.05275 0.18485
960572 137.369514 36.736958 66.577 -11.96999 4.64768 -2.74848 0.06801 0.05104 0.15294
960573 137.031898 36.649562 88.668 -10.55607 4.42487 -2.53423 0.05788 0.04878 0.15999
960577 136.755650 36.817479 60.203 -8.92078 0.80966 -5.32125 0.05913 0.05078 0.16280
960578 136.605333 36.370069 223.606 -8.98328 1.74521 -3.50354 0.05246 0.04638 0.17266
960579 136.184992 35.968887 54.204 -10.84529 2.12363 -2.97495 0.05048 0.04328 0.16402
960580 136.055982 35.836841 78.116 -10.88813 2.00421 -4.45307 0.05358 0.04244 0.16253
960581 140.497598 36.743027 312.423 -22.27429 3.05281 -3.58364 0.12928 0.06142 0.14761
960582 139.987766 36.300705 76.284 -23.17941 5.19550 -2.12267 0.07871 0.04616 0.14176
960583 139.931499 36.114814 67.658 -21.83313 7.36523 -12.18632 0.06182 0.03904 0.13031
960584 140.202444 36.031340 70.911 -22.68884 5.60917 -1.98829 0.06839 0.04263 0.12459
960585 140.164757 36.952307 303.581 -24.12431 2.54798 -2.87711 0.10519 0.05998 0.17777
960586 139.805748 36.979582 610.445 -22.94859 3.72973 -2.13905 0.09435 0.06197 0.16854
960587 139.854257 36.776372 302.414 -24.19411 3.81150 -3.28444 0.08830 0.04855 0.16426
960588 140.157690 36.692456 155.010 -23.43182 4.07729 -4.12787 0.09640 0.05093 0.14333
960589 139.490590 36.624174 1335.674 -24.68688 5.25655 -3.02574 0.07804 0.05877 0.16715
960590 140.179308 36.542216 178.669 -22.54812 4.01854 -3.88808 0.09905 0.04862 0.14718
960591 138.591445 36.616318 1277.008 -25.41732 6.79301 -4.17438 0.09045 0.05559 0.20120
960592 139.066641 36.234670 178.552 -24.93835 5.69632 -4.07510 0.05779 0.04414 0.16301
960593 138.912419 36.142753 964.007 -25.89151 5.59299 -2.88636 0.05661 0.04320 0.14969
960594 139.434017 34.761543 140.002 -29.78099 27.26739 2.02128 0.09824 0.07157 0.21594
960595 139.358586 34.737613 86.524 -44.26777 21.45764 3.10650 0.12351 0.04563 0.20905
960596 139.270932 34.519633 301.706 -37.62718 16.45789 -0.14311 0.06573 0.04650 0.16758
960597 139.210939 34.333121 78.623 -39.72118 13.75093 -2.16979 0.05780 0.04570 0.18014
960598 139.137575 34.239914 53.252 -46.17124 9.95616 7.67273 0.06477 0.04988 0.18226
960599 139.561764 34.093763 80.337 -30.19490 25.32020 -2.26583 0.12738 0.07172 0.29098
960600 139.478806 34.075781 77.291 -41.61279 25.13346 10.74352 0.07224 0.05104 0.22244
960601 139.612853 33.884124 466.350 -36.78619 28.06123 -1.57784 0.10024 0.06331 0.19565
960602 139.764617 32.463502 381.171 -43.40025 25.75093 -7.03482 0.12445 0.09674 0.20077
960606 138.690381 35.649518 383.922 -25.71097 7.59933 -3.14323 0.05235 0.04395 0.15678
960607 139.025776 35.511868 738.647 -27.44455 10.21887 -1.87540 0.05426 0.05440 0.16207
960608 137.984550 36.239029 648.000 -21.71994 5.19578 -5.61499 0.05885 0.04292 0.18504
960609 137.871750 36.228369 691.503 -20.18396 4.04047 -4.67820 0.06791 0.05011 0.19116
960610 138.499280 36.284713 790.981 -24.61143 7.09920 -3.75416 0.05551 0.05996 0.15095
960611 137.682627 36.084663 1133.410 -19.85638 3.91529 -3.11489 0.07698 0.05818 0.21111
960612 138.214484 36.026163 1024.987 -23.66104 5.65049 -3.84912 0.05310 0.04446 0.16636
960613 138.583026 35.974147 1238.648 -25.05665 6.63372 -3.76606 0.07161 0.05317 0.18471
960614 137.598273 35.880003 995.741 -19.06636 3.58581 -2.53527 0.09274 0.05582 0.20868
960615 137.983889 35.726293 700.146 -22.89406 5.33277 -2.33147 0.07595 0.04854 0.20729
960616 137.676397 35.343734 1498.877 -22.58402 5.74854 1.25577 0.05487 0.04500 0.15136
960617 136.904269 36.261468 573.252 -12.79360 2.88116 -3.02069 0.06766 0.06323 0.20838
960618 137.363019 36.285643 675.782 -17.07730 2.79921 -3.93498 0.05369 0.05312 0.18911
960619 137.200668 35.911635 500.266 -20.49495 2.84321 -3.79945 0.05628 0.04379 0.16089
960620 138.776524 34.855034 52.169 -35.25280 6.07585 -4.26996 0.06934 0.05005 0.17355
960621 138.928355 35.204395 308.520 -30.52213 2.96161 0.27546 0.06886 0.05331 0.18257
960622 138.098289 34.679923 52.283 -31.34915 8.14050 -6.82131 0.05617 0.03824 0.15167
960623 138.182964 34.677752 151.706 -32.34724 8.29859 -7.19870 0.05317 0.03860 0.14509
960624 138.046523 34.666410 53.314 -31.24388 8.53369 -5.94018 0.05421 0.03869 0.15210
960625 138.159038 34.634540 64.898 -33.57060 9.27096 -7.74974 0.05596 0.03784 0.14775
960626 138.906894 35.047243 48.782 -31.95763 2.89639 -2.96490 0.05797 0.04891 0.16574
960627 140.086307 36.103635 69.747 -23.00149 6.03289 -4.42963 0.06661 0.03689 0.11684
960628 138.939326 34.698904 54.731 -38.60399 9.55022 -4.00729 0.06579 0.04594 0.15911
960629 137.073565 35.239086 156.659 -23.02509 4.94988 -1.78908 0.05167 0.03867 0.15317
960630 136.965801 35.168422 95.803 -22.64890 4.88666 1.97235 0.05223 0.03948 0.14639
960631 136.862749 34.984394 54.847 -24.11119 4.58757 2.07244 0.05365 0.03864 0.15093
960632 136.831877 34.904385 47.073 -23.97047 4.76007 3.35300 0.05203 0.03764 0.14436
960633 136.694250 35.050911 43.185 -22.11465 3.59389 2.00649 0.05643 0.04206 0.15942
960634 136.393260 34.854901 143.982 -20.94218 3.10001 0.63929 0.06243 0.05022 0.18545
960635 136.329759 34.648749 107.764 -21.96319 2.79113 3.43973 0.09139 0.05487 0.21042
960636 136.628399 34.431442 67.880 -25.75152 5.37926 1.83908 0.05970 0.04996 0.16906
960637 136.342932 34.208157 47.108 -26.16214 5.48030 0.20569 0.05930 0.05117 0.17937
960638 136.264746 35.420357 135.956 -15.55444 1.87019 -1.98886 0.05315 0.04171 0.15799
960639 136.041199 35.085724 134.959 -17.99587 3.28656 0.29998 0.05648 0.04199 0.16105
960640 135.034047 35.685078 49.816 -6.91656 3.17024 -3.76981 0.05166 0.04146 0.15406
960641 135.415830 35.482214 46.546 -9.63593 2.72274 -4.46363 0.05410 0.04541 0.16099
960642 135.549522 35.275860 231.637 -11.95961 3.51347 -3.37007 0.05395 0.04530 0.15747
960643 135.773302 35.053137 112.552 -14.83285 2.31093 -2.04540 0.05480 0.04352 0.16779
960644 135.772395 34.952642 76.874 -16.32474 3.13273 4.37830 0.05451 0.04088 0.16206
960645 134.677378 35.621202 70.223 -6.64883 3.68629 -4.50693 0.05920 0.04441 0.17873
960646 134.728711 35.461262 124.815 -7.83668 3.04495 -3.31440 0.06634 0.05325 0.17833
960647 135.022034 35.237880 162.393 -9.83556 3.33758 -3.98444 0.05713 0.05202 0.16761
960648 134.771221 35.162743 417.854 -8.77075 2.79762 -4.43545 0.06350 0.04701 0.16913
960649 134.945034 34.936189 101.036 -10.51975 4.35588 -3.11052 0.05270 0.04107 0.16114
960650 135.528349 34.311840 188.757 -19.53939 5.30300 2.51687 0.05199 0.04515 0.15857
960652 135.167744 34.025391 47.116 -20.97472 1.70747 -3.38210 0.06137 0.06381 0.19585
960653 135.496197 33.554412 47.881 -35.00892 10.74276 -2.63017 0.05457 0.04454 0.15615
960654 133.339688 35.436010 46.761 -3.80191 3.55969 -2.71517 0.05482 0.04252 0.16213
960655 134.325279 35.361443 159.345 -6.90567 3.43478 -4.12416 0.05550 0.05064 0.17066
960656 133.137887 35.563535 44.000 -5.68082 5.64576 -4.42120 0.06321 0.05170 0.17819
960657 132.457324 34.892658 225.013 -6.34365 3.93824 -2.65216 0.06035 0.05627 0.16751
960658 132.013557 34.571063 298.909 -6.42121 5.02775 -2.75306 0.05894 0.04704 0.18082
960659 131.864313 34.439721 221.847 -7.64121 5.21485 -1.16320 0.07013 0.05451 0.17927
960660 133.563990 35.169662 603.466 -5.76017 3.38204 -3.74444 0.05707 0.04661 0.17891
960662 133.396275 34.993364 293.465 -6.97526 3.74414 -2.39834 0.05830 0.04406 0.16766
960663 132.851575 34.811603 199.083 -5.98045 4.29781 -3.42211 0.05344 0.04195 0.15955
960664 133.337633 34.777792 554.095 -7.81135 4.87145 -2.91698 0.05310 0.04190 0.15270
960665 132.194653 34.370346 401.849 -9.10428 6.71106 -1.19270 0.05713 0.04483 0.16787
960666 132.455545 34.260922 57.442 -10.56679 7.65174 -0.43174 0.05710 0.04263 0.16095
960667 132.884384 34.210069 46.687 -11.63960 8.72777 0.82659 0.05438 0.04190 0.15916
960668 131.152394 34.764346 40.038 -4.52008 3.66378 -2.51422 0.05873 0.04212 0.16046
960669 131.176160 34.342087 76.890 -7.85310 3.37870 1.29658 0.06890 0.05102 0.20344
960670 131.065670 34.179772 70.169 -6.73257 4.23354 -1.48604 0.06833 0.04678 0.18493
960672 132.358336 33.909934 39.674 -14.14751 9.04194 2.04137 0.05867 0.04685 0.16514
960673 134.605025 34.171810 42.594 -17.40728 7.58235 -1.39193 0.05440 0.04156 0.15412
960674 133.874988 34.039739 134.518 -17.54527 12.73255 0.86148 0.06030 0.04350 0.16593
960675 134.301467 33.789531 333.454 -27.44981 12.44633 1.18344 0.06110 0.05347 0.18236
960676 133.998679 34.445455 44.389 -9.33955 6.75631 -3.72283 0.05643 0.04215 0.15878
960677 133.780674 34.383400 43.518 -10.24491 7.97217 -1.66219 0.05447 0.03900 0.15125
960678 133.189100 34.252446 58.377 -11.51579 8.15440 0.71128 0.07949 0.07612 0.17475
960679 132.781739 33.959473 45.862 -15.32072 10.18738 3.63196 0.05540 0.04226 0.16003
960680 132.487255 33.611594 196.933 -21.57302 10.69915 2.74557 0.06834 0.08504 0.19979
960681 132.543756 33.177588 183.740 -29.08758 11.87060 -5.77334 0.06269 0.05016 0.16987
960683 133.228470 33.326910 43.237 -35.13897 17.98536 0.95510 0.05947 0.04650 0.15729
960684 133.128637 33.215432 263.846 -35.49084 18.33756 -0.20963 0.05534 0.04202 0.16072
960685 130.749551 33.745508 59.933 -7.66879 3.62021 -4.40141 0.06208 0.04597 0.18454
960686 131.016531 33.697404 55.443 -9.41381 3.84288 -2.84995 0.05741 0.04264 0.17607
960687 130.823889 33.640463 87.493 -8.52887 3.10814 -0.24724 0.05939 0.04458 0.18944
960688 130.701153 33.327225 85.756 -7.90356 1.19541 -2.92616 0.05914 0.07466 0.17923
960689 129.940088 33.196031 139.399 -4.51068 1.51886 -0.81393 0.05909 0.04203 0.17811
960690 129.690024 33.266120 113.559 -3.92178 0.86005 -2.06685 0.05766 0.04931 0.16942
960691 129.125511 33.255790 92.063 -1.00533 1.45826 -1.40819 0.05869 0.04102 0.16047
960692 129.026342 32.885628 60.753 -2.11927 0.16649 -0.40872 0.06308 0.04672 0.17250
960693 130.166427 32.795701 144.080 -5.55161 -1.19796 -1.43473 0.05500 0.04258 0.16855
960694 130.335959 32.793014 209.399 -8.04949 -1.67417 -2.48932 0.08448 0.07857 0.21952
960695 130.216660 32.712292 262.389 -6.32310 -1.59394 -2.39272 0.06002 0.04336 0.17688
960696 130.352274 32.722574 70.753 -7.67059 -1.59414 -3.01210 0.07845 0.05964 0.20111
960697 130.290716 32.660651 83.157 -7.64625 -1.98265 -1.58576 0.05871 0.04854 0.17286
960698 128.619362 32.634275 39.519 -1.13114 -0.25042 0.02291 0.06316 0.05124 0.17102
960699 131.062902 33.121957 469.689 -12.58938 2.44033 -5.45153 0.05820 0.04680 0.19585
960700 130.748619 33.011290 115.349 -9.04003 0.19614 -2.42257 0.05766 0.04092 0.16908
960701 130.996220 32.870746 450.762 -10.55453 0.07856 -5.99876 0.06849 0.04824 0.18558
960702 130.794904 32.576726 287.774 -11.33787 -3.14642 -1.17963 0.05785 0.04735 0.17430
960703 131.093424 32.950652 544.605 -16.22595 -2.42473 -3.60763 0.06539 0.05650 0.22423
960704 131.132149 32.845002 650.910 -17.45264 -0.45473 -4.34033 0.07071 0.05775 0.20935
960705 131.356638 33.537123 70.465 -12.58731 5.81951 -0.77887 0.05726 0.04455 0.17200
960706 131.588432 33.349853 39.396 -18.68903 5.36001 1.54141 0.06734 0.05322 0.19702
960707 131.121134 33.270272 381.199 -12.17004 3.09143 -1.48820 0.06488 0.05473 0.20510
960709 131.579482 33.228427 106.928 -21.63801 3.79934 -1.14103 0.06145 0.04959 0.19682
960710 130.915738 33.190574 877.824 -9.74600 1.56653 -2.10345 0.06074 0.05406 0.17867
960711 131.530676 32.557048 124.607 -19.00844 2.66127 -0.31393 0.06515 0.04903 0.17322
960712 131.334016 32.384399 285.246 -15.76785 0.12483 -0.80729 0.06773 0.05317 0.18913
960713 131.486020 32.069107 52.962 -12.39340 -1.60404 -3.80652 0.06278 0.04700 0.17680
960714 130.865632 32.047719 287.383 -9.49926 -5.10510 -0.22718 0.07313 0.05416 0.18755
960715 131.306309 31.842099 172.026 -8.29492 -3.07993 -1.20228 0.06256 0.05307 0.18799
960716 131.305869 31.399106 44.379 -0.89871 -5.38695 -2.31871 0.06566 0.05299 0.19815
960717 130.179654 32.197074 122.250 -8.66787 -2.01056 -3.33553 0.05930 0.04917 0.16928
960718 130.439657 31.908840 93.607 -3.62489 -6.42268 -1.60443 0.06133 0.04987 0.17139
960719 130.651891 31.624098 42.421 -4.74878 -9.09641 5.61765 0.06823 0.06410 0.19065
960720 130.708540 31.591842 66.217 -1.49469 -11.48814 -2.35169 0.09589 0.06592 0.22362
960721 130.637355 31.552222 80.340 -1.59292 -11.22228 2.40390 0.06238 0.05931 0.19404
960722 130.699403 31.496153 39.963 -0.61442 -11.21170 1.76897 0.06047 0.04947 0.18396
960723 130.274983 30.784655 153.516 -0.80858 -8.02631 -1.51633 0.06859 0.05307 0.18833
960724 131.028597 30.753325 193.883 0.40989 -8.36770 1.06151 0.06032 0.04583 0.18221
960725 130.198246 30.461390 94.110 -0.00055 -8.84652 -1.64174 0.07617 0.06565 0.20385
960726 130.903231 30.398677 216.001 2.40240 -11.18813 -1.14634 0.06052 0.05040 0.18900
960727 130.424379 30.395757 40.840 -0.68675 -9.19943 -0.53716 0.08688 0.09172 0.27310
960728 130.554547 30.236353 88.459 0.52843 -9.36723 -0.52643 0.08603 0.08465 0.26255
960729 129.705743 29.615330 139.637 -0.76454 -11.34451 -1.35114 0.09496 0.08123 0.21472
960730 129.693573 28.487219 41.209 0.39914 -13.63245 -0.11676 0.10878 0.05367 0.19055
960731 130.028955 28.371131 37.141 1.93370 -16.41378 5.85943 0.07972 0.12492 0.20349
960732 129.921670 28.293981 40.579 -0.80809 -14.17933 3.38929 0.06826 0.06147 0.18166
960733 129.320445 28.137583 37.233 -1.00414 -15.93168 -0.50801 0.06578 0.06189 0.19956
960734 128.894475 27.816637 69.171 1.07381 -18.01947 0.17780 0.07139 0.07977 0.20037
960735 128.650724 27.401239 60.050 2.63553 -21.76704 2.22205 0.06120 0.05549 0.20171
960736 127.945054 26.944488 76.564 2.02747 -23.84424 -0.47844 0.05531 0.05064 0.17121
960737 128.248361 26.859345 96.011 2.45492 -23.96413 -0.72432 0.06617 0.05423 0.19129
960738 128.144031 26.708274 40.785 3.40375 -23.72238 -0.26879 0.06616 0.06699 0.20021
960739 127.231629 26.582877 59.920 3.58663 -27.18511 -0.47391 0.07443 0.09489 0.17644
960740 127.972389 26.482731 71.670 3.71562 -22.00417 -1.87418 0.06774 0.06545 0.19503
960741 127.832731 26.446926 144.736 3.47220 -24.77212 -0.68152 0.05779 0.05294 0.18773
960742 127.143649 26.372936 44.238 3.09577 -27.14671 -0.39776 0.05788 0.05007 0.17821
960744 127.345252 26.178794 150.174 3.26021 -26.60440 -1.50426 0.06280 0.05193 0.17983
960745 127.826182 26.168608 97.138 3.86633 -25.45381 0.89301 0.05888 0.05336 0.18270
960752 139.056735 36.539259 513.454 -24.21028 6.56212 -5.28091 0.06459 0.04963 0.16743
960753 139.269328 36.003735 149.447 -26.37080 7.75514 -5.61568 0.06163 0.04155 0.15393
960754 139.182198 35.884048 288.866 -24.34076 8.33370 -2.40198 0.05279 0.04388 0.17107
960755 139.365970 35.800802 182.197 -25.63788 8.98035 -0.82822 0.04814 0.03916 0.15272
960756 140.249161 35.288384 64.387 -29.71517 16.92406 -5.12073 0.08822 0.08031 0.15083
960758 139.369897 35.616428 186.976 -26.66071 10.40969 -1.21465 0.04693 0.05107 0.15579
960759 139.613843 35.160866 68.390 -34.24606 23.00340 -5.68799 0.04599 0.04246 0.14709
960760 135.789848 34.882031 99.449 -17.51001 1.46884 -0.02422 0.05458 0.04086 0.16339
960761 135.618822 34.621053 54.616 -18.30057 3.44462 1.67060 0.06067 0.05977 0.16570
960762 134.659664 34.864121 68.551 -9.26526 3.89070 -3.06827 0.05318 0.03983 0.14914
960763 135.706028 34.698335 198.659 -18.61590 2.54655 1.77117 0.07707 0.05039 0.22562
960764 135.819863 34.574000 96.158 -19.90080 3.18849 1.15981 0.05593 0.04113 0.17019
960765 134.175791 34.809568 71.925 -8.16614 4.37604 -2.89604 0.05384 0.04085 0.15424
960766 133.757016 34.579147 43.665 -8.79536 6.17522 -1.56673 0.05440 0.04114 0.15483
960767 133.288117 34.450440 172.616 -9.96641 7.34548 -0.99015 0.05632 0.04217 0.16303
960768 132.820219 34.334875 183.935 -8.83592 6.00548 -0.60973 0.05630 0.04450 0.16322
960769 132.219137 34.191180 174.204 -11.57928 6.45837 -1.66502 0.05584 0.04189 0.14971
960770 129.954857 33.372181 48.685 -4.09481 1.19559 -0.62635 0.05782 0.04369 0.16536
960771 130.444516 33.346487 61.845 -6.41032 1.10757 -3.24926 0.09517 0.11342 0.20610
960772 129.989685 32.945587 362.206 -5.66369 -0.69940 -1.43127 0.05859 0.04517 0.17371
960773 130.430446 32.581674 50.842 -8.80139 -2.81404 -2.04418 0.05742 0.04257 0.17338
960774 130.085187 32.524534 60.299 -6.60123 -3.65534 -1.20571 0.05785 0.04694 0.16110
960775 130.323633 32.426274 621.418 -8.10869 -2.68281 -2.85104 0.06029 0.05093 0.18104
960776 130.469452 31.675102 204.762 -3.52030 -6.63280 0.17182 0.06308 0.05047 0.19786
960777 130.135763 31.415892 41.897 -1.79100 -8.47150 -1.79002 0.06607 0.04702 0.17926
970802 138.944817 36.778061 665.329 -24.39485 7.72652 -4.43394 0.09062 0.07175 0.19650
970804 139.521923 35.419268 89.447 -31.45016 13.39940 -3.21673 0.05341 0.05502 0.14310
970809 138.456819 35.673693 413.599 -23.87309 7.45075 -3.39087 0.06973 0.05631 0.20522
970811 137.528780 35.575092 389.000 -21.63659 5.14978 0.45791 0.05048 0.04002 0.15800
970812 136.470305 35.359731 158.540 -17.23262 2.77722 -3.18890 0.06073 0.05192 0.19220
970813 138.973868 35.114167 197.728 -31.00316 3.68705 -0.93367 0.06072 0.05194 0.19115
970814 138.876472 34.719474 172.642 -37.34332 7.90435 -3.94371 0.06328 0.04460 0.16440
970815 138.609974 35.117153 54.292 -31.75933 3.51006 -4.65910 0.06044 0.06007 0.15969
970817 138.209984 35.066975 701.833 -28.74654 -1.25796 -6.20472 0.06183 0.05607 0.16573
970818 138.081684 35.044884 274.848 -25.37147 4.34324 -0.46336 0.05941 0.04841 0.18555
970819 137.946810 34.902051 168.140 -27.35595 6.60088 -0.05205 0.05747 0.04432 0.17694
970820 138.176745 34.849414 106.743 -28.51358 6.96408 -5.42041 0.05809 0.04589 0.17070
970821 137.680777 34.752042 86.688 -29.15883 8.24214 -0.61361 0.05356 0.04065 0.15203
970822 136.788824 35.300837 50.269 -20.66731 3.08289 -0.03824 0.05088 0.04198 0.14934
970823 134.588209 35.283343 720.847 -4.88767 9.79668 -7.09585 0.06146 0.05435 0.17198
970824 136.096990 34.179953 1619.886 -24.92477 4.55663 0.48688 0.06864 0.05069 0.20334
970825 135.735180 33.969482 246.418 -25.37011 5.34114 1.84491 0.06408 0.05217 0.18779
970826 135.708790 33.637171 201.547 -32.78718 7.77796 -2.35867 0.06671 0.04780 0.17136
970827 134.393430 34.217798 45.989 -15.06576 7.99839 -0.49972 0.05633 0.05213 0.16477
970828 132.046094 33.367968 89.375 -24.20473 9.73631 2.32048 0.05914 0.04345 0.16342
970829 132.475346 33.384373 253.430 -25.44247 11.18263 2.95716 0.05756 0.04655 0.15887
970830 133.362641 33.704284 769.256 -24.51722 13.03958 2.93008 0.06305 0.05380 0.17690
970831 130.464992 33.097354 50.360 -6.77476 0.55460 -1.90155 0.05284 0.04249 0.16753
970832 129.720712 32.839611 145.306 -3.88525 -1.26675 -1.44102 0.05545 0.04435 0.17312
970833 131.206798 33.127843 976.284 -19.65107 -1.62589 -6.56683 0.07191 0.06275 0.20094
970834 130.360661 32.098435 190.902 -6.54953 -5.75458 -1.41026 0.05874 0.04725 0.17018
970835 130.238975 31.906164 62.707 -2.76172 -6.25141 -1.28497 0.06092 0.04557 0.16819
970836 130.408000 31.796021 68.963 -3.27754 -6.85956 -0.77012 0.05975 0.05096 0.17327
970837 130.599594 31.824061 314.670 -4.28986 -5.07915 0.45927 0.06563 0.04983 0.19319
990838 138.762790 34.690255 103.364 -37.97725 8.06911 -4.58035 0.07108 0.05166 0.15555
990840 138.331218 34.836166 46.502 -31.47384 7.31535 -6.44745 0.08206 0.03828 0.16426
#ZENISU 138.8180 33.9440 0 -49.8 -2.7 4.1945 7.8 11.9057 7.2552
KMN 136.50811 33.72586 0.0 -43 9 -1 1 4 10
KMC 136.55766 33.64187 0.0 -38 9 -1 2 9 10
KMS 136.61199 33.57704 0.0 -51 11 -1 2 2 10
KME 137.11700 33.88461 0.0 -30 7 -1 10 8 10
TCA 137.00099 33.21866 0.0 -36 7 -1 17 18 10
TOA 137.17355 32.82914 0.0 -52 19 -1 20 6 10
TCB 137.38626 33.54412 0.0 -52 47 -1 8 29 10
SNW 138.59114 34.93426 0.0 -37 4 -1 9 6 10
SNE 138.68188 34.93530 0.0 -41 -4 -1 8 2 10
TOK1 138.14 34.08 0.0 -50 10 -1 2 1 10
TOK2 137.61 33.88 0.0 -49 11 -1 2 1 10
TOK3 137.39 34.18 0.0 -52 9 -1 4 5 10
KUM1 137.00 33.67 0.0 -37 8 -1 1 2 10
KUM2 136.67 33.43 0.0 -43 11 -1 5 9 10
KUM3 136.36 33.33 0.0 -40 11 -1 2 2 10
SIOW 135.57 33.16 0.0 -45 17 -1 2 2 10
MRT1 134.94 33.35 0.0 -34 11 -1 4 4 10
MRT2 134.81 32.87 0.0 -39 11 -1 2 2 10
TOS1 133.67 32.82 0.0 -48 29 -1 6 4 10
TOS2 134.03 32.43 0.0 -43 25 -1 5 5 10
ASZ1 133.22 32.37 0.0 -42 20 -1 3 4 10
ASZ2 133.58 31.93 0.0 -40 18 -1 6 4 10
HYG1 132.42 32.38 0.0 -32 22 -1 4 3 10
HYG2 132.49 31.97 0.0 -21 4 -1 6 7 10
