000841 139.069903   34.949757  411.155 -33.97806   0.06141   5.22425   0.05185  -0.04940   0.17474 
000842 138.249899   34.954347  105.053 -28.03686   0.05992   6.20216   0.04720  -4.57770   0.18163 
000843 134.049545   35.174887  270.081  -7.26701   0.05954   2.87690   0.04997  -3.47711   0.16321 
010846 133.461802   33.818357  938.795 -21.56081   0.06315  11.69135   0.06117   2.61632   0.17555 
020847 137.868762   35.160451  335.520 -24.56573   0.05421   5.01327   0.04280  -0.38967   0.17910 
020946 140.690150   36.932620  231.730 -23.42812   0.13883   3.05292   0.06992  -4.73560   0.16330 
020947 140.385692   36.475851   91.309 -21.54767   0.10818   3.93420   0.04846  -3.75790   0.15589 
020949 139.505314   36.872247 1087.882 -22.80033   0.10078   5.44013   0.05649  -1.43346   0.19863 
020950 139.752790   36.537633  170.937 -24.15128   0.07709   4.75679   0.04239  -2.93540   0.15621 
020951 139.902507   36.456581  118.553 -23.96521   0.08084   4.71622   0.04293  -3.03285   0.14348 
020952 139.060852   36.837355  799.249 -24.57296   0.09684   6.65810   0.06322   0.81908   0.21961 
020953 139.234271   36.608052  854.119 -24.56587   0.16046   6.50833   0.15889  -0.15003   0.57719 
020954 138.847891   36.591377  419.109 -24.27485   0.06292   6.36816   0.04598  -1.79189   0.16486 
020955 139.016711   36.395347  178.227 -24.15036   0.05862   5.83965   0.04103  -5.78505   0.15306 
020956 139.254639   36.267691   86.025 -25.43820   0.05670   6.27075   0.03877  -2.32719   0.14876 
020957 138.702984   36.200266  660.146 -25.49949   0.06051   6.35235   0.04553  -3.85360   0.18386 
020958 138.926053   35.929928 1176.001 -26.50197   0.07351   6.73315   0.06186   0.50473   0.24613 
020959 139.968470   35.143803  110.510 -34.51394   0.05046  19.56166   0.04675  -3.07188   0.16531 
020960 139.366064   35.391488   53.791 -31.04713   0.05209  13.30093   0.04106  -4.55728   0.15854 
020965 140.296488   36.778957  188.398 -23.03580   0.10469   3.23774   0.05271  -3.38003   0.14668 
020966 137.026432   36.919508   48.324 -13.94120   0.13519   7.59206   0.10685  -1.30249   0.19639 
020967 137.551326   36.864345  171.224 -11.59202   0.06890   3.43520   0.04844  -2.57295   0.16067 
020968 137.154473   36.757951   44.338 -12.07487   0.07145   5.52138   0.05822  -2.21798   0.16107 
020969 136.806402   36.592091  134.682  -9.37439   0.05107   2.59761   0.04547  -4.50029   0.21193 
020970 137.239224   36.472800  255.364 -13.19138   0.06897   3.10854   0.05956  -2.21079   0.22780 
020973 136.540674   36.537266   50.479  -7.92809   0.04897   0.42440   0.04889  -7.76797   0.15935 
020974 136.361645   36.229563  125.149  -9.15547   0.05424   2.64734   0.05121  -3.04696   0.18727 
020975 136.048948   36.109734   47.774  -8.65430   0.05620   1.64203   0.04494  -3.31849   0.16441 
020976 136.657740   35.901414  466.143 -14.59344   0.06068   1.94722   0.05459  -2.09884   0.20976 
020977 136.339579   35.888217  261.514 -11.91427   0.05368   2.60092   0.04748  -2.95610   0.19416 
020978 135.755644   35.486573   46.255 -11.29902   0.05576   1.84413   0.04743  -3.67478   0.19136 
020979 138.444215   35.904933 1208.973 -24.92616   0.07490   7.22942   0.06995  -3.49527   0.20945 
020980 138.949989   35.753871  780.346 -26.01854   0.06226   7.48410   0.04654  -2.93469   0.18140 
020981 138.606868   35.467692  973.845 -27.08031   0.05714   6.82467   0.04898  -2.32502   0.16818 
020982 138.624250   36.856687  739.955 -23.78560   0.07817   8.95352   0.06992   0.07500   0.19323 
020983 138.096727   36.706647  972.723 -17.65495   0.06096   4.26688   0.04886  -3.54765   0.17309 
020984 138.120946   36.523604  408.122 -21.91319   0.05127   6.19876   0.04554  -4.83150   0.16671 
020985 138.366043   36.260988  788.602 -22.71692   0.05062   7.23439   0.05530  -5.82084   0.16042 
020986 137.785436   35.944601 1033.456 -21.16458   0.07081   4.06437   0.04576  -3.80556   0.18426 
020987 138.095706   35.878418  915.944 -23.13778   0.05978   5.26821   0.04545  -2.89885   0.19052 
020988 137.450879   35.815553 1103.949 -20.69991   0.05279   2.98952   0.05658  -2.70774   0.22848 
020989 137.620156   35.661228  546.491 -21.60620   0.05834   4.78947   0.04422  -2.64815   0.18012 
020990 137.080528   36.140263  896.687 -17.24158   0.05493   4.67858   0.04779  -3.48023   0.21250 
020991 136.784620   35.723488  393.937 -17.72789   0.05706   2.64424   0.04691  -3.08943   0.17833 
020992 137.309093   35.523129  497.606 -20.94212   0.04925   4.30658   0.04300  -2.12852   0.16340 
020993 136.545291   35.480060  101.796 -17.70724   0.06056   2.01451   0.04711  -1.59724   0.17251 
020994 137.252317   35.300551  398.840 -21.97717   0.05009   5.81436   0.04248   1.74195   0.15483 
020995 137.575331   35.100023  527.219 -24.35052   0.05954   6.34830   0.04213   3.23719   0.16118 
020996 137.152388   34.917341   55.114 -25.98713   0.05184   6.62572   0.03929   4.23308   0.14470 
020997 137.338769   34.785915   45.913 -26.84624   0.05735   7.19588   0.04035   3.03489   0.15578 
020998 136.938480   34.740052   61.038 -27.05589   0.06075   6.65962   0.04040   2.84002   0.15180 
020999 136.474457   34.420326  114.247 -24.62791   0.05432   3.45325   0.04627   0.74413   0.17400 
021000 135.928303   33.877002  114.563 -27.90881   0.05964   6.30764   0.04635   1.39444   0.20273 
021001 135.087646   35.419525  264.662  -9.21794   0.05590   2.70664   0.05294  -4.77640   0.18586 
021002 135.340699   35.333460  160.059  -9.87618   0.05321   3.41256   0.04245  -3.11665   0.17081 
021003 135.634211   35.155183  287.236 -12.03050   0.05680   2.78720   0.04076  -2.61858   0.15799 
021004 135.219943   34.326462  120.472 -18.64860   0.05158   5.98853   0.04250   0.49014   0.15283 
021005 134.483125   35.527847  283.292  -5.50892   0.13166   2.51098   0.10509  -3.37829   0.36300 
021006 134.376112   34.760424   42.219  -8.78085   0.05271   3.91295   0.03734  -3.20329   0.15043 
021007 136.041895   34.710646  278.003 -20.28658   0.05739   2.71724   0.03922   2.66409   0.16883 
021008 136.173149   34.493872  545.003 -21.54059   0.06202   2.93102   0.04671   2.54235   0.17785 
021009 136.002645   34.292928  403.529 -23.91969   0.08560   3.88583   0.05145  -0.99752   0.23499 
021010 135.854793   34.241966  653.142 -23.44815   0.05725   3.74029   0.04633   0.71059   0.18759 
021011 135.554007   33.940795  456.431 -25.43442   0.05599   5.35992   0.04331   2.28423   0.16347 
021012 135.882088   33.668759  590.299 -31.73771   0.06214   7.18763   0.04643  -1.21567   0.17192 
021013 135.533845   33.658345  121.130 -31.87970   0.06306   8.64760   0.04516  -0.39525   0.18692 
021014 134.195271   35.529859   43.170  -3.99663   0.05443   3.24440   0.04141  -8.09971   0.17523 
021015 133.495135   35.506936   71.015  -4.14957   0.05386   2.73071   0.04061  -2.95240   0.15910 
021016 133.869748   35.493202   43.782  -4.59676   0.05432   2.77835   0.04234  -2.88917   0.17246 
021017 134.155948   35.340592  168.271  -6.94555   0.05898   2.83032   0.05609  -4.39691   0.19989 
021018 132.921991   35.491910   76.944  -3.60410   0.05427   3.20665   0.04272  -2.57436   0.18094 
021019 133.192087   35.310693  180.709  -4.94552   0.05799   3.03876   0.04459  -0.96488   0.19576 
021020 132.902693   35.309725   82.005  -2.63582   0.05450   4.06964   0.04283  -4.66834   0.18175 
021021 132.669008   35.233079  151.697  -5.07964   0.05726   3.72029   0.04209  -1.76592   0.18523 
021022 132.385565   35.031901  306.641  -7.04658   0.05253   2.22703   0.04020  -3.26254   0.16377 
021023 132.685159   34.856746  335.080  -6.84280   0.05569   4.51909   0.04296  -3.00678   0.18197 
021024 132.109464   34.777949  411.385  -8.24164   0.05961   4.96468   0.04360  -1.93523   0.18286 
021025 131.810314   34.624346   58.106  -6.33109   0.05329   4.59772   0.04078  -3.11067   0.16459 
021026 133.680760   35.282958  511.712  -5.80018   0.06217   3.13561   0.05192  -3.55102   0.17933 
021027 133.912688   35.105025  242.635  -7.19939   0.05549   3.15389   0.04408  -2.31277   0.15898 
021028 133.800440   34.738078   67.501  -7.80728   0.05583   4.64380   0.03996  -1.36709   0.16562 
021029 133.972601   34.590285   43.722  -8.68428   0.05323   5.52279   0.04139  -1.66468   0.16181 
021030 132.902093   35.035212  600.258  -6.48024   0.06143   3.31769   0.04735  -2.16914   0.17222 
021031 132.908111   34.633672  439.790  -7.71067   0.05400   5.82390   0.04427  -2.10378   0.16979 
021032 133.341289   34.612202  429.015  -8.66522   0.05388   6.40665   0.04370  -2.44002   0.16915 
021033 133.140185   34.515623  171.715  -8.42896   0.05556   7.18729   0.05139   2.10624   0.18699 
021035 132.691961   34.184636   40.675 -11.90452   0.05780   9.03516   0.04681   0.60995   0.17190 
021036 132.531629   34.069231   40.706 -12.63722   0.05471   8.97132   0.03904   1.98669   0.15668 
021037 131.735326   34.195273  327.039  -8.95277   0.05622   5.71114   0.04338  -0.29899   0.17040 
021038 132.052732   34.090061   81.418 -10.91211   0.05836   7.43053   0.04212  -0.08432   0.16890 
021039 131.113039   34.020524   47.801  -7.80310   0.05555   4.06407   0.03940  -0.55677   0.17107 
021040 132.119957   33.845917   98.421 -13.92902   0.05651   8.96139   0.04453   1.25875   0.16707 
021041 134.457301   33.993687  115.659 -21.10030   0.06098   8.24074   0.07189   1.62540   0.17585 
021042 134.211162   33.934564  379.353 -23.51256   0.06865  12.68111   0.06075  -0.65910   0.19702 
021043 133.921816   33.874891  589.349 -26.40100   0.06761  13.26991   0.05928   1.72366   0.21188 
021044 134.175974   34.478534   87.724  -9.96676   0.05363   6.04754   0.04132  -1.25874   0.15206 
021045 133.899386   34.325918   44.292 -11.79744   0.05578   8.07741   0.04094  -0.90868   0.16046 
021046 133.350698   33.974170   41.280 -18.90632   0.05558  10.44602   0.04455   2.55236   0.17051 
021047 133.047400   33.884089   78.789 -18.83327   0.07570  10.93520   0.04912   5.79932   0.22989 
021048 132.798527   33.642732  338.625 -23.17555   0.05739  11.50411   0.04435   4.68059   0.20399 
021049 132.743687   33.305056  198.586 -29.43093   0.05848  12.89777   0.05220   2.39921   0.17155 
021050 132.633641   33.096087  281.087 -32.30885   0.06656  13.97487   0.05632  -0.99980   0.19453 
021051 133.531028   33.625803  297.318 -27.67261   0.05784  14.84930   0.05519   4.46594   0.19003 
021052 133.154490   33.607022  317.889 -25.34209   0.06432  13.24133   0.05591   3.82010   0.18941 
021053 134.099316   33.497110  147.703 -37.27046   0.05922  17.74575   0.05194  -0.51928   0.20562 
021054 133.089544   33.416662  464.462 -30.83938   0.05956  15.27585   0.05352   2.15689   0.17425 
021055 134.205533   33.394894   50.110 -41.69353   0.07307  18.98613   0.04478  -3.08998   0.20448 
021056 132.972131   33.193139  189.357 -33.66124   0.05913  16.59284   0.04454  -1.98171   0.19131 
021057 133.105265   33.081788   45.376 -36.70598   0.09105  18.71780   0.07108  -0.88097   0.27257 
021058 132.831463   32.961068   46.665 -38.05246   0.06016  17.23120   0.04584  -3.11259   0.17041 
021059 132.555435   32.738612  183.039 -35.53006   0.06248  18.97247   0.04510  -6.01452   0.16600 
021060 130.722421   33.929721   41.003  -6.50916   0.05648   3.26473   0.04094  -1.74263   0.17411 
021061 130.971122   33.867010   42.978  -7.68996   0.06925   4.40762   0.05890  -4.31563   0.22618 
021062 130.296905   33.683070   53.247  -5.67812   0.05270   0.14390   0.04180  -1.85346   0.17123 
021063 130.675667   33.579768   77.082  -7.25265   0.07159   0.78599   0.05227  -3.47961   0.20124 
021064 130.995425   33.564734  244.029  -9.71375   0.06296   3.52312   0.04722  -1.68312   0.18719 
021065 130.079270   33.503038   47.253  -4.24634   0.05747   0.91001   0.04571  -1.04999   0.17262 
021066 130.097218   33.292003   85.090  -5.12230   0.06355   0.23233   0.04870  -3.03905   0.17529 
021067 129.862950   33.073387   42.790  -4.81988   0.05974   0.40182   0.04300  -0.65252   0.17634 
021068 129.958946   32.768305   94.856  -4.92725   0.06846  -0.49667   0.04798  -0.57080   0.18829 
021069 130.621765   33.060137   72.892  -7.70637   0.05324   0.53974   0.04123  -2.02776   0.17988 
021070 130.872656   32.995935  290.146  -9.77354   0.05692   0.13559   0.04286  -2.41293   0.19119 
021071 130.748370   32.709234   69.563 -10.67001   0.05967  -2.28217   0.04497  -1.00336   0.17580 
021072 130.981982   32.682917  484.951 -12.54878   0.10529  -2.43022   0.08643   1.44401   0.38183 
021073 130.827347   32.396081  343.863 -11.72603   0.06899  -3.70143   0.05687   0.71987   0.19526 
021074 130.179891   32.367409   71.675  -4.73120   0.05824  -1.99878   0.04629  -2.01865   0.18174 
021075 130.656493   32.343515  380.439 -10.53160   0.06596  -4.49504   0.04856  -0.47065   0.20155 
021076 130.986396   32.292395  223.019 -11.77266   0.07091  -3.84827   0.05022   0.23628   0.18134 
021077 131.521150   33.514331  123.619 -14.37676   0.05933   6.79288   0.04369   1.39955   0.18124 
021078 131.291678   33.383754  182.873 -12.90906   0.06215   4.23444   0.04445  -0.10633   0.19230 
021079 131.748411   33.096197   49.639 -25.88308   0.06277   3.11284   0.04441   0.65559   0.18400 
021080 132.039047   32.936357   38.128 -23.93292   0.06219   8.35747   0.05183  -1.75269   0.20333 
021081 131.441527   32.898896  329.802 -20.44881   0.06332   3.47807   0.04869  -2.01856   0.18527 
021082 131.629227   32.852224  214.534 -21.63450   0.06380   3.89402   0.05156   0.84764   0.19878 
021083 131.364704   32.527932  867.973 -21.21795   0.05956   2.58088   0.04455  -5.51199   0.18630 
021084 131.583030   32.316233   84.480 -12.50650   0.06903  -1.88886   0.05130  -3.70798   0.19756 
021085 131.347490   32.111891   54.123 -13.46371   0.06705  -1.15594   0.04510   0.97054   0.19610 
021086 131.254457   32.001805   61.440 -11.42012   0.06318  -2.57641   0.04714   1.29330   0.19032 
021087 130.976953   31.877796  400.703  -5.42967   0.09214  -5.49078   0.05834  -0.63012   0.20369 
021088 131.470067   31.785974   38.268  -8.73351   0.07511  -1.14165   0.05839  -0.96331   0.21715 
021089 130.735675   31.743781   54.557  -2.75911   0.06097  -2.99638   0.04752   3.64371   0.19651 
021090 130.998305   31.564605  126.898  -1.32077   0.06003  -8.26219   0.04683   0.32008   0.19955 
021091 130.340055   31.450252   44.320  -0.68689   0.06067  -7.88261   0.04503  -0.82989   0.19230 
021092 130.540594   31.377237   87.086  -0.64016   0.07912  -8.39225   0.04663  -0.56767   0.20070 
021093 130.867106   31.242748  213.012  -1.72453   0.06904 -11.05479   0.06357  -0.17920   0.19938 
021094 127.993675   26.386346   51.704   3.83871   0.05778 -24.42272   0.05024   0.24487   0.18875 
021095 127.760364   26.312715   40.701   3.49653   0.06151 -25.11353   0.04947  -1.36804   0.19932 
021096 127.677632   26.194578   40.151   2.68091   0.06315 -25.26390   0.05119  -1.25916   0.19235 
021099 137.550843   36.114304 2824.366 -19.42564   0.07406   2.43645   0.08739  -2.92885   0.16617 
021100 138.727303   35.360770 3819.921 -28.38499   0.09332   6.51185   0.06898   0.46018   0.18295 
021101 136.503757   35.104762  161.665 -19.26467   0.08963   3.28168   0.04855   0.28247   0.21075 
031102 138.185784   35.322075  994.965 -23.36593   0.07899   3.44941   0.07015  -0.58232   0.26838 
031103 137.423132   34.967481  580.163 -25.29847   0.05302   6.79469   0.03728   3.29686   0.15207 
031104 136.981749   34.543914   52.578 -28.69991   0.05531   8.75612   0.04477   1.32318   0.15461 
031105 136.801997   34.373580   50.552 -27.51649   0.05927   6.77130   0.04391   1.69161   0.16299 
031106 136.388492   34.297927  190.185 -25.74546   0.06317   4.91271   0.05379   2.18393   0.18668 
031107 136.139969   33.932948   67.846 -28.04021   0.06293   6.62172   0.05040   2.13419   0.18302 
031108 135.743457   34.155848  407.862 -23.46621   0.06127   4.10304   0.04683   1.14160   0.20120 
031109 135.290340   34.090850  372.051 -24.39612   0.05205   5.75452   0.04486   1.69134   0.17190 
031110 135.399127   33.854500  205.755 -26.94323   0.05499   6.94031   0.04852   1.42082   0.17854 
031111 135.871089   33.799083   83.189 -28.37335   0.06279   4.36305   0.04866  -1.57433   0.18312 
031112 135.405999   33.647251   49.746 -32.74787   0.05645  10.36304   0.03988  -0.52603   0.15959 
031113 135.834142   33.520080  118.490 -35.88245   0.05265   7.66126   0.04094  -6.60916   0.15095 
031114 134.510027   33.932797   72.492 -25.19900   0.06737   8.95056   0.06991  -0.10699   0.18896 
031115 133.796949   33.838841  490.714 -21.69169   0.06432   6.79243   0.04984   1.38274   0.19682 
031116 134.484552   33.821978  132.064 -26.72623   0.06207  11.20786   0.05047   0.24438   0.17166 
031117 132.564703   33.510355  303.034 -24.21415   0.05835  10.95412   0.04185   4.22611   0.16531 
031118 132.360388   33.202181   43.378 -27.95829   0.05615  13.32604   0.04394   2.22096   0.17063 
031119 133.431705   33.545726   55.715 -29.78300   0.05730  15.47567   0.04693   1.40805   0.17507 
031120 133.699837   33.542535   45.870 -31.50483   0.05023  16.03493   0.04336   3.26724   0.15184 
031121 134.056192   33.367383   48.392 -41.68071   0.05456  19.46451   0.04596  -3.22348   0.17279 
031122 134.178114   33.266123  286.757 -44.63267   0.05871  21.14728   0.04120  -6.46281   0.16356 
031123 132.974023   33.312132  308.072 -32.09211   0.06834  15.77964   0.04677   1.62083   0.16871 
031124 132.822079   33.060120   65.097 -35.76691   0.06554  16.20734   0.05472  -1.67421   0.19590 
031125 132.982170   32.869483   43.252 -39.35481   0.07991  20.16594   0.04596  -4.01687   0.17367 
031126 132.810657   32.762100   42.844 -38.59564   0.05830  20.36378   0.04278  -4.63843   0.16853 
031127 137.814477   35.777534 2677.110 -21.91642   0.08243   4.73456   0.05107  -2.23817   0.17058 
031128 136.728752   35.405134   51.803 -19.64615   0.05621   2.46398   0.05004  -0.23251   0.15090 
041129 136.431937   34.603335   88.200 -21.37580   0.06595   3.36180   0.04636   3.85223   0.17359 
041130 135.589934   33.747605  241.230 -29.51181   0.06077   7.29839   0.04988   0.93081   0.19070 
041131 133.940869   33.722511  386.427 -27.26553   0.06686  14.80807   0.05999   1.50333   0.20293 
041132 133.043231   33.545834  479.106 -15.05812   0.10860   5.85731   0.08008   1.63259   0.21389 
041133 132.488774   33.039464   43.527 -32.01703   0.06323  13.17832   0.04892  -1.88632   0.17721 
041134 132.922648   33.391030  446.843 -29.33475   0.05769  14.04478   0.05025   1.78057   0.17231 
041135 133.699572   35.490400   72.474  -4.40158   0.05802   3.19361   0.04464  -3.00380   0.18114 
041136 137.636877   34.702117   47.478 -29.12433   0.05550   8.25251   0.04243  -0.70486   0.15003 
041137 131.384027   33.078836  519.300 -19.70033   0.07242   1.89963   0.06043  -4.36232   0.20914 
041138 137.595970   36.576968 2483.276 -14.97747   0.08709   2.84965   0.07802   1.30723   0.18722 
041139 136.540477   34.285072   48.204 -25.94648   0.05804   3.35002   0.05380   0.65845   0.17532 
051141 132.961688   33.103912  115.715 -37.98471   0.08399  17.28566   0.06270  -0.01676   0.25729 
051142 132.675824   32.927690   40.605 -38.46072   0.08030  17.69304   0.06226  -5.41920   0.23814 
051143 136.295571   34.930734  300.773 -20.59572   0.07276   2.52405   0.05731   2.41342   0.22966 
051144 138.794658   34.970567   76.935 -36.54370   0.09693   4.79950   0.09767  -5.58931   0.26463 
051146 135.426107   34.085499  279.659 -23.13379   0.07420   2.93439   0.06726   4.26275   0.24067 
051147 131.835003   34.043788   72.107 -11.63467   0.07491   6.95057   0.05930  -1.46290   0.24385 
061148 136.728227   34.490001   59.058 -26.47471   0.08191   6.66285   0.05964   2.39255   0.25089 
061149 136.693187   34.296610   73.577 -28.40281   0.09678   6.18173   0.06788   1.64667   0.25071 
061151 132.650322   34.492140  267.283  -9.21801   0.07378   6.64987   0.05452  -1.55496   0.22477 
071152 133.924099   33.622296  225.357 -28.71716   0.54467  16.37226   0.41819   4.34999   1.80463 
071153 134.114169   33.774573  513.971 -25.10325   0.53902  12.71973   0.48290  -0.10554   1.70021 
071154 135.305308   33.769405   66.835 -25.81261   0.44266  10.12122   0.36418   3.36192   1.48341 
071155 135.970596   33.660805   49.875 -30.37755   0.49397   7.30357   0.42185   1.01418   1.72892 
071156 136.024347   33.820426  149.070 -26.58790   0.56553   5.31132   0.44807   8.89665   1.89908 
071157 132.339820   34.397048  217.571  -7.45484   0.21441   6.87150   0.18395  -0.11906   0.70964 
071160 137.723377   34.672312   46.877 -27.35438   0.42642   9.69039   0.34147  -0.65198   1.47164 
071161 137.442455   34.680382  112.486 -26.05667   0.44216   9.74286   0.36445   0.64684   1.43456 
071163 139.276188   36.602338 1016.522 -21.13332   0.46641   4.12163   0.40050  -1.83441   1.65390 
071164 132.268811   34.575433  273.713  -4.45313   0.52006   5.15635   0.44231   0.99936   1.70368 
081165 132.596993   33.309130  238.081 -44.55790   6.83257  19.39429   7.25480 -44.83901  21.13006 
081166 133.218865   33.154739  216.624 -55.28966   6.93426  18.13520   5.19570 -60.21463  22.77888 
081167 134.491496   35.535626  278.957  -6.15276   1.46702   1.73958   1.18499  -2.17633   4.61870 
081168 129.776972   32.581730   41.310  -2.39986   1.20772  -2.90707   1.11043   0.26843   4.28290 
081169 130.987145   32.675162  496.699 -14.22886   1.24898  -2.74173   1.06776 -10.13496   4.61206 
081170 135.774807   35.206650  424.185  -8.48265   1.22476  -2.54181   1.14970  -1.89346   4.07634 
081171 139.644541   35.758029   79.645 -33.86263   3.54765   4.68092   2.72581 -13.96288  12.15519 
081172 133.106152   33.081764   44.178 -47.18935   2.02916  19.61146   1.67920 -14.11730   6.33193 
092106 139.081970   35.006853   60.709 -32.47250   0.08581   8.00664   0.04731   0.00809   0.21775 
092107 139.101688   34.971864   54.867 -31.83094   0.08662   9.05373   0.05698  -1.72470   0.20377 
092110 140.087191   36.106114   70.309 -23.37402   0.06580   6.21502   0.04029  -2.97323   0.11577 
093001 139.542301   36.295163   69.044 -24.91793   0.06613   5.51094   0.04038  -2.32182   0.13722 
093002 140.174264   36.263269   94.296 -22.61383   0.08776   5.22258   0.04684  -1.85023   0.13029 
093003 139.810527   36.203672   68.925 -23.76986   0.06834   6.05210   0.04308  -7.03269   0.13604 
093004 140.544482   36.181307   82.607 -19.95658   0.11265   4.75016   0.04593  -3.08409   0.13204 
093005 139.345170   36.120951   95.330 -25.07498   0.05578   6.93359   0.04010  -2.03098   0.14327 
093006 140.343150   36.096937   68.706 -21.98330   0.08467   5.07507   0.04354  -2.67521   0.12776 
093007 139.636724   36.087227   56.791 -23.95951   0.05792   7.23081   0.04080  -4.45693   0.13340 
093008 139.799932   36.010896   50.786 -23.66267   0.05389   6.95349   0.03551  -2.13121   0.13171 
093009 140.659235   35.955455   65.856 -21.04632   0.10104   5.16199   0.04891  -4.37026   0.13459 
093010 140.402951   35.970409   55.199 -22.47710   0.07791   5.10486   0.04561  -1.53668   0.12812 
093011 139.464286   35.925504   62.879 -25.32347   0.05420   7.66642   0.03968  -2.56789   0.13954 
093012 139.992723   35.940291   62.344 -23.54672   0.05835   6.36200   0.04239  -1.60019   0.12557 
093013 139.651860   35.937471   55.689 -25.59247   0.05969   4.84946   0.04806  -4.76854   0.14204 
093014 140.145493   35.873648   46.801 -26.01752   0.06491   3.72330   0.05029  -2.88612   0.13111 
093015 140.407007   35.803330   80.298 -23.24348   0.05943   4.39279   0.06601  -3.28348   0.13725 
093016 139.812812   35.780214   44.601 -24.54444   0.05081   7.65432   0.04213  -2.84510   0.14763 
093017 139.643032   35.759210   85.491 -25.41178   0.05414   8.69643   0.03635  -0.72134   0.14211 
093018 140.024755   35.786466   69.606 -24.27878   0.05048   6.31367   0.04564  -1.75206   0.12960 
093019 139.488263   35.710371  123.652 -25.95676   0.05667   9.73033   0.04635   4.18729   0.18417 
093020 140.315147   35.717453   76.457 -22.80241   0.05012   3.90168   0.07035  -7.06498   0.13535 
093021 140.646822   35.777303   90.381 -23.37232   0.07055   4.17629   0.06970  -4.70072   0.13504 
093022 140.837230   35.726355   59.100 -23.83290   0.07067   4.12252   0.05835  -4.02808   0.13616 
093023 139.902354   35.675464   43.507 -24.38482   0.04945   7.96671   0.04689  -1.32373   0.13736 
093024 140.448301   35.642354   77.872 -23.97676   0.05078   3.20920   0.09694  -6.85570   0.13158 
093025 140.186563   35.544144   84.282 -23.34466   0.06028   7.04472   0.07430  -2.74165   0.13413 
093026 139.673353   35.563403   47.407 -26.43698   0.04695  10.68295   0.04833  -2.35025   0.13544 
093027 140.318236   35.530116   57.271 -20.83401   0.06406   3.64565   0.10035 -15.58087   0.13638 
093028 139.467841   35.521409  124.974 -28.22801   0.04956  11.39053   0.04011  -0.40556   0.14650 
093029 139.322577   35.482641  107.047 -28.57807   0.06123  11.72026   0.05247  -1.75144   0.15563 
093030 140.051332   35.447784   79.579 -26.57006   0.05497  10.17267   0.05317  -1.39857   0.14239 
093031 139.045179   35.415351  372.363 -26.84178   0.05657  10.13064   0.05250  -1.44136   0.17317 
093032 139.653748   35.436484   70.528 -29.55591   0.04688  13.61964   0.03903  -2.55048   0.14268 
093033 140.337371   35.421127   44.393 -29.94471   0.07234   7.08249   0.10775  -6.05755   0.13337 
093034 139.466069   35.326681   46.398 -32.32602   0.05321  16.06243   0.04493  -4.71363   0.14211 
093035 139.262695   35.304899  119.369 -30.21567   0.06877  15.49998   0.04443  -6.42091   0.16226 
093036 139.825520   35.311702   46.722 -32.17646   0.04965  16.21011   0.04273  -4.06430   0.13863 
093037 140.146792   35.333140   95.320 -27.12453   0.06857  13.02264   0.06311  -1.60712   0.15351 
093038 138.881650   35.321604  691.001 -27.09106   0.07829   6.36910   0.05822  -0.27711   0.19048 
093039 139.843569   35.143709   56.797 -34.72417   0.05096  21.76889   0.04306  -5.84533   0.14962 
093041 140.268022   35.165901  127.943 -29.80483   0.05178  12.77669   0.09148   0.12129   0.14365 
093042 139.110437   35.148605   56.716 -29.72601   0.08658  10.25045   0.05609  -4.17791   0.21251 
093043 138.901859   35.110016   67.117 -31.65689   0.04973   2.17673   0.04744   0.82068   0.15981 
093044 140.079268   35.111861   49.023 -34.37766   0.05196  18.50933   0.04816  -3.21714   0.14889 
093045 139.954342   35.254808  381.719 -32.76080   0.04985  16.81302   0.04783  -3.63312   0.14169 
093046 138.997927   35.014827  332.644 -31.84747   0.06637   4.52750   0.04797  -4.12398   0.18062 
093047 139.864079   34.954084  141.730 -34.72259   0.05796  27.33057   0.05240  -5.79620   0.15226 
093048 139.131160   34.939307  363.060 -31.02201   0.06044  10.32818   0.06524  -1.93792   0.17438 
093049 138.924824   34.916115  184.858 -32.73917   0.08215   5.05218   0.04625  -5.38105   0.19774 
093050 137.672340   34.835331   81.484 -26.01477   0.06217   6.14693   0.04098  -0.42104   0.15502 
093051 139.381394   34.784418  136.661 -37.82640   0.06065  28.16559   0.10594   1.10046   0.16974 
093052 138.017527   34.785949   96.003 -29.06071   0.05496   7.30904   0.04064  -2.09245   0.14657 
093053 138.989816   34.751350   52.717 -36.34761   0.07016   9.48307   0.05545  -3.13625   0.17626 
093054 137.717233   34.677614   58.503 -29.52714   0.09584   8.42233   0.06803  -0.04082   0.26987 
093055 139.433217   34.686785  115.371 -34.52849   0.07314  18.88667   0.06421  -1.69113   0.17310 
093056 137.414243   34.671603  116.286 -27.44886   0.09529   7.79053   0.07110   1.79467   0.28488 
093057 139.257912   34.371825   59.119 -33.57405   0.07103  18.49194   0.08023  -2.49216   0.35608 
093058 139.134453   34.200478   84.555 -44.33992   0.06008   9.49667   0.05369   6.40279   0.19036 
093059 139.503849   34.121068   91.192 -33.35904   0.07038  29.28752   0.05705   6.33917   0.18498 
093060 139.547153   34.059111   84.279 -30.96533   0.08742  26.77621   0.06240   5.17807   0.21555 
093061 139.013688   34.921820  521.810 -34.72502   0.07889   6.47687   0.04826  -3.16802   0.16908 
093062 139.124364   34.878475   60.952 -33.63021   0.10306   7.94954   0.12586   0.59990   0.22547 
093063 139.268132   35.723758  201.479 -26.20788   0.04979   9.94500   0.04293   0.13207   0.15817 
093064 138.975854   35.623349  474.456 -26.13444   0.05902   8.44904   0.04712  -1.60026   0.17566 
093065 139.157225   35.610274  242.120 -26.98689   0.05249   9.66539   0.04560  -0.05590   0.16144 
093066 139.204867   35.428518  805.660 -27.07849   0.05860  13.69202   0.05314  -1.10224   0.16907 
093067 139.664837   35.267094   63.293 -33.21178   0.05533  19.10062   0.04312  -5.07580   0.15409 
093068 139.049338   35.245516  599.707 -27.91291   0.08238   9.57958   0.06655   0.30672   0.21944 
093069 138.445247   35.443580  305.507 -26.54315   0.07136   6.67946   0.05562  -2.01347   0.21155 
093070 138.814037   35.496589  788.023 -26.94080   0.06113   8.83274   0.05469  -3.15733   0.17442 
093071 138.563434   35.362078  728.891 -29.37656   0.06672   5.47320   0.04864  -1.63481   0.18800 
093072 138.770675   35.305539 1495.927 -28.28796   0.06791   4.71561   0.05138   0.41295   0.17668 
093073 138.445699   35.289461  189.651 -27.82078   0.07625   4.67035   0.06106  -3.93375   0.20204 
093074 138.253514   35.200979 1126.880 -28.52193   0.06384   6.20800   0.05320  -1.11169   0.18238 
093075 138.616988   35.203183  212.206 -30.57446   0.06262   2.39507   0.06172  -4.67950   0.16810 
093076 138.721542   35.173590  133.957 -31.07700   0.05571   1.36448   0.05706  -1.43106   0.16228 
093077 138.524709   35.067408   55.728 -30.50216   0.05797   4.97792   0.07280  -4.25609   0.15747 
093078 138.368696   35.103458  266.215 -27.07023   0.06227   5.80784   0.06345  -5.66553   0.17239 
093079 138.134901   35.103912  348.984 -24.08581   0.06658   3.45494   0.04974  -3.48797   0.18212 
093081 138.378296   34.990525   64.491 -28.54705   0.05354   5.86537   0.06373  -8.90371   0.16767 
093084 137.695235   35.079293  346.158 -24.64044   0.05582   5.66059   0.04672   2.20347   0.16157 
093085 138.786062   34.776075   54.124 -37.08317   0.07010   7.18103   0.04346  -5.00572   0.14965 
093086 138.838417   34.610000  121.448 -39.10839   0.06021   9.41520   0.04672  -2.35302   0.14430 
093088 138.074862   34.939797  188.236 -27.06520   0.05950   6.43255   0.04794  -5.05949   0.17256 
093089 137.932147   34.843857  102.444 -28.84935   0.05481   6.15031   0.03852  -2.30809   0.15452 
093090 137.817940   34.941345  112.932 -26.59717   0.05737   6.21818   0.04768  -2.52045   0.17353 
093091 138.136915   34.757757  211.153 -29.41205   0.05206   7.53703   0.04195  -7.00682   0.14495 
093092 138.225604   34.738308   48.384 -31.29601   0.05272   8.04001   0.04340  -6.66921   0.14870 
093093 138.053542   34.715252   57.957 -30.44090   0.05775   7.60155   0.03924  -5.23642   0.15778 
093094 138.129286   34.642902   61.586 -34.69548   0.05449   6.74245   0.03936  -7.48790   0.14353 
093095 137.937438   34.670420   49.228 -31.15812   0.05326   7.86210   0.04029  -3.67174   0.14428 
093096 137.911277   34.755394   56.195 -29.25476   0.05529   7.51541   0.04014  -3.10357   0.14845 
093097 137.791792   34.792836   64.543 -29.02163   0.05194   7.43597   0.03938  -1.18446   0.14489 
093098 137.823422   34.671882   47.960 -30.85452   0.05421   8.11192   0.03939  -2.35487   0.15231 
093099 137.575492   34.937676  131.861 -26.27038   0.05923   6.59776   0.04444   2.85665   0.15720 
093101 138.215677   34.605369   93.755 -34.63466   0.05315  13.41114   0.19199 -12.90127   0.27282 
093102 137.434004   34.864815   80.646 -26.63060   0.06142   5.27720   0.04779   2.02491   0.16585 
093103 137.554340   34.808727   67.686 -26.75567   0.06700   7.87912   0.04338   1.27343   0.16354 
093104 137.514935   34.718052   60.503 -28.13235   0.05935   8.44996   0.04294   2.44994   0.15906 
940042 140.611836   36.539929  152.701 -20.09238   0.13340   0.53993   0.07951   0.87727   0.15700 
940043 139.726422   36.401848  100.514 -24.33550   0.07315   4.53596   0.04145  -4.22659   0.14124 
940044 138.906264   36.697027  595.213 -24.57273   0.07226   6.65654   0.06143  -2.08412   0.17691 
940045 138.865405   36.259032  222.783 -25.34382   0.05743   6.52964   0.04345  -2.89621   0.15241 
940046 137.851122   36.499767  770.940 -17.58760   0.06620   3.10193   0.04910  -6.29513   0.19786 
940047 137.943807   35.923581  904.163 -21.91815   0.07516   4.31088   0.05041  -4.65729   0.20199 
940048 138.583298   35.590336  387.641 -26.93745   0.06362   8.05014   0.04600  -1.81533   0.17803 
940052 137.487229   36.928958   66.578 -12.27822   0.07470   4.50789   0.05350  -1.62953   0.15633 
940054 136.649939   36.663412   89.732  -9.10137   0.06128   0.55398   0.04858  -6.35205   0.14952 
940055 136.172974   36.231173   63.704  -7.25763   0.04996   1.72317   0.04227  -3.81661   0.15343 
940056 136.105807   35.602561  120.736 -12.81745   0.05764   2.97609   0.04812  -2.28185   0.18963 
940057 135.233383   35.549904   44.165  -8.96289   0.05497   3.07288   0.05135  -3.91169   0.17628 
940058 137.347910   36.135993  812.933 -18.97354   0.05729   3.25656   0.05354  -3.46987   0.20645 
940059 137.248373   35.800484  406.394 -20.78173   0.05529   2.32847   0.04378  -2.89556   0.17330 
940060 136.900024   35.526072  101.277 -19.96204   0.05002   2.96804   0.04169  -1.22868   0.15075 
940061 137.467573   35.396765  534.144 -20.49440   0.05245   4.74793   0.04338   0.40985   0.15051 
940062 136.158232   35.094728  154.993 -17.85239   0.05665   2.24476   0.04124   0.59914   0.17564 
940063 137.041285   35.128109  100.900 -23.04346   0.05001   5.35885   0.04069   2.08632   0.14688 
940064 136.502291   34.758998   46.820 -22.10826   0.06427   3.63403   0.04727   2.41100   0.17863 
940065 136.851128   34.465387   80.901 -25.69939   0.06390   7.94378   0.05441   5.08536   0.25186 
940066 136.198364   34.060658   59.838 -27.04879   0.06780   5.91820   0.05177   1.12639   0.18678 
940067 135.500974   34.837999  136.732 -14.85799   0.05713   2.79577   0.04772  -0.24710   0.17503 
940068 135.851408   34.392300  201.298 -21.55886   0.05588   3.55374   0.04219   1.81257   0.16374 
940069 135.221492   34.157686   48.760 -21.52058   0.05266   6.04802   0.04760   2.27313   0.14865 
940070 135.764414   33.483360   52.005 -38.29243   0.05641  10.21113   0.04312  -5.52362   0.16076 
940071 134.550388   34.784812   42.873  -8.68703   0.05178   4.23991   0.03999  -3.56871   0.14966 
940072 134.331336   35.586470   53.770  -4.91793   0.05709  -6.02887   0.04075  -6.69694   0.16547 
940074 133.058653   35.433875   69.729  -3.98792   0.05437   3.10931   0.04360  -2.18156   0.16952 
940075 132.208975   35.002812   64.909  -5.27588   0.05231   4.29767   0.04186  -2.14574   0.16819 
940076 131.610374   34.616495   72.278  -5.95463   0.05716   4.77278   0.04798  -2.50601   0.16785 
940077 133.527984   34.548797   94.141  -8.87760   0.05530   6.45995   0.04337  -0.79547   0.16631 
940078 132.575439   34.340354  293.937  -9.49711   0.05458   8.18506   0.04261  -1.00035   0.15264 
940079 130.913628   33.996556   75.555  -6.86705   0.05538   3.06276   0.04209  -1.91756   0.16722 
940080 134.023904   34.286027   79.564 -12.33444   0.05334   8.12424   0.04321   0.82854   0.15729 
940081 134.626021   33.926856   48.157 -24.26861   0.06024  10.10471   0.04820   1.03181   0.16447 
940082 134.122126   33.315894  316.263 -43.37008   0.05448  20.30532   0.04232  -5.70726   0.16676 
940083 133.578265   33.529150   70.820 -31.44351   0.05315  15.59845   0.04539   3.47683   0.16083 
940084 133.241793   33.272899   45.697 -36.47507   0.05937  18.04968   0.04630   0.97240   0.17002 
940085 132.966409   32.755739   74.432 -39.72609   0.06069  21.75274   0.04570  -4.99798   0.16881 
940086 132.281180   33.469008  191.795 -22.91221   0.05630   9.23652   0.04349   2.28948   0.15685 
940087 130.476768   33.730720   49.117  -6.96637   0.05347   2.27956   0.04155  -1.15796   0.16316 
940088 131.691370   33.461546   51.403 -18.02109   0.05757   6.57817   0.04213   1.87321   0.17410 
940089 130.967822   33.331084  149.689 -10.45295   0.05732   2.68354   0.04616  -2.29907   0.18409 
940090 131.876376   32.924588   40.486 -24.54956   0.05912   6.80797   0.04669   1.97091   0.18008 
940091 129.850291   33.476072   39.114  -3.71991   0.05666   1.21726   0.04230  -0.91869   0.17253 
940092 129.860195   32.699752  187.480 -12.63690   0.43436   1.22962   0.30423  -6.15972   1.00968 
940093 130.645597   32.546410   40.336  -9.69249   0.05672  -3.39387   0.04442  -1.50306   0.17876 
940094 131.632324   32.445445   70.433 -18.97747   0.06193   4.02408   0.04798   0.69750   0.18170 
940095 131.469676   32.021756   50.951 -12.85627   0.06297   1.08335   0.04836  -3.23271   0.18563 
940096 130.190132   32.013245  104.268  -5.13853   0.05376  -5.57908   0.04496  -1.23852   0.16564 
940097 130.466451   31.503770  503.099  -0.66648   0.06135 -15.39124   0.04759  -3.10909   0.17628 
940098 130.299482   31.264592   42.579  -0.24436   0.06190  -8.17575   0.04608  -0.96368   0.17433 
940099 131.087533   31.258534  298.140   1.24318   0.11317  -9.34203   0.09528   8.38967   0.37398 
940100 127.768920   26.144814  127.557   8.36656   0.06352 -13.55381   0.12404  -3.14566   0.19397 
942004 130.878577   31.425310  134.552   0.24110   0.09024 -10.03209   0.05881  -0.32963   0.30309 
950212 140.413270   36.862093  209.116 -23.23932   0.11852   3.12104   0.05825  -4.21751   0.14572 
950213 140.293423   36.650567  333.033 -22.48882   0.11145   3.36370   0.07707  -3.87917   0.15023 
950214 140.753912   36.800310   75.923 -21.86485   0.14134   2.22402   0.07932  -3.00988   0.15245 
950215 140.077947   36.364912  100.590 -22.90635   0.08518   4.79429   0.04401  -3.07871   0.13632 
950216 140.476333   36.344370   71.546 -20.12788   0.12143   4.00507   0.04596  -2.95603   0.13952 
950217 140.039256   36.854235  242.343 -24.28842   0.09469   4.03521   0.05598  -2.50905   0.15391 
950218 139.619248   36.665984  390.778 -24.61257   0.08866   4.76734   0.05351  -2.72778   0.16354 
950219 139.923467   36.598946  183.307 -23.91060   0.08716   4.68601   0.04809  -1.98868   0.14539 
950220 139.224904   36.769692  868.746 -24.59119   0.08384   5.48122   0.06735  -0.02479   0.17537 
950221 138.552713   36.507996 1013.806 -24.94298   0.09131   5.62923   0.06827  -6.91977   0.16336 
950222 139.330387   36.421628  195.412 -24.82047   0.06757   5.57263   0.04314  -3.55311   0.15593 
950223 139.075685   35.986891  284.002 -25.59943   0.05371   7.38313   0.04203  -2.39156   0.15292 
950224 139.795986   35.895970   48.230 -24.04397   0.05335   7.07693   0.03897  -2.11853   0.14642 
950225 140.048093   35.657206   43.715 -23.98301   0.04895   6.41126   0.05418  -2.83965   0.14502 
950226 140.384908   35.243244   43.381 -24.56564   0.09288   7.61301   0.15649   1.11687   0.15060 
950227 139.974889   35.002791   46.055 -34.64803   0.05337  24.65350   0.04438  -5.14750   0.14044 
950228 139.630650   35.663697   82.569 -27.23772   0.04922   9.59092   0.04473  -1.62754   0.15508 
950229 139.162601   35.336208  144.311 -28.26838   0.07544  13.55757   0.05720  -3.53178   0.17601 
950230 139.142415   35.268600   64.192 -27.14546   0.09524  13.79952   0.05355  -3.47161   0.18481 
950246 138.830845   36.993460  307.842 -24.28567   0.09712   8.77078   0.08038  -3.00747   0.15620 
950247 138.198674   36.865404  624.477 -15.51508   0.07559   5.87931   0.05227  -3.91053   0.19949 
950248 136.996125   36.740621   49.688 -10.48192   0.06235   4.46026   0.04931  -2.09428   0.15162 
950249 137.195197   36.634337   75.201 -11.34166   0.05739   4.70209   0.04522  -1.94574   0.15940 
950250 137.439895   36.578706  629.949 -13.57251   0.06479   3.61918   0.05449  -0.98170   0.17578 
950251 136.920558   36.401879  359.443 -11.29045   0.06164   3.81234   0.05865  -2.56498   0.18731 
950255 136.388942   36.394456   47.566  -7.70591   0.04875   1.61892   0.04368  -3.53936   0.15584 
950256 136.633947   36.165289  572.377 -10.52257   0.06012   1.74830   0.05111  -2.51746   0.18936 
950257 136.278944   36.145619   54.286  -8.81085   0.05119   2.61964   0.04352  -3.76295   0.15550 
950258 136.504923   35.984908  221.005 -12.58821   0.05196   2.50409   0.04713  -4.13101   0.17617 
950259 135.989763   35.945005  113.746  -8.53695   0.05270   1.89037   0.04502  -5.18372   0.15371 
950260 136.197393   35.792782  149.876 -11.98633   0.05554   2.48595   0.04757  -3.26253   0.17474 
950261 135.907639   35.534409   60.950  -9.85750   0.10160   0.81326   0.07682  -7.60644   0.27127 
950262 135.608881   35.462715   58.610 -10.31503   0.05467   2.87556   0.04794  -2.82193   0.15679 
950263 138.316396   35.855979  888.291 -24.22767   0.06770   6.66969   0.04692  -2.64373   0.17566 
950264 138.695132   35.746875  665.002 -25.07946   0.05315   7.08471   0.04450  -2.87465   0.16150 
950265 138.436165   36.801709  731.344 -23.24578   0.06986   5.82243   0.06346  -3.47287   0.24059 
950266 137.872330   36.706469  728.555 -15.14377   0.11282   3.76253   0.05354  -3.47413   0.27847 
950267 138.247467   36.665155  385.755 -21.26191   0.05383   6.04791   0.04372  -6.40322   0.14878 
950268 138.322523   36.386177  738.983 -22.99568   0.06198   5.91293   0.06223  -5.64164   0.15377 
950269 138.637796   36.346014  990.766 -26.14865   0.05982   6.11091   0.04780  -6.32048   0.15992 
950270 137.902815   36.322371  577.935 -18.96835   0.06374   3.99827   0.04795  -5.91070   0.19872 
950271 138.216485   36.208467  863.359 -23.23155   0.06623   6.21572   0.04843  -4.15961   0.17316 
950272 138.460973   36.130640  935.991 -24.69612   0.06857   6.80169   0.05450  -4.14368   0.18759 
950273 137.983011   36.121109  811.601 -21.88675   0.06128   4.51122   0.04353  -5.04513   0.18344 
950274 137.696260   35.783618  819.825 -21.29728   0.05991   4.30401   0.04618  -4.64053   0.17612 
950275 138.038317   35.556130  770.292 -23.26537   0.05852   5.70345   0.04557  -2.83162   0.17659 
950276 137.815237   35.521092  570.594 -22.57901   0.05690   5.43101   0.04544  -0.92046   0.16860 
950277 137.925272   35.317144  441.386 -23.15698   0.05663   5.61756   0.04579  -1.26611   0.16454 
950278 137.587668   35.246999  680.105 -23.41806   0.05385   6.06722   0.04288   1.24075   0.15349 
950279 137.147172   36.335511  520.679 -14.86942   0.06102   3.46891   0.05878  -2.94695   0.19186 
950280 136.952763   36.033049  846.017 -17.01014   0.05546   2.35060   0.04544  -3.78047   0.17288 
950281 137.534867   35.973458 1351.684 -19.48194   0.06069   3.67096   0.05172  -2.31770   0.16354 
950282 136.863181   35.866941  403.962 -16.61603   0.05860   2.23913   0.04483  -3.76627   0.16277 
950283 136.975302   35.757783  287.188 -20.61189   0.05691   4.33263   0.04707  -3.36925   0.16616 
950284 137.424773   35.657189  513.863 -21.25155   0.05201   4.32177   0.04346  -2.76851   0.15647 
950285 136.488767   35.636153  267.493 -13.69974   0.06473   2.53405   0.06441  -3.89662   0.18415 
950286 136.611394   35.632898  224.157 -16.93146   0.05725   2.36587   0.04713  -2.51699   0.16878 
950287 137.174145   35.612086  242.479 -20.26681   0.04884   3.47693   0.04096  -1.89232   0.14498 
950288 136.687282   35.488324   80.716 -18.32452   0.05214   1.71689   0.04269  -1.17884   0.15536 
950289 137.124687   35.478700  206.989 -20.59254   0.04867   3.42199   0.04127  -1.05060   0.14749 
950291 136.549743   35.371710   61.388 -18.06983   0.05969   2.45610   0.04295  -1.54807   0.16254 
950292 137.110232   35.367372  247.888 -21.12708   0.05015   4.71568   0.04029   0.38264   0.14667 
950293 137.405606   35.261967  495.591 -22.54255   0.04811   5.83367   0.04011   1.54541   0.14888 
950294 136.593445   35.227906   73.652 -20.58675   0.07403   1.90771   0.04899  -1.72021   0.19482 
950295 137.980415   35.031518  337.242 -25.64401   0.06082   5.11698   0.04682  -1.16805   0.18738 
950296 138.515678   34.986496   54.186 -31.84789   0.05874   5.06085   0.06823  -4.20338   0.16269 
950297 138.922254   34.865589  466.228 -33.68315   0.10531   6.52495   0.07057  -3.68823   0.21546 
950298 136.929979   35.334761   76.464 -20.91593   0.05069   3.93932   0.04227   0.49326   0.14781 
950299 136.828832   35.190107   45.536 -21.42221   0.05196   4.16991   0.04095   0.36065   0.14479 
950300 137.253563   35.138753  152.128 -24.11583   0.05084   5.76337   0.04109   1.69849   0.15071 
950301 137.313164   35.039465  439.932 -24.20791   0.05090   6.22505   0.03998   1.75156   0.14101 
950302 137.059779   34.994992   52.520 -24.66560   0.05191   5.92378   0.03821   4.77433   0.14571 
950303 137.299939   34.919746  139.123 -25.54282   0.05251   6.73074   0.04299   3.74660   0.14684 
950304 136.867642   34.823356   73.577 -24.41997   0.05373   6.66815   0.04135   3.02680   0.14479 
950305 137.118998   34.794871   57.583 -25.76857   0.05257   6.44687   0.04164   4.77585   0.14696 
950306 137.277838   34.648661   64.705 -27.69915   0.05673   7.21035   0.04244   1.92448   0.14964 
950307 137.068066   34.609238   49.429 -27.54232   0.05491   7.61652   0.03811   1.94941   0.14868 
950309 136.636501   34.913803   44.916 -22.29563   0.05532   3.73554   0.04311   2.47725   0.16618 
950310 136.183451   34.742875  219.564 -19.37180   0.05485   2.78163   0.04244   2.44640   0.15935 
950311 136.550657   34.547048   61.061 -24.38382   0.05676   4.41423   0.04098   2.90402   0.16560 
950312 136.334258   34.433140  213.103 -23.88942   0.05869   3.91508   0.06428   1.61433   0.18358 
950314 136.820614   34.253439   55.478 -29.08695   0.05663   7.30375   0.04218   0.04725   0.14991 
950315 136.085901   33.875136   55.878 -28.36714   0.06205   6.37720   0.05096   0.89339   0.18032 
950316 136.010900   33.741273   62.258 -29.90226   0.05953   7.12027   0.04903  -0.33944   0.17668 
950317 136.197945   35.557331  205.734 -13.68871   0.05825   1.84552   0.04437  -2.85618   0.16866 
950318 136.053666   35.466287  138.654 -13.63827   0.07355   1.73305   0.05213  -2.84994   0.18690 
950319 135.913207   35.351255  228.524 -12.86120   0.05832   2.22531   0.04793  -2.84384   0.16752 
950320 136.062827   35.318975  128.166 -14.28344   0.07920   2.77088   0.06692  -0.30553   0.23048 
950321 136.235613   35.269441  128.763 -16.76985   0.05440   2.98740   0.04273  -1.34752   0.15291 
950322 135.870808   35.137040  220.363 -15.04397   0.05533   2.42067   0.04606  -2.50474   0.16164 
950323 136.145038   34.986384  216.654 -18.86095   0.05737   2.81628   0.04059   0.25408   0.15379 
950324 135.906165   34.939603  130.329 -17.28572   0.06104   2.59954   0.04442   0.37481   0.16883 
950326 136.054828   34.869327  344.305 -18.87416   0.05883   3.86222   0.05140   0.07663   0.16622 
950327 135.173215   35.752353   65.329  -7.17101   0.05337   2.68563   0.04039  -4.09993   0.15329 
950328 134.932285   35.555682   68.185  -7.81978   0.05539   2.54584   0.05405  -4.37643   0.16700 
950329 135.164034   35.292336  109.084 -10.09597   0.05189   3.73655   0.04306  -2.53288   0.16320 
950330 135.773974   35.209535  447.125 -11.11739   0.13777   1.41333   0.12174   2.25245   0.42217 
950331 135.366905   35.163787  264.852 -11.02648   0.05138   3.86246   0.04263  -2.63702   0.14521 
950332 135.564522   35.077582  168.052 -12.76673   0.05381   3.60490   0.04055  -2.78639   0.15146 
950333 135.665436   34.988572  219.249 -14.56479   0.05526   3.36641   0.04139  -2.67915   0.16488 
950334 135.864150   34.746971   87.041 -19.98232   0.05771   3.50677   0.04286  -1.85021   0.16576 
950335 135.685453   34.777838   74.358 -18.32800   0.06239   2.61292   0.04743   1.02434   0.16146 
950336 135.518491   34.677906   61.484 -17.33709   0.05502   3.95586   0.04152  -2.63020   0.15966 
950337 135.481342   34.527310   73.631 -18.02685   0.05389   4.40065   0.04042   1.84934   0.14260 
950338 135.627335   34.479108  147.627 -19.77433   0.05730   4.25198   0.04088   1.31792   0.16371 
950339 135.586946   34.424809  301.886 -19.08548   0.05398   4.25280   0.04637   0.88237   0.15016 
950340 135.364156   34.406452   91.985 -17.89484   0.04978   5.73291   0.04155   1.55538   0.15293 
950341 134.582493   35.436747  587.928  -6.32597   0.06165   3.02033   0.05129  -4.31842   0.18155 
950342 134.818502   35.314898  258.402  -8.35220   0.05775   3.08533   0.05020  -6.05984   0.16455 
950343 135.181898   35.105285  257.396 -10.04483   0.05377   3.64346   0.04699  -2.41496   0.15764 
950344 134.585959   35.094454  210.429  -8.98044   0.06099   3.60512   0.04462  -2.36591   0.16745 
950345 134.972588   35.090785  139.842 -10.40738   0.05253   3.88600   0.04363  -3.36447   0.15481 
950346 134.403777   34.997595  155.174  -8.29645   0.05233   3.46912   0.04081  -3.03074   0.14799 
950347 134.767301   34.984685  124.690  -9.55861   0.05343   3.77021   0.04060  -3.26360   0.15274 
950348 135.325996   34.976790  232.672 -11.55165   0.05497   4.45612   0.04537  -0.69860   0.14826 
950349 135.176417   34.944793  219.950 -11.71968   0.05331   5.61226   0.04390  -2.77311   0.15334 
950350 134.545236   34.897266   79.043  -9.08889   0.05385   3.04225   0.03955  -3.42713   0.15332 
950351 135.215906   34.812189  312.420 -12.75580   0.05397   4.08341   0.04589  -2.10075   0.15070 
950352 134.997234   34.804917  100.400 -11.39245   0.05094   4.47315   0.04079  -2.15458   0.14633 
950353 135.341778   34.790904  130.049 -14.12054   0.05979   3.93860   0.04716  -1.18334   0.15227 
950354 134.828778   34.786963   47.743  -9.93713   0.05318   3.01141   0.04476  -2.89665   0.14777 
950355 135.380381   34.724251   44.089 -16.11138   0.05569   2.72405   0.04713  -0.62411   0.15739 
950356 135.172288   34.686988   84.773 -14.73712   0.05680   4.17283   0.04076  -1.79864   0.14573 
950357 134.519567   34.669879  102.812  -9.95605   0.05545   5.20143   0.03989  -2.32466   0.14796 
950358 134.965705   34.669737   66.471 -11.50482   0.05302   4.55846   0.04153  -1.52308   0.14766 
950359 135.024074   34.577054   50.417 -13.65704   0.05581   3.30949   0.03949  -2.61838   0.15484 
950360 134.860972   34.493320   50.326 -11.87126   0.08808   5.36914   0.06985  -2.02335   0.28496 
950361 134.881527   34.349768  107.180 -14.31456   0.05535   6.98658   0.04734  -3.20232   0.16527 
950362 134.735191   34.334330   45.609 -14.37699   0.05428   6.78571   0.04097  -3.98828   0.14871 
950363 134.736536   34.223670   49.731 -16.36921   0.05757   7.58551   0.04054  -0.45658   0.14997 
950364 136.050386   34.567033  367.625 -21.05250   0.06293   2.79534   0.04664   0.49236   0.15613 
950365 135.731001   34.539222  109.282 -21.53630   0.06059   3.70855   0.04039   1.30689   0.15991 
950366 135.704174   34.388300  273.975 -19.23705   0.07050   4.21774   0.05267  -1.32639   0.17768 
950367 135.963737   34.038165  287.235 -25.14675   0.08657   5.25187   0.04958   1.44427   0.21071 
950368 135.357962   34.256138   69.830 -20.17111   0.05118   6.58699   0.04289   5.13998   0.15572 
950369 135.065974   34.271463   88.455 -15.52276   0.05652   7.48721   0.04509  -1.90437   0.14696 
950370 135.590120   34.221827  847.142 -18.39599   0.05334   4.19727   0.04442   1.39947   0.15506 
950371 135.384864   33.961674  262.963 -26.18517   0.05814   6.90331   0.05069   0.77531   0.16284 
950372 135.180084   33.913853   66.416 -25.33606   0.06022   9.49306   0.06103   4.06918   0.23780 
950373 135.782084   33.815202  104.651 -31.12863   0.06982   5.19089   0.06404  -5.68450   0.35194 
950374 135.508397   33.785489  227.609 -28.17837   0.06060   8.53024   0.04453   0.39295   0.15833 
950375 135.396183   33.744275   51.153 -29.30437   0.05376   8.36537   0.04081   0.24731   0.15551 
950376 135.920710   33.583914   48.869 -34.14644   0.05314   8.48693   0.04317  -3.88970   0.15384 
950377 135.599204   33.505618   69.780 -37.14849   0.05620  11.10963   0.04308  -3.74915   0.15918 
950378 134.046670   35.456755  101.546  -6.87389   0.05843   1.86896   0.05021   1.09335   0.19969 
950379 133.439071   35.345536  125.600  -6.84640   0.05735   3.04903   0.04779  -3.63013   0.17698 
950380 134.237367   35.265863  221.669  -7.54492   0.05946   3.06662   0.05050  -3.63222   0.17259 
950381 133.308531   35.164575  357.445  -9.78577   0.06847   4.22599   0.05155  -4.90549   0.16898 
950382 133.239879   36.285290   77.335  -1.46883   0.05864   3.90759   0.05234  -2.51239   0.16990 
950383 132.984378   36.093210   40.342  -2.65419   0.05660   2.47540   0.04502  -2.18260   0.17268 
950384 132.743213   35.392615   43.802  -3.76713   0.05481   3.68470   0.04333  -5.44883   0.17005 
950385 132.995423   35.195613  343.422  -6.14394   0.05484   4.60385   0.04453  -3.13244   0.17779 
950386 132.507321   35.185954   74.604  -4.26171   0.05185   3.75244   0.03999  -3.31503   0.15269 
950387 132.720505   35.019773  473.964  -5.10573   0.05642   2.48026   0.04169  -3.94482   0.16028 
950388 131.923144   34.767344   65.738  -6.83325   0.05204   3.43135   0.04094  -3.36030   0.15558 
950389 133.792476   35.263539  602.773  -6.44455   0.06525   2.81318   0.05682  -2.94401   0.17531 
950390 134.319639   35.099641  321.817  -7.76323   0.05416   7.40288   0.04576  -4.14426   0.15479 
950391 134.234769   35.020882  228.253  -7.66878   0.05194   3.61416   0.04176  -3.03954   0.15179 
950392 133.734501   35.002961  172.221  -6.96875   0.05649   3.75140   0.04237  -2.57483   0.15845 
950393 133.960862   34.982544  202.322  -7.66291   0.05481   3.60903   0.04129  -3.36057   0.16041 
950394 133.598089   34.809692  471.642  -7.42194   0.05657   5.36945   0.04530  -0.89297   0.16201 
950395 133.929048   34.791385  113.564  -8.57266   0.05515   3.14903   0.04233  -3.79731   0.15957 
950396 134.165760   34.657724  153.929  -8.10033   0.05029   3.76652   0.03863  -3.67939   0.14812 
950397 133.796733   34.438569   59.586 -10.54178   0.05505   7.32719   0.04242  -0.17520   0.15443 
950398 133.120229   34.943450  392.161  -6.80961   0.06593   5.01331   0.06168  -3.01310   0.19865 
950399 132.277334   34.726899  622.189  -6.58965   0.05986   5.04538   0.04196  -2.84241   0.16557 
950400 132.540240   34.678815  311.211  -8.44769   0.06177   4.55098   0.04574  -2.94944   0.16078 
950401 133.107534   34.672453  417.921  -7.87254   0.05307   5.56719   0.04113  -2.01090   0.15702 
950402 132.824001   34.571301  426.540  -8.40551   0.05575   6.72526   0.04793  -2.93518   0.16503 
950403 132.463468   34.539158  194.573  -8.62464   0.05419   6.00166   0.04266  -4.10403   0.16014 
950404 132.269112   34.575420  272.319  -6.15623   0.17979   5.75701   0.15025  -2.60268   0.48692 
950405 133.009799   34.378683   61.281 -10.26247   0.05372   8.01345   0.04412   0.04074   0.16029 
950406 132.344950   34.369512   46.307  -7.92873   0.31816   7.80080   0.29712  -7.60690   0.93197 
950407 131.416544   34.439860   53.744  -6.21835   0.05846   4.69710   0.04306  -2.32226   0.17801 
950408 130.943144   34.294608  126.858  -6.09475   0.05534   3.77903   0.04232  -2.21430   0.16677 
950409 131.562788   34.283736  305.988  -7.25356   0.06541   6.35720   0.04614  -3.16738   0.18592 
950410 131.953287   34.259081  158.558  -9.09679   0.06422   6.49141   0.04716  -0.44366   0.17430 
950411 131.346081   34.189490  135.871  -7.53816   0.05775   4.65392   0.04554  -1.47444   0.17618 
950412 131.530821   34.057240   44.153  -9.23282   0.05576   5.44951   0.04236  -1.38387   0.16546 
950413 131.286040   33.977714  104.740  -9.26139   0.05648   4.32845   0.04169  -1.82105   0.16199 
950414 132.104442   33.975069   45.265 -12.94120   0.05648   7.94637   0.04786   0.67665   0.16089 
950415 134.351971   34.096989   65.143 -18.49950   0.05837   9.17236   0.04620  -0.21894   0.16190 
950416 134.560139   34.059906   42.751 -20.25529   0.05826   8.94532   0.04336   1.30801   0.15998 
950417 134.049179   34.051500  115.088 -18.76619   0.06866  10.75245   0.04542   3.89065   0.20254 
950418 134.230230   34.038417   87.182 -19.73153   0.06227  10.27405   0.04588   1.30464   0.17185 
950419 133.681285   33.936674  833.281 -21.10771   0.05944  12.22174   0.05223   2.97778   0.16717 
950420 134.389104   33.878931  326.821 -25.09433   0.06692  10.63451   0.06586   0.49194   0.18861 
950421 134.058195   33.877516 1410.074 -20.88701   0.07555  15.39990   0.06123  -0.12589   0.16311 
950422 134.667794   33.830241   47.243 -27.27432   0.05725  11.06244   0.05331   0.26271   0.16439 
950423 134.533006   33.725088   44.429 -29.35683   0.05994  12.14084   0.05112  -1.79712   0.16609 
950424 134.372027   33.618499   51.640 -33.68369   0.05941  15.13162   0.04520  -0.43563   0.16761 
950425 134.314205   34.472375   44.074  -9.99785   0.06547   5.79396   0.05085  -1.96800   0.16855 
950426 134.241980   34.254578  141.380 -13.56645   0.05247   7.94628   0.04383  -0.36362   0.15246 
950427 133.715065   34.217394   52.336 -13.85024   0.05496   9.01320   0.04312   0.51657   0.15604 
950428 133.647518   34.068075   59.140 -17.59027   0.05542  10.31241   0.04604   2.60346   0.15889 
950429 133.925504   34.164168  221.352 -15.35406   0.05714   9.60469   0.04565   1.29712   0.15147 
950430 132.990232   34.077887   41.871 -14.27021   0.05617   9.38335   0.04339   1.87671   0.15888 
950431 133.538235   33.938661  760.748 -19.77523   0.05784   7.69798   0.05173   1.62721   0.16618 
950432 133.201314   33.921205   43.160 -19.28208   0.05896  10.82081   0.04487   1.95109   0.16617 
950433 132.911643   33.796497  172.282 -20.65862   0.05747  11.60414   0.05363   3.05455   0.19665 
950434 132.683969   33.722597   89.222 -21.13930   0.05656  10.74181   0.04683   4.79771   0.16618 
950435 132.937881   33.569224 1545.349 -25.73076   0.05755  12.64321   0.04562   4.80355   0.15173 
950436 132.693412   33.446764  239.299 -31.19509   0.06159   8.18571   0.06559  -0.72782   0.15955 
950437 132.561823   32.963904   49.285 -33.36166   0.06396  15.23981   0.04674  -5.70065   0.17076 
950438 133.655772   33.766976  377.074 -24.68561   0.06013  13.48362   0.05105   3.15453   0.16747 
950439 133.805026   33.654153  206.683 -28.52883   0.05755  15.50524   0.05218   1.49436   0.17644 
950440 134.106906   33.603787  500.849 -32.63355   0.06340  16.56154   0.05836  -0.56354   0.16848 
950441 134.280803   33.527760   49.335 -37.11187   0.06415  16.35588   0.04830  -3.09029   0.17429 
950442 133.903647   33.505735   49.699 -35.05897   0.05268  16.71299   0.04386  -0.41037   0.15701 
950443 133.280914   33.468401  149.020 -32.27386   0.05668  15.70556   0.04981   1.63745   0.16849 
950444 134.007134   33.427796   45.742 -39.26679   0.05305  18.83019   0.04474  -4.11421   0.15720 
950445 133.402984   33.407704  179.504 -34.27790   0.05810  17.06761   0.04619   1.52864   0.15389 
950447 132.792691   33.171644  111.538 -32.66873   0.06599  15.10961   0.04503  -1.82021   0.18662 
950448 132.999232   32.991232   60.116 -38.13768   0.05958  18.65900   0.04426  -0.80210   0.16019 
950449 132.703727   32.840607  116.754 -37.67794   0.06179  18.63289   0.04350  -6.47127   0.16619 
950450 130.250821   33.536143   78.119  -4.85031   0.05857   0.80964   0.06235  -1.97321   0.19326 
950451 130.521959   33.500379   87.733  -9.30499   0.06052   3.03519   0.04720  -3.83034   0.18487 
950452 130.828752   33.465461  527.592  -8.77219   0.05858   2.57358   0.04891  -1.48537   0.17901 
950453 130.564644   33.205875   69.840  -7.73452   0.05301  -0.33276   0.04311  -2.96204   0.16833 
950454 130.268718   33.274852   42.888  -5.36918   0.06017   0.61943   0.04396  -1.94436   0.16479 
950455 130.094168   33.098475   52.622  -4.95567   0.05905   0.20554   0.04693  -2.39845   0.17368 
950456 129.482061   34.655552   67.887  -2.70219   0.05581   2.07497   0.04330  -0.80213   0.16038 
950457 129.311502   34.268206   43.456  -2.28529   0.06281   2.23386   0.04775  -1.08746   0.17302 
950458 129.734724   33.742656  127.966  -3.13284   0.05735   1.74887   0.04326  -0.68669   0.16845 
950459 129.537013   33.362203  172.368  -3.15714   0.05689   1.49704   0.04479  -0.95515   0.16469 
950460 129.690657   33.063102  111.503  -3.92186   0.05665   0.67438   0.04458  -0.88662   0.16100 
950461 130.271331   32.870687   43.327  -6.91561   0.05850  -1.69765   0.04905  -1.80728   0.17150 
950462 128.843116   32.669385  150.839  -1.60417   0.05855   0.21631   0.04720  -0.77106   0.17818 
950463 130.154606   32.636915   71.177  -6.55065   0.05815  -3.07496   0.04397  -1.02957   0.16690 
950464 130.547724   32.933496   51.480  -7.83575   0.05521   0.13537   0.04176  -1.25404   0.16803 
950465 130.764795   32.842099   92.256  -9.63503   0.05766  -0.68152   0.04306  -1.89242   0.16309 
950466 131.099303   32.740650  725.304 -15.43161   0.06006  -0.59670   0.04831  -2.23117   0.17333 
950467 129.987297   32.326242   66.649  -5.66605   0.05775  -4.57536   0.04438  -1.07881   0.16407 
950468 130.506832   32.299157   42.879  -8.68546   0.06315  -4.39465   0.04768  -1.83993   0.16876 
950469 130.802622   32.238674  193.600  -9.81466   0.06548  -4.05915   0.04552  -0.11238   0.17826 
950470 131.564165   33.671194   39.858 -12.90187   0.10500   6.92882   0.08688  -0.22572   0.18839 
950471 131.168932   33.496234  129.155 -11.40712   0.05967   4.43688   0.04642  -1.39363   0.18106 
950472 131.347277   33.254043  487.890 -16.04908   0.07591   2.44781   0.06206  -2.09386   0.18775 
950473 131.798065   33.239436   54.445 -22.97205   0.06393   6.12113   0.04930   3.13874   0.17502 
950474 131.286085   33.009028  579.879 -18.87766   0.05913  -0.89591   0.05521  -2.45214   0.19266 
950475 131.587843   32.986858  200.550 -21.96289   0.05971   3.80160   0.04949  -0.12901   0.17089 
950476 131.756841   32.704017  580.417 -22.75668   0.06124   6.95140   0.05707  -0.65548   0.17775 
950477 131.327615   32.684834  346.542 -18.61764   0.05880   0.37734   0.05989  -2.05666   0.18124 
950478 131.148866   32.456641  617.967 -14.38345   0.06877  -1.14572   0.05579  -2.10057   0.20585 
950479 131.185224   32.245856  943.149 -16.11900   0.07879  -3.55482   0.04925  -1.04722   0.18036 
950480 131.515846   32.170433   97.155 -15.81039   0.06712   1.51618   0.05162   0.53999   0.17959 
950481 131.078568   31.965049  215.914  -9.92784   0.07176  -4.60339   0.05209  -0.31336   0.20617 
950482 131.021514   31.740315  201.435  -3.56917   0.06263  -6.79842   0.04841  -1.95515   0.18954 
950483 131.368867   31.676546   83.938  -4.75567   0.07392  -3.88955   0.06147  -0.88195   0.22443 
950484 131.217390   31.469376   60.207  -1.53650   0.06064  -7.07282   0.05253  -0.31466   0.19064 
950485 130.597815   32.057502  215.744  -7.51466   0.06132  -6.05043   0.04630  -1.41981   0.17235 
950486 130.759673   31.855528  254.585  -4.14109   0.07382  -5.30371   0.05020   2.72064   0.19428 
950487 129.795441   31.768684   51.514  -0.99595   0.05871  -6.71996   0.04520  -1.02949   0.16845 
950488 130.278146   31.717379   62.338  -1.96944   0.06273  -7.74991   0.05428   3.50224   0.20494 
950489 130.836066   31.617376  451.342   0.78193   0.07357  -9.16256   0.04912   1.04102   0.19621 
950490 130.640357   31.235225   46.763  -0.80224   0.06316  -9.45015   0.05127  -4.66917   0.19169 
950491 130.723058   31.106205  368.139  -0.16673   0.06174  -9.03249   0.05059   0.26677   0.18131 
950492 130.964219   30.530867  129.605   1.29380   0.05939 -10.45838   0.04966  -0.17244   0.18631 
950493 130.638375   30.381722  177.481  -0.06923   0.07634 -10.59990   0.06998   0.43142   0.25625 
950494 129.489024   28.399088  199.341  -2.14005   0.07730 -16.05385   0.07339  -0.44258   0.19899 
950495 128.432326   27.032184  119.876   2.25988   0.05845 -23.52317   0.05505   0.85440   0.17266 
950496 127.898448   26.694811   71.444   0.95470   0.06657 -24.88049   0.05587  -1.70529   0.19138 
095105 139.171034   35.040628   77.486 -31.40089   0.06564  14.17039   0.05046  -3.56465   0.18498 
095113 139.797245   33.119950  112.183 -40.49581   0.09393  25.12028   0.08259   0.86279   0.22937 
960570 137.893871   36.950872  236.568 -12.07994   0.06725   4.15718   0.05275  -2.85352   0.18485 
960572 137.369514   36.736958   66.577 -11.96999   0.06801   4.64768   0.05104  -2.74848   0.15294 
960573 137.031898   36.649562   88.668 -10.55607   0.05788   4.42487   0.04878  -2.53423   0.15999 
960577 136.755650   36.817479   60.203  -8.92078   0.05913   0.80966   0.05078  -5.32125   0.16280 
960578 136.605333   36.370069  223.606  -8.98328   0.05246   1.74521   0.04638  -3.50354   0.17266 
960579 136.184992   35.968887   54.204 -10.84529   0.05048   2.12363   0.04328  -2.97495   0.16402 
960580 136.055982   35.836841   78.116 -10.88813   0.05358   2.00421   0.04244  -4.45307   0.16253 
960581 140.497598   36.743027  312.423 -22.27429   0.12928   3.05281   0.06142  -3.58364   0.14761 
960582 139.987766   36.300705   76.284 -23.17941   0.07871   5.19550   0.04616  -2.12267   0.14176 
960583 139.931499   36.114814   67.658 -21.83313   0.06182   7.36523   0.03904 -12.18632   0.13031 
960584 140.202444   36.031340   70.911 -22.68884   0.06839   5.60917   0.04263  -1.98829   0.12459 
960585 140.164757   36.952307  303.581 -24.12431   0.10519   2.54798   0.05998  -2.87711   0.17777 
960586 139.805748   36.979582  610.445 -22.94859   0.09435   3.72973   0.06197  -2.13905   0.16854 
960587 139.854257   36.776372  302.414 -24.19411   0.08830   3.81150   0.04855  -3.28444   0.16426 
960588 140.157690   36.692456  155.010 -23.43182   0.09640   4.07729   0.05093  -4.12787   0.14333 
960589 139.490590   36.624174 1335.674 -24.68688   0.07804   5.25655   0.05877  -3.02574   0.16715 
960590 140.179308   36.542216  178.669 -22.54812   0.09905   4.01854   0.04862  -3.88808   0.14718 
960591 138.591445   36.616318 1277.008 -25.41732   0.09045   6.79301   0.05559  -4.17438   0.20120 
960592 139.066641   36.234670  178.552 -24.93835   0.05779   5.69632   0.04414  -4.07510   0.16301 
960593 138.912419   36.142753  964.007 -25.89151   0.05661   5.59299   0.04320  -2.88636   0.14969 
960594 139.434017   34.761543  140.002 -29.78099   0.09824  27.26739   0.07157   2.02128   0.21594 
960595 139.358586   34.737613   86.524 -44.26777   0.12351  21.45764   0.04563   3.10650   0.20905 
960596 139.270932   34.519633  301.706 -37.62718   0.06573  16.45789   0.04650  -0.14311   0.16758 
960597 139.210939   34.333121   78.623 -39.72118   0.05780  13.75093   0.04570  -2.16979   0.18014 
960598 139.137575   34.239914   53.252 -46.17124   0.06477   9.95616   0.04988   7.67273   0.18226 
960599 139.561764   34.093763   80.337 -30.19490   0.12738  25.32020   0.07172  -2.26583   0.29098 
960600 139.478806   34.075781   77.291 -41.61279   0.07224  25.13346   0.05104  10.74352   0.22244 
960601 139.612853   33.884124  466.350 -36.78619   0.10024  28.06123   0.06331  -1.57784   0.19565 
960602 139.764617   32.463502  381.171 -43.40025   0.12445  25.75093   0.09674  -7.03482   0.20077 
960606 138.690381   35.649518  383.922 -25.71097   0.05235   7.59933   0.04395  -3.14323   0.15678 
960607 139.025776   35.511868  738.647 -27.44455   0.05426  10.21887   0.05440  -1.87540   0.16207 
960608 137.984550   36.239029  648.000 -21.71994   0.05885   5.19578   0.04292  -5.61499   0.18504 
960609 137.871750   36.228369  691.503 -20.18396   0.06791   4.04047   0.05011  -4.67820   0.19116 
960610 138.499280   36.284713  790.981 -24.61143   0.05551   7.09920   0.05996  -3.75416   0.15095 
960611 137.682627   36.084663 1133.410 -19.85638   0.07698   3.91529   0.05818  -3.11489   0.21111 
960612 138.214484   36.026163 1024.987 -23.66104   0.05310   5.65049   0.04446  -3.84912   0.16636 
960613 138.583026   35.974147 1238.648 -25.05665   0.07161   6.63372   0.05317  -3.76606   0.18471 
960614 137.598273   35.880003  995.741 -19.06636   0.09274   3.58581   0.05582  -2.53527   0.20868 
960615 137.983889   35.726293  700.146 -22.89406   0.07595   5.33277   0.04854  -2.33147   0.20729 
960616 137.676397   35.343734 1498.877 -22.58402   0.05487   5.74854   0.04500   1.25577   0.15136 
960617 136.904269   36.261468  573.252 -12.79360   0.06766   2.88116   0.06323  -3.02069   0.20838 
960618 137.363019   36.285643  675.782 -17.07730   0.05369   2.79921   0.05312  -3.93498   0.18911 
960619 137.200668   35.911635  500.266 -20.49495   0.05628   2.84321   0.04379  -3.79945   0.16089 
960620 138.776524   34.855034   52.169 -35.25280   0.06934   6.07585   0.05005  -4.26996   0.17355 
960621 138.928355   35.204395  308.520 -30.52213   0.06886   2.96161   0.05331   0.27546   0.18257 
960622 138.098289   34.679923   52.283 -31.34915   0.05617   8.14050   0.03824  -6.82131   0.15167 
960623 138.182964   34.677752  151.706 -32.34724   0.05317   8.29859   0.03860  -7.19870   0.14509 
960624 138.046523   34.666410   53.314 -31.24388   0.05421   8.53369   0.03869  -5.94018   0.15210 
960625 138.159038   34.634540   64.898 -33.57060   0.05596   9.27096   0.03784  -7.74974   0.14775 
960626 138.906894   35.047243   48.782 -31.95763   0.05797   2.89639   0.04891  -2.96490   0.16574 
960627 140.086307   36.103635   69.747 -23.00149   0.06661   6.03289   0.03689  -4.42963   0.11684 
960628 138.939326   34.698904   54.731 -38.60399   0.06579   9.55022   0.04594  -4.00729   0.15911 
960629 137.073565   35.239086  156.659 -23.02509   0.05167   4.94988   0.03867  -1.78908   0.15317 
960630 136.965801   35.168422   95.803 -22.64890   0.05223   4.88666   0.03948   1.97235   0.14639 
960631 136.862749   34.984394   54.847 -24.11119   0.05365   4.58757   0.03864   2.07244   0.15093 
960632 136.831877   34.904385   47.073 -23.97047   0.05203   4.76007   0.03764   3.35300   0.14436 
960633 136.694250   35.050911   43.185 -22.11465   0.05643   3.59389   0.04206   2.00649   0.15942 
960634 136.393260   34.854901  143.982 -20.94218   0.06243   3.10001   0.05022   0.63929   0.18545 
960635 136.329759   34.648749  107.764 -21.96319   0.09139   2.79113   0.05487   3.43973   0.21042 
960636 136.628399   34.431442   67.880 -25.75152   0.05970   5.37926   0.04996   1.83908   0.16906 
960637 136.342932   34.208157   47.108 -26.16214   0.05930   5.48030   0.05117   0.20569   0.17937 
960638 136.264746   35.420357  135.956 -15.55444   0.05315   1.87019   0.04171  -1.98886   0.15799 
960639 136.041199   35.085724  134.959 -17.99587   0.05648   3.28656   0.04199   0.29998   0.16105 
960640 135.034047   35.685078   49.816  -6.91656   0.05166   3.17024   0.04146  -3.76981   0.15406 
960641 135.415830   35.482214   46.546  -9.63593   0.05410   2.72274   0.04541  -4.46363   0.16099 
960642 135.549522   35.275860  231.637 -11.95961   0.05395   3.51347   0.04530  -3.37007   0.15747 
960643 135.773302   35.053137  112.552 -14.83285   0.05480   2.31093   0.04352  -2.04540   0.16779 
960644 135.772395   34.952642   76.874 -16.32474   0.05451   3.13273   0.04088   4.37830   0.16206 
960645 134.677378   35.621202   70.223  -6.64883   0.05920   3.68629   0.04441  -4.50693   0.17873 
960646 134.728711   35.461262  124.815  -7.83668   0.06634   3.04495   0.05325  -3.31440   0.17833 
960647 135.022034   35.237880  162.393  -9.83556   0.05713   3.33758   0.05202  -3.98444   0.16761 
960648 134.771221   35.162743  417.854  -8.77075   0.06350   2.79762   0.04701  -4.43545   0.16913 
960649 134.945034   34.936189  101.036 -10.51975   0.05270   4.35588   0.04107  -3.11052   0.16114 
960650 135.528349   34.311840  188.757 -19.53939   0.05199   5.30300   0.04515   2.51687   0.15857 
960652 135.167744   34.025391   47.116 -20.97472   0.06137   1.70747   0.06381  -3.38210   0.19585 
960653 135.496197   33.554412   47.881 -35.00892   0.05457  10.74276   0.04454  -2.63017   0.15615 
960654 133.339688   35.436010   46.761  -3.80191   0.05482   3.55969   0.04252  -2.71517   0.16213 
960655 134.325279   35.361443  159.345  -6.90567   0.05550   3.43478   0.05064  -4.12416   0.17066 
960656 133.137887   35.563535   44.000  -5.68082   0.06321   5.64576   0.05170  -4.42120   0.17819 
960657 132.457324   34.892658  225.013  -6.34365   0.06035   3.93824   0.05627  -2.65216   0.16751 
960658 132.013557   34.571063  298.909  -6.42121   0.05894   5.02775   0.04704  -2.75306   0.18082 
960659 131.864313   34.439721  221.847  -7.64121   0.07013   5.21485   0.05451  -1.16320   0.17927 
960660 133.563990   35.169662  603.466  -5.76017   0.05707   3.38204   0.04661  -3.74444   0.17891 
960662 133.396275   34.993364  293.465  -6.97526   0.05830   3.74414   0.04406  -2.39834   0.16766 
960663 132.851575   34.811603  199.083  -5.98045   0.05344   4.29781   0.04195  -3.42211   0.15955 
960664 133.337633   34.777792  554.095  -7.81135   0.05310   4.87145   0.04190  -2.91698   0.15270 
960665 132.194653   34.370346  401.849  -9.10428   0.05713   6.71106   0.04483  -1.19270   0.16787 
960666 132.455545   34.260922   57.442 -10.56679   0.05710   7.65174   0.04263  -0.43174   0.16095 
960667 132.884384   34.210069   46.687 -11.63960   0.05438   8.72777   0.04190   0.82659   0.15916 
960668 131.152394   34.764346   40.038  -4.52008   0.05873   3.66378   0.04212  -2.51422   0.16046 
960669 131.176160   34.342087   76.890  -7.85310   0.06890   3.37870   0.05102   1.29658   0.20344 
960670 131.065670   34.179772   70.169  -6.73257   0.06833   4.23354   0.04678  -1.48604   0.18493 
960672 132.358336   33.909934   39.674 -14.14751   0.05867   9.04194   0.04685   2.04137   0.16514 
960673 134.605025   34.171810   42.594 -17.40728   0.05440   7.58235   0.04156  -1.39193   0.15412 
960674 133.874988   34.039739  134.518 -17.54527   0.06030  12.73255   0.04350   0.86148   0.16593 
960675 134.301467   33.789531  333.454 -27.44981   0.06110  12.44633   0.05347   1.18344   0.18236 
960676 133.998679   34.445455   44.389  -9.33955   0.05643   6.75631   0.04215  -3.72283   0.15878 
960677 133.780674   34.383400   43.518 -10.24491   0.05447   7.97217   0.03900  -1.66219   0.15125 
960678 133.189100   34.252446   58.377 -11.51579   0.07949   8.15440   0.07612   0.71128   0.17475 
960679 132.781739   33.959473   45.862 -15.32072   0.05540  10.18738   0.04226   3.63196   0.16003 
960680 132.487255   33.611594  196.933 -21.57302   0.06834  10.69915   0.08504   2.74557   0.19979 
960681 132.543756   33.177588  183.740 -29.08758   0.06269  11.87060   0.05016  -5.77334   0.16987 
960683 133.228470   33.326910   43.237 -35.13897   0.05947  17.98536   0.04650   0.95510   0.15729 
960684 133.128637   33.215432  263.846 -35.49084   0.05534  18.33756   0.04202  -0.20963   0.16072 
960685 130.749551   33.745508   59.933  -7.66879   0.06208   3.62021   0.04597  -4.40141   0.18454 
960686 131.016531   33.697404   55.443  -9.41381   0.05741   3.84288   0.04264  -2.84995   0.17607 
960687 130.823889   33.640463   87.493  -8.52887   0.05939   3.10814   0.04458  -0.24724   0.18944 
960688 130.701153   33.327225   85.756  -7.90356   0.05914   1.19541   0.07466  -2.92616   0.17923 
960689 129.940088   33.196031  139.399  -4.51068   0.05909   1.51886   0.04203  -0.81393   0.17811 
960690 129.690024   33.266120  113.559  -3.92178   0.05766   0.86005   0.04931  -2.06685   0.16942 
960691 129.125511   33.255790   92.063  -1.00533   0.05869   1.45826   0.04102  -1.40819   0.16047 
960692 129.026342   32.885628   60.753  -2.11927   0.06308   0.16649   0.04672  -0.40872   0.17250 
960693 130.166427   32.795701  144.080  -5.55161   0.05500  -1.19796   0.04258  -1.43473   0.16855 
960694 130.335959   32.793014  209.399  -8.04949   0.08448  -1.67417   0.07857  -2.48932   0.21952 
960695 130.216660   32.712292  262.389  -6.32310   0.06002  -1.59394   0.04336  -2.39272   0.17688 
960696 130.352274   32.722574   70.753  -7.67059   0.07845  -1.59414   0.05964  -3.01210   0.20111 
960697 130.290716   32.660651   83.157  -7.64625   0.05871  -1.98265   0.04854  -1.58576   0.17286 
960698 128.619362   32.634275   39.519  -1.13114   0.06316  -0.25042   0.05124   0.02291   0.17102 
960699 131.062902   33.121957  469.689 -12.58938   0.05820   2.44033   0.04680  -5.45153   0.19585 
960700 130.748619   33.011290  115.349  -9.04003   0.05766   0.19614   0.04092  -2.42257   0.16908 
960701 130.996220   32.870746  450.762 -10.55453   0.06849   0.07856   0.04824  -5.99876   0.18558 
960702 130.794904   32.576726  287.774 -11.33787   0.05785  -3.14642   0.04735  -1.17963   0.17430 
960703 131.093424   32.950652  544.605 -16.22595   0.06539  -2.42473   0.05650  -3.60763   0.22423 
960704 131.132149   32.845002  650.910 -17.45264   0.07071  -0.45473   0.05775  -4.34033   0.20935 
960705 131.356638   33.537123   70.465 -12.58731   0.05726   5.81951   0.04455  -0.77887   0.17200 
960706 131.588432   33.349853   39.396 -18.68903   0.06734   5.36001   0.05322   1.54141   0.19702 
960707 131.121134   33.270272  381.199 -12.17004   0.06488   3.09143   0.05473  -1.48820   0.20510 
960709 131.579482   33.228427  106.928 -21.63801   0.06145   3.79934   0.04959  -1.14103   0.19682 
960710 130.915738   33.190574  877.824  -9.74600   0.06074   1.56653   0.05406  -2.10345   0.17867 
960711 131.530676   32.557048  124.607 -19.00844   0.06515   2.66127   0.04903  -0.31393   0.17322 
960712 131.334016   32.384399  285.246 -15.76785   0.06773   0.12483   0.05317  -0.80729   0.18913 
960713 131.486020   32.069107   52.962 -12.39340   0.06278  -1.60404   0.04700  -3.80652   0.17680 
960714 130.865632   32.047719  287.383  -9.49926   0.07313  -5.10510   0.05416  -0.22718   0.18755 
960715 131.306309   31.842099  172.026  -8.29492   0.06256  -3.07993   0.05307  -1.20228   0.18799 
960716 131.305869   31.399106   44.379  -0.89871   0.06566  -5.38695   0.05299  -2.31871   0.19815 
960717 130.179654   32.197074  122.250  -8.66787   0.05930  -2.01056   0.04917  -3.33553   0.16928 
960718 130.439657   31.908840   93.607  -3.62489   0.06133  -6.42268   0.04987  -1.60443   0.17139 
960719 130.651891   31.624098   42.421  -4.74878   0.06823  -9.09641   0.06410   5.61765   0.19065 
960720 130.708540   31.591842   66.217  -1.49469   0.09589 -11.48814   0.06592  -2.35169   0.22362 
960721 130.637355   31.552222   80.340  -1.59292   0.06238 -11.22228   0.05931   2.40390   0.19404 
960722 130.699403   31.496153   39.963  -0.61442   0.06047 -11.21170   0.04947   1.76897   0.18396 
960723 130.274983   30.784655  153.516  -0.80858   0.06859  -8.02631   0.05307  -1.51633   0.18833 
960724 131.028597   30.753325  193.883   0.40989   0.06032  -8.36770   0.04583   1.06151   0.18221 
960725 130.198246   30.461390   94.110  -0.00055   0.07617  -8.84652   0.06565  -1.64174   0.20385 
960726 130.903231   30.398677  216.001   2.40240   0.06052 -11.18813   0.05040  -1.14634   0.18900 
960727 130.424379   30.395757   40.840  -0.68675   0.08688  -9.19943   0.09172  -0.53716   0.27310 
960728 130.554547   30.236353   88.459   0.52843   0.08603  -9.36723   0.08465  -0.52643   0.26255 
960729 129.705743   29.615330  139.637  -0.76454   0.09496 -11.34451   0.08123  -1.35114   0.21472 
960730 129.693573   28.487219   41.209   0.39914   0.10878 -13.63245   0.05367  -0.11676   0.19055 
960731 130.028955   28.371131   37.141   1.93370   0.07972 -16.41378   0.12492   5.85943   0.20349 
960732 129.921670   28.293981   40.579  -0.80809   0.06826 -14.17933   0.06147   3.38929   0.18166 
960733 129.320445   28.137583   37.233  -1.00414   0.06578 -15.93168   0.06189  -0.50801   0.19956 
960734 128.894475   27.816637   69.171   1.07381   0.07139 -18.01947   0.07977   0.17780   0.20037 
960735 128.650724   27.401239   60.050   2.63553   0.06120 -21.76704   0.05549   2.22205   0.20171 
960736 127.945054   26.944488   76.564   2.02747   0.05531 -23.84424   0.05064  -0.47844   0.17121 
960737 128.248361   26.859345   96.011   2.45492   0.06617 -23.96413   0.05423  -0.72432   0.19129 
960738 128.144031   26.708274   40.785   3.40375   0.06616 -23.72238   0.06699  -0.26879   0.20021 
960739 127.231629   26.582877   59.920   3.58663   0.07443 -27.18511   0.09489  -0.47391   0.17644 
960740 127.972389   26.482731   71.670   3.71562   0.06774 -22.00417   0.06545  -1.87418   0.19503 
960741 127.832731   26.446926  144.736   3.47220   0.05779 -24.77212   0.05294  -0.68152   0.18773 
960742 127.143649   26.372936   44.238   3.09577   0.05788 -27.14671   0.05007  -0.39776   0.17821 
960744 127.345252   26.178794  150.174   3.26021   0.06280 -26.60440   0.05193  -1.50426   0.17983 
960745 127.826182   26.168608   97.138   3.86633   0.05888 -25.45381   0.05336   0.89301   0.18270 
960752 139.056735   36.539259  513.454 -24.21028   0.06459   6.56212   0.04963  -5.28091   0.16743 
960753 139.269328   36.003735  149.447 -26.37080   0.06163   7.75514   0.04155  -5.61568   0.15393 
960754 139.182198   35.884048  288.866 -24.34076   0.05279   8.33370   0.04388  -2.40198   0.17107 
960755 139.365970   35.800802  182.197 -25.63788   0.04814   8.98035   0.03916  -0.82822   0.15272 
960756 140.249161   35.288384   64.387 -29.71517   0.08822  16.92406   0.08031  -5.12073   0.15083 
960758 139.369897   35.616428  186.976 -26.66071   0.04693  10.40969   0.05107  -1.21465   0.15579 
960759 139.613843   35.160866   68.390 -34.24606   0.04599  23.00340   0.04246  -5.68799   0.14709 
960760 135.789848   34.882031   99.449 -17.51001   0.05458   1.46884   0.04086  -0.02422   0.16339 
960761 135.618822   34.621053   54.616 -18.30057   0.06067   3.44462   0.05977   1.67060   0.16570 
960762 134.659664   34.864121   68.551  -9.26526   0.05318   3.89070   0.03983  -3.06827   0.14914 
960763 135.706028   34.698335  198.659 -18.61590   0.07707   2.54655   0.05039   1.77117   0.22562 
960764 135.819863   34.574000   96.158 -19.90080   0.05593   3.18849   0.04113   1.15981   0.17019 
960765 134.175791   34.809568   71.925  -8.16614   0.05384   4.37604   0.04085  -2.89604   0.15424 
960766 133.757016   34.579147   43.665  -8.79536   0.05440   6.17522   0.04114  -1.56673   0.15483 
960767 133.288117   34.450440  172.616  -9.96641   0.05632   7.34548   0.04217  -0.99015   0.16303 
960768 132.820219   34.334875  183.935  -8.83592   0.05630   6.00548   0.04450  -0.60973   0.16322 
960769 132.219137   34.191180  174.204 -11.57928   0.05584   6.45837   0.04189  -1.66502   0.14971 
960770 129.954857   33.372181   48.685  -4.09481   0.05782   1.19559   0.04369  -0.62635   0.16536 
960771 130.444516   33.346487   61.845  -6.41032   0.09517   1.10757   0.11342  -3.24926   0.20610 
960772 129.989685   32.945587  362.206  -5.66369   0.05859  -0.69940   0.04517  -1.43127   0.17371 
960773 130.430446   32.581674   50.842  -8.80139   0.05742  -2.81404   0.04257  -2.04418   0.17338 
960774 130.085187   32.524534   60.299  -6.60123   0.05785  -3.65534   0.04694  -1.20571   0.16110 
960775 130.323633   32.426274  621.418  -8.10869   0.06029  -2.68281   0.05093  -2.85104   0.18104 
960776 130.469452   31.675102  204.762  -3.52030   0.06308  -6.63280   0.05047   0.17182   0.19786 
960777 130.135763   31.415892   41.897  -1.79100   0.06607  -8.47150   0.04702  -1.79002   0.17926 
970802 138.944817   36.778061  665.329 -24.39485   0.09062   7.72652   0.07175  -4.43394   0.19650 
970804 139.521923   35.419268   89.447 -31.45016   0.05341  13.39940   0.05502  -3.21673   0.14310 
970809 138.456819   35.673693  413.599 -23.87309   0.06973   7.45075   0.05631  -3.39087   0.20522 
970811 137.528780   35.575092  389.000 -21.63659   0.05048   5.14978   0.04002   0.45791   0.15800 
970812 136.470305   35.359731  158.540 -17.23262   0.06073   2.77722   0.05192  -3.18890   0.19220 
970813 138.973868   35.114167  197.728 -31.00316   0.06072   3.68705   0.05194  -0.93367   0.19115 
970814 138.876472   34.719474  172.642 -37.34332   0.06328   7.90435   0.04460  -3.94371   0.16440 
970815 138.609974   35.117153   54.292 -31.75933   0.06044   3.51006   0.06007  -4.65910   0.15969 
970817 138.209984   35.066975  701.833 -28.74654   0.06183  -1.25796   0.05607  -6.20472   0.16573 
970818 138.081684   35.044884  274.848 -25.37147   0.05941   4.34324   0.04841  -0.46336   0.18555 
970819 137.946810   34.902051  168.140 -27.35595   0.05747   6.60088   0.04432  -0.05205   0.17694 
970820 138.176745   34.849414  106.743 -28.51358   0.05809   6.96408   0.04589  -5.42041   0.17070 
970821 137.680777   34.752042   86.688 -29.15883   0.05356   8.24214   0.04065  -0.61361   0.15203 
970822 136.788824   35.300837   50.269 -20.66731   0.05088   3.08289   0.04198  -0.03824   0.14934 
970823 134.588209   35.283343  720.847  -4.88767   0.06146   9.79668   0.05435  -7.09585   0.17198 
970824 136.096990   34.179953 1619.886 -24.92477   0.06864   4.55663   0.05069   0.48688   0.20334 
970825 135.735180   33.969482  246.418 -25.37011   0.06408   5.34114   0.05217   1.84491   0.18779 
970826 135.708790   33.637171  201.547 -32.78718   0.06671   7.77796   0.04780  -2.35867   0.17136 
970827 134.393430   34.217798   45.989 -15.06576   0.05633   7.99839   0.05213  -0.49972   0.16477 
970828 132.046094   33.367968   89.375 -24.20473   0.05914   9.73631   0.04345   2.32048   0.16342 
970829 132.475346   33.384373  253.430 -25.44247   0.05756  11.18263   0.04655   2.95716   0.15887 
970830 133.362641   33.704284  769.256 -24.51722   0.06305  13.03958   0.05380   2.93008   0.17690 
970831 130.464992   33.097354   50.360  -6.77476   0.05284   0.55460   0.04249  -1.90155   0.16753 
970832 129.720712   32.839611  145.306  -3.88525   0.05545  -1.26675   0.04435  -1.44102   0.17312 
970833 131.206798   33.127843  976.284 -19.65107   0.07191  -1.62589   0.06275  -6.56683   0.20094 
970834 130.360661   32.098435  190.902  -6.54953   0.05874  -5.75458   0.04725  -1.41026   0.17018 
970835 130.238975   31.906164   62.707  -2.76172   0.06092  -6.25141   0.04557  -1.28497   0.16819 
970836 130.408000   31.796021   68.963  -3.27754   0.05975  -6.85956   0.05096  -0.77012   0.17327 
970837 130.599594   31.824061  314.670  -4.28986   0.06563  -5.07915   0.04983   0.45927   0.19319 
990838 138.762790   34.690255  103.364 -37.97725   0.07108   8.06911   0.05166  -4.58035   0.15555 
990840 138.331218   34.836166   46.502 -31.47384   0.08206   7.31535   0.03828  -6.44745   0.16426 
#ZENISU  138.8180  33.9440  0  -49.8  7.8  -2.7  11.9057 4.1945 7.2552
KMN  136.50811    33.72586      0.0       -43         1         9         4        -1        10 
KMC  136.55766    33.64187      0.0       -38         2         9         9        -1        10 
KMS  136.61199    33.57704      0.0       -51         2        11         2        -1        10 
KME  137.11700    33.88461      0.0       -30        10         7         8        -1        10 
TCA  137.00099    33.21866      0.0       -36        17         7        18        -1        10 
TOA  137.17355    32.82914      0.0       -52        20        19         6        -1        10 
TCB  137.38626    33.54412      0.0       -52         8        47        29        -1        10 
SNW  138.59114    34.93426      0.0       -37         9         4         6        -1        10 
SNE  138.68188    34.93530      0.0       -41         8        -4         2        -1        10 
TOK1     138.14       34.08      0.0       -50         2        10         1        -1        10 
TOK2     137.61       33.88      0.0       -49         2        11         1        -1        10 
TOK3     137.39       34.18      0.0       -52         4         9         5        -1        10 
KUM1     137.00       33.67      0.0       -37         1         8         2        -1        10 
KUM2     136.67       33.43      0.0       -43         5        11         9        -1        10 
KUM3     136.36       33.33      0.0       -40         2        11         2        -1        10 
SIOW     135.57       33.16      0.0       -45         2        17         2        -1        10 
MRT1     134.94       33.35      0.0       -34         4        11         4        -1        10 
MRT2     134.81       32.87      0.0       -39         2        11         2        -1        10 
TOS1     133.67       32.82      0.0       -48         6        29         4        -1        10 
TOS2     134.03       32.43      0.0       -43         5        25         5        -1        10 
ASZ1     133.22       32.37      0.0       -42         3        20         4        -1        10 
ASZ2     133.58       31.93      0.0       -40         6        18         4        -1        10 
HYG1     132.42       32.38      0.0       -32         4        22         3        -1        10 
HYG2     132.49       31.97      0.0       -21         6         4         7        -1        10 
