GEONET 139.0820 35.0069 0.0 -35.20 4.07 0.0 1.0 1.0 5.0
GEONET 139.1017 34.9719 0.0 -39.36 2.56 0.0 1.0 1.0 5.0
GEONET 139.0700 34.9507 0.0 -38.58 1.96 0.0 1.0 1.0 5.0
GEONET 138.7842 34.6716 0.0 -41.00 5.50 0.0 1.0 1.0 5.0
GEONET 140.0872 36.1061 0.0 -29.17 3.59 0.0 1.0 1.0 5.0
GEONET 139.5423 36.2952 0.0 -27.17 0.26 0.0 1.0 1.0 5.0
GEONET 140.1743 36.2633 0.0 -28.65 2.49 0.0 1.0 1.0 5.0
GEONET 139.8105 36.2037 0.0 -27.46 1.68 0.0 1.0 1.0 5.0
GEONET 140.5445 36.1813 0.0 -28.87 2.05 0.0 1.0 1.0 5.0
GEONET 139.3452 36.1210 0.0 -26.78 2.91 0.0 1.0 1.0 5.0
GEONET 140.3432 36.0969 0.0 -28.30 2.51 0.0 1.0 1.0 5.0
GEONET 139.6367 36.0872 0.0 -25.86 3.90 0.0 1.0 1.0 5.0
GEONET 139.7981 36.0107 0.0 -27.40 4.55 0.0 1.0 1.0 5.0
GEONET 140.6592 35.9555 0.0 -28.45 2.36 0.0 1.0 1.0 5.0
GEONET 140.4030 35.9704 0.0 -28.00 3.20 0.0 1.0 1.0 5.0
GEONET 139.4643 35.9255 0.0 -27.37 4.53 0.0 1.0 1.0 5.0
GEONET 139.9927 35.9403 0.0 -27.46 3.52 0.0 1.0 1.0 5.0
GEONET 139.6519 35.9375 0.0 -27.45 2.88 0.0 1.0 1.0 5.0
GEONET 140.1455 35.8736 0.0 -34.16 1.18 0.0 1.0 1.0 5.0
GEONET 140.4070 35.8033 0.0 -28.19 3.81 0.0 1.0 1.0 5.0
GEONET 139.8128 35.7802 0.0 -27.99 4.26 0.0 1.0 1.0 5.0
GEONET 139.6430 35.7592 0.0 -27.51 5.03 0.0 1.0 1.0 5.0
GEONET 140.0248 35.7865 0.0 -28.46 4.62 0.0 1.0 1.0 5.0
GEONET 139.4883 35.7104 0.0 -27.46 6.90 0.0 1.0 1.0 5.0
GEONET 140.3151 35.7175 0.0 -28.60 3.84 0.0 1.0 1.0 5.0
GEONET 140.6468 35.7773 0.0 -28.49 1.22 0.0 1.0 1.0 5.0
GEONET 140.8372 35.7264 0.0 -28.41 2.07 0.0 1.0 1.0 5.0
GEONET 139.9024 35.6755 0.0 -27.55 4.64 0.0 1.0 1.0 5.0
GEONET 140.4483 35.6424 0.0 -27.57 4.92 0.0 1.0 1.0 5.0
GEONET 140.1866 35.5441 0.0 -26.05 6.59 0.0 1.0 1.0 5.0
GEONET 139.6734 35.5634 0.0 -27.93 8.28 0.0 1.0 1.0 5.0
GEONET 140.3182 35.5301 0.0 -26.92 7.88 0.0 1.0 1.0 5.0
GEONET 139.4678 35.5214 0.0 -28.40 7.68 0.0 1.0 1.0 5.0
GEONET 139.3226 35.4826 0.0 -30.33 8.75 0.0 1.0 1.0 5.0
GEONET 140.0513 35.4478 0.0 -30.43 8.00 0.0 1.0 1.0 5.0
GEONET 139.0452 35.4154 0.0 -27.57 5.92 0.0 1.0 1.0 5.0
GEONET 139.6537 35.4365 0.0 -30.65 11.63 0.0 1.0 1.0 5.0
GEONET 140.3374 35.4211 0.0 -32.44 7.45 0.0 1.0 1.0 5.0
GEONET 139.4661 35.3267 0.0 -32.64 13.66 0.0 1.0 1.0 5.0
GEONET 139.2627 35.3049 0.0 -32.26 13.07 0.0 1.0 1.0 5.0
GEONET 139.8255 35.3117 0.0 -33.84 13.18 0.0 1.0 1.0 5.0
GEONET 140.1468 35.3331 0.0 -31.00 11.12 0.0 1.0 1.0 5.0
GEONET 138.8817 35.3216 0.0 -25.17 1.74 0.0 1.0 1.0 5.0
GEONET 139.8436 35.1437 0.0 -35.48 17.15 0.0 1.0 1.0 5.0
GEONET 139.6243 35.1321 0.0 -20.39 22.68 0.0 1.0 1.0 5.0
GEONET 140.2680 35.1659 0.0 -32.26 14.69 0.0 1.0 1.0 5.0
GEONET 139.1104 35.1486 0.0 -29.27 10.88 0.0 1.0 1.0 5.0
GEONET 138.9019 35.1100 0.0 -27.59 0.15 0.0 1.0 1.0 5.0
GEONET 140.0793 35.1119 0.0 -34.80 16.06 0.0 1.0 1.0 5.0
GEONET 139.9543 35.2548 0.0 -34.16 13.81 0.0 1.0 1.0 5.0
GEONET 138.9979 35.0148 0.0 -33.13 3.83 0.0 1.0 1.0 5.0
GEONET 139.8641 34.9541 0.0 -35.53 22.85 0.0 1.0 1.0 5.0
GEONET 139.1312 34.9393 0.0 -33.29 7.56 0.0 1.0 1.0 5.0
GEONET 138.9248 34.9161 0.0 -36.02 -0.51 0.0 1.0 1.0 5.0
GEONET 137.6723 34.8353 0.0 -19.93 1.30 0.0 1.0 1.0 5.0
GEONET 139.3814 34.7844 0.0 -40.96 27.01 0.0 1.0 1.0 5.0
GEONET 138.0175 34.7859 0.0 -28.19 5.58 0.0 1.0 1.0 5.0
GEONET 138.9898 34.7514 0.0 -40.88 0.65 0.0 1.0 1.0 5.0
GEONET 137.7172 34.6776 0.0 -28.79 7.47 0.0 1.0 1.0 5.0
GEONET 139.4332 34.6868 0.0 -34.60 12.84 0.0 1.0 1.0 5.0
GEONET 137.4142 34.6716 0.0 -27.26 7.87 0.0 1.0 1.0 5.0
GEONET 139.2579 34.3718 0.0 -23.51 20.28 0.0 1.0 1.0 5.0
GEONET 139.1345 34.2005 0.0 -39.95 -1.17 0.0 1.0 1.0 5.0
GEONET 139.5038 34.1211 0.0 -34.47 25.65 0.0 1.0 1.0 5.0
GEONET 139.5472 34.0591 0.0 -25.83 14.89 0.0 1.0 1.0 5.0
GEONET 139.0137 34.9218 0.0 -41.79 -2.49 0.0 1.0 1.0 5.0
GEONET 139.1244 34.8785 0.0 -35.38 6.12 0.0 1.0 1.0 5.0
GEONET 139.2681 35.7238 0.0 -27.10 5.69 0.0 1.0 1.0 5.0
GEONET 138.9759 35.6233 0.0 -26.59 4.67 0.0 1.0 1.0 5.0
GEONET 139.1572 35.6103 0.0 -27.23 7.57 0.0 1.0 1.0 5.0
GEONET 139.2049 35.4285 0.0 -26.08 12.21 0.0 1.0 1.0 5.0
GEONET 139.6648 35.2671 0.0 -34.93 15.95 0.0 1.0 1.0 5.0
GEONET 139.0493 35.2455 0.0 -29.26 6.20 0.0 1.0 1.0 5.0
GEONET 138.4452 35.4436 0.0 -24.56 3.72 0.0 1.0 1.0 5.0
GEONET 138.8140 35.4966 0.0 -25.25 3.33 0.0 1.0 1.0 5.0
GEONET 138.5634 35.3621 0.0 -26.15 2.72 0.0 1.0 1.0 5.0
GEONET 138.7707 35.3055 0.0 -25.53 1.58 0.0 1.0 1.0 5.0
GEONET 138.4457 35.2895 0.0 -24.41 2.67 0.0 1.0 1.0 5.0
GEONET 138.2535 35.2010 0.0 -27.45 4.86 0.0 1.0 1.0 5.0
GEONET 138.6170 35.2032 0.0 -25.28 2.14 0.0 1.0 1.0 5.0
GEONET 138.7215 35.1736 0.0 -27.73 0.84 0.0 1.0 1.0 5.0
GEONET 138.5247 35.0674 0.0 -28.40 4.15 0.0 1.0 1.0 5.0
GEONET 138.3687 35.1035 0.0 -25.33 4.95 0.0 1.0 1.0 5.0
GEONET 138.1349 35.1039 0.0 -22.90 1.69 0.0 1.0 1.0 5.0
GEONET 138.7809 34.9736 0.0 -33.37 2.91 0.0 1.0 1.0 5.0
GEONET 138.3783 34.9905 0.0 -29.31 5.04 0.0 1.0 1.0 5.0
GEONET 138.2497 34.9543 0.0 -26.85 6.80 0.0 1.0 1.0 5.0
GEONET 137.8683 35.1614 0.0 -21.45 3.23 0.0 1.0 1.0 5.0
GEONET 137.6952 35.0793 0.0 -23.09 4.28 0.0 1.0 1.0 5.0
GEONET 138.7861 34.7761 0.0 -40.01 3.89 0.0 1.0 1.0 5.0
GEONET 138.8384 34.6100 0.0 -41.91 6.78 0.0 1.0 1.0 5.0
GEONET 138.3312 34.8361 0.0 -28.87 5.39 0.0 1.0 1.0 5.0
GEONET 138.0749 34.9398 0.0 -26.38 4.66 0.0 1.0 1.0 5.0
GEONET 137.9321 34.8439 0.0 -27.57 3.61 0.0 1.0 1.0 5.0
GEONET 137.8179 34.9413 0.0 -24.81 5.10 0.0 1.0 1.0 5.0
GEONET 138.1369 34.7578 0.0 -28.69 6.16 0.0 1.0 1.0 5.0
GEONET 138.2256 34.7383 0.0 -30.54 7.19 0.0 1.0 1.0 5.0
GEONET 138.0535 34.7153 0.0 -29.51 6.40 0.0 1.0 1.0 5.0
GEONET 138.1293 34.6429 0.0 -37.24 2.43 0.0 1.0 1.0 5.0
GEONET 137.9374 34.6704 0.0 -29.15 6.95 0.0 1.0 1.0 5.0
GEONET 137.9113 34.7554 0.0 -28.44 5.99 0.0 1.0 1.0 5.0
GEONET 137.7918 34.7928 0.0 -27.41 6.22 0.0 1.0 1.0 5.0
GEONET 137.8234 34.6719 0.0 -29.59 7.09 0.0 1.0 1.0 5.0
GEONET 137.5755 34.9377 0.0 -24.86 5.20 0.0 1.0 1.0 5.0
GEONET 137.6334 34.7009 0.0 -27.11 6.62 0.0 1.0 1.0 5.0
GEONET 138.2157 34.6054 0.0 -33.26 8.67 0.0 1.0 1.0 5.0
GEONET 137.4340 34.8648 0.0 -24.64 3.88 0.0 1.0 1.0 5.0
GEONET 137.5543 34.8087 0.0 -23.26 6.95 0.0 1.0 1.0 5.0
GEONET 137.5149 34.7181 0.0 -26.87 7.96 0.0 1.0 1.0 5.0
GEONET 141.7504 45.4030 0.0 -3.67 0.92 0.0 1.0 1.0 5.0
GEONET 143.2242 44.4337 0.0 -9.62 3.05 0.0 1.0 1.0 5.0
GEONET 141.7563 44.3980 0.0 -7.90 1.64 0.0 1.0 1.0 5.0
GEONET 144.6758 43.9157 0.0 -19.54 9.31 0.0 1.0 1.0 5.0
GEONET 144.4490 43.5079 0.0 -27.81 10.62 0.0 1.0 1.0 5.0
GEONET 145.5115 43.2898 0.0 -36.88 12.12 0.0 1.0 1.0 5.0
GEONET 142.4825 43.5897 0.0 -23.47 5.04 0.0 1.0 1.0 5.0
GEONET 141.5104 43.8540 0.0 -11.60 1.11 0.0 1.0 1.0 5.0
GEONET 145.1296 43.0701 0.0 -38.16 13.09 0.0 1.0 1.0 5.0
GEONET 144.4319 42.9633 0.0 -32.11 9.87 0.0 1.0 1.0 5.0
GEONET 143.4592 43.0286 0.0 -28.73 8.01 0.0 1.0 1.0 5.0
GEONET 142.4020 42.9805 0.0 -26.53 4.33 0.0 1.0 1.0 5.0
GEONET 141.0309 43.1779 0.0 -15.01 -0.22 0.0 1.0 1.0 5.0
GEONET 141.7307 42.9833 0.0 -22.01 0.78 0.0 1.0 1.0 5.0
GEONET 143.3310 42.3216 0.0 -35.87 11.63 0.0 1.0 1.0 5.0
GEONET 142.3646 42.3569 0.0 -24.93 3.90 0.0 1.0 1.0 5.0
GEONET 139.8577 42.4507 0.0 -24.51 1.31 0.0 1.0 1.0 5.0
GEONET 140.9424 42.3742 0.0 -16.55 0.23 0.0 1.0 1.0 5.0
GEONET 143.1565 42.0059 0.0 -31.84 7.17 0.0 1.0 1.0 5.0
GEONET 139.5196 42.1535 0.0 -20.81 2.61 0.0 1.0 1.0 5.0
GEONET 140.1073 42.0081 0.0 -19.20 1.67 0.0 1.0 1.0 5.0
GEONET 140.7478 41.8261 0.0 -16.35 1.21 0.0 1.0 1.0 5.0
GEONET 140.0407 41.4664 0.0 -13.08 1.43 0.0 1.0 1.0 5.0
GEONET 141.2133 41.3008 0.0 -17.47 1.03 0.0 1.0 1.0 5.0
GEONET 140.8296 40.8409 0.0 -14.31 0.98 0.0 1.0 1.0 5.0
GEONET 140.2730 40.7790 0.0 -13.34 1.59 0.0 1.0 1.0 5.0
GEONET 141.7891 40.1334 0.0 -18.95 0.12 0.0 1.0 1.0 5.0
GEONET 141.9400 39.5724 0.0 -23.78 2.21 0.0 1.0 1.0 5.0
GEONET 141.2039 39.1106 0.0 -29.21 8.55 0.0 1.0 1.0 5.0
GEONET 139.7761 39.9679 0.0 -11.66 4.73 0.0 1.0 1.0 5.0
GEONET 140.0482 39.3987 0.0 -15.52 5.11 0.0 1.0 1.0 5.0
GEONET 139.8089 38.8946 0.0 -16.45 4.95 0.0 1.0 1.0 5.0
GEONET 140.3187 38.7586 0.0 -22.69 6.15 0.0 1.0 1.0 5.0
GEONET 139.5558 38.5555 0.0 -19.18 3.99 0.0 1.0 1.0 5.0
GEONET 140.3661 38.3310 0.0 -27.88 4.54 0.0 1.0 1.0 5.0
GEONET 141.4412 38.4492 0.0 -40.07 7.75 0.0 1.0 1.0 5.0
GEONET 140.9542 38.3175 0.0 -35.16 5.71 0.0 1.0 1.0 5.0
GEONET 140.9081 37.8007 0.0 -36.32 5.44 0.0 1.0 1.0 5.0
GEONET 140.3248 37.3619 0.0 -30.04 1.20 0.0 1.0 1.0 5.0
GEONET 139.7915 37.6437 0.0 -24.25 2.33 0.0 1.0 1.0 5.0
GEONET 140.9025 37.0907 0.0 -34.45 6.30 0.0 1.0 1.0 5.0
GEONET 140.6118 36.5399 0.0 -27.98 -0.79 0.0 1.0 1.0 5.0
GEONET 139.7264 36.4018 0.0 -27.49 2.66 0.0 1.0 1.0 5.0
GEONET 138.9063 36.6970 0.0 -23.83 1.63 0.0 1.0 1.0 5.0
GEONET 138.8654 36.2590 0.0 -25.25 3.37 0.0 1.0 1.0 5.0
GEONET 137.8511 36.4998 0.0 -16.07 1.26 0.0 1.0 1.0 5.0
GEONET 137.9438 35.9236 0.0 -21.53 2.65 0.0 1.0 1.0 5.0
GEONET 138.5833 35.5903 0.0 -27.39 6.03 0.0 1.0 1.0 5.0
GEONET 139.5096 38.2307 0.0 -22.15 2.61 0.0 1.0 1.0 5.0
GEONET 138.9889 37.8965 0.0 -13.93 0.19 0.0 1.0 1.0 5.0
GEONET 138.5744 37.3977 0.0 -12.59 1.13 0.0 1.0 1.0 5.0
GEONET 137.4872 36.9290 0.0 -8.51 1.03 0.0 1.0 1.0 5.0
GEONET 136.8892 37.3824 0.0 -4.47 0.08 0.0 1.0 1.0 5.0
GEONET 136.6499 36.6634 0.0 -4.47 -0.18 0.0 1.0 1.0 5.0
GEONET 136.1730 36.2312 0.0 -5.25 0.12 0.0 1.0 1.0 5.0
GEONET 136.1058 35.6026 0.0 -12.22 1.31 0.0 1.0 1.0 5.0
GEONET 135.2334 35.5499 0.0 -7.09 1.42 0.0 1.0 1.0 5.0
GEONET 137.3479 36.1360 0.0 -17.46 1.65 0.0 1.0 1.0 5.0
GEONET 137.2484 35.8005 0.0 -18.67 1.39 0.0 1.0 1.0 5.0
GEONET 136.9000 35.5261 0.0 -18.84 1.65 0.0 1.0 1.0 5.0
GEONET 137.4676 35.3968 0.0 -20.78 3.36 0.0 1.0 1.0 5.0
GEONET 136.1582 35.0947 0.0 -16.00 -0.06 0.0 1.0 1.0 5.0
GEONET 137.0413 35.1281 0.0 -22.53 5.59 0.0 1.0 1.0 5.0
GEONET 136.5023 34.7590 0.0 -20.30 2.18 0.0 1.0 1.0 5.0
GEONET 136.8511 34.4654 0.0 -25.57 6.19 0.0 1.0 1.0 5.0
GEONET 136.1984 34.0607 0.0 -24.58 4.43 0.0 1.0 1.0 5.0
GEONET 135.5010 34.8380 0.0 -12.82 -0.84 0.0 1.0 1.0 5.0
GEONET 135.8514 34.3923 0.0 -19.01 1.50 0.0 1.0 1.0 5.0
GEONET 135.2215 34.1577 0.0 -18.05 0.79 0.0 1.0 1.0 5.0
GEONET 135.7644 33.4834 0.0 -32.02 5.67 0.0 1.0 1.0 5.0
GEONET 134.5504 34.7848 0.0 -4.77 -0.38 0.0 1.0 1.0 5.0
GEONET 134.3313 35.5865 0.0 -4.18 -10.55 0.0 1.0 1.0 5.0
GEONET 133.6990 35.4904 0.0 -1.30 -1.31 0.0 1.0 1.0 5.0
GEONET 133.0587 35.4339 0.0 -1.29 -1.49 0.0 1.0 1.0 5.0
GEONET 132.2090 35.0028 0.0 -1.81 -0.19 0.0 1.0 1.0 5.0
GEONET 131.6104 34.6165 0.0 -1.88 1.19 0.0 1.0 1.0 5.0
GEONET 133.5280 34.5488 0.0 -4.97 2.25 0.0 1.0 1.0 5.0
GEONET 132.5754 34.3404 0.0 -4.99 2.90 0.0 1.0 1.0 5.0
GEONET 130.9136 33.9966 0.0 -0.32 -4.20 0.0 1.0 1.0 5.0
GEONET 134.0239 34.2860 0.0 -8.03 2.91 0.0 1.0 1.0 5.0
GEONET 134.6260 33.9269 0.0 -17.99 3.99 0.0 1.0 1.0 5.0
GEONET 134.1221 33.3159 0.0 -40.63 16.94 0.0 1.0 1.0 5.0
GEONET 133.5783 33.5291 0.0 -28.30 14.50 0.0 1.0 1.0 5.0
GEONET 133.2418 33.2729 0.0 -29.44 14.21 0.0 1.0 1.0 5.0
GEONET 132.9664 32.7557 0.0 -34.72 19.45 0.0 1.0 1.0 5.0
GEONET 132.2812 33.4690 0.0 -18.30 5.81 0.0 1.0 1.0 5.0
GEONET 130.4768 33.7307 0.0 -1.35 -3.39 0.0 1.0 1.0 5.0
GEONET 131.6914 33.4615 0.0 -13.70 3.43 0.0 1.0 1.0 5.0
GEONET 130.9678 33.3311 0.0 -5.20 -0.77 0.0 1.0 1.0 5.0
GEONET 131.8764 32.9246 0.0 -19.10 1.88 0.0 1.0 1.0 5.0
GEONET 129.8503 33.4761 0.0 1.61 -3.81 0.0 1.0 1.0 5.0
GEONET 129.8602 32.6998 0.0 1.74 -4.13 0.0 1.0 1.0 5.0
GEONET 130.6456 32.5464 0.0 1.06 -9.39 0.0 1.0 1.0 5.0
GEONET 131.6323 32.4454 0.0 -11.48 -4.72 0.0 1.0 1.0 5.0
GEONET 131.4697 32.0218 0.0 -1.11 -9.00 0.0 1.0 1.0 5.0
GEONET 130.1901 32.0132 0.0 -2.40 -4.75 0.0 1.0 1.0 5.0
GEONET 130.4664 31.5038 0.0 9.15 -28.92 0.0 1.0 1.0 5.0
GEONET 130.2995 31.2646 0.0 7.76 -13.39 0.0 1.0 1.0 5.0
GEONET 131.0875 31.2585 0.0 8.86 -16.85 0.0 1.0 1.0 5.0
GEONET 127.7689 26.1448 0.0 9.58 -26.75 0.0 1.0 1.0 5.0
GEONET 139.0959 35.0446 0.0 -32.05 5.61 0.0 1.0 1.0 5.0
GEONET 141.8448 43.5288 0.0 -16.20 1.20 0.0 1.0 1.0 5.0
GEONET 140.0873 36.1059 0.0 -27.77 3.21 0.0 1.0 1.0 5.0
GEONET 142.1846 27.0956 0.0 -62.53 21.99 0.0 1.0 1.0 5.0
GEONET 130.8786 31.4253 0.0 9.83 -18.33 0.0 1.0 1.0 5.0
GEONET 142.1697 45.3358 0.0 -5.63 -0.21 0.0 1.0 1.0 5.0
GEONET 141.0382 45.2760 0.0 -2.35 0.54 0.0 1.0 1.0 5.0
GEONET 142.5371 45.0024 0.0 -7.49 -0.42 0.0 1.0 1.0 5.0
GEONET 141.7414 44.8925 0.0 -4.61 -0.15 0.0 1.0 1.0 5.0
GEONET 142.2652 44.7285 0.0 -7.03 -0.63 0.0 1.0 1.0 5.0
GEONET 141.3301 44.4271 0.0 -6.43 -0.33 0.0 1.0 1.0 5.0
GEONET 142.6256 44.2946 0.0 -11.53 1.40 0.0 1.0 1.0 5.0
GEONET 144.0298 44.0639 0.0 -19.17 2.57 0.0 1.0 1.0 5.0
GEONET 145.1861 44.0192 0.0 -18.50 8.15 0.0 1.0 1.0 5.0
GEONET 142.1517 44.0068 0.0 -13.02 1.26 0.0 1.0 1.0 5.0
GEONET 143.3337 44.0056 0.0 -15.32 3.69 0.0 1.0 1.0 5.0
GEONET 143.9269 42.8945 0.0 -29.13 12.48 0.0 1.0 1.0 5.0
GEONET 144.9870 43.5494 0.0 -27.97 10.48 0.0 1.0 1.0 5.0
GEONET 143.7873 43.8489 0.0 -16.44 4.58 0.0 1.0 1.0 5.0
GEONET 145.1314 43.6618 0.0 -27.73 10.32 0.0 1.0 1.0 5.0
GEONET 144.7743 43.4087 0.0 -32.36 12.10 0.0 1.0 1.0 5.0
GEONET 141.4312 43.4047 0.0 -15.21 -1.39 0.0 1.0 1.0 5.0
GEONET 145.1150 43.3825 0.0 -34.84 11.75 0.0 1.0 1.0 5.0
GEONET 145.8011 43.3669 0.0 -37.79 8.38 0.0 1.0 1.0 5.0
GEONET 140.5971 43.2926 0.0 -13.70 -0.62 0.0 1.0 1.0 5.0
GEONET 143.5624 43.2895 0.0 -26.17 7.30 0.0 1.0 1.0 5.0
GEONET 144.3250 43.2329 0.0 -31.32 12.16 0.0 1.0 1.0 5.0
GEONET 143.2980 43.2320 0.0 -25.81 7.21 0.0 1.0 1.0 5.0
GEONET 144.1265 43.1206 0.0 -30.31 12.14 0.0 1.0 1.0 5.0
GEONET 144.8430 43.0576 0.0 -36.53 12.18 0.0 1.0 1.0 5.0
GEONET 140.4992 43.0568 0.0 -15.17 -0.68 0.0 1.0 1.0 5.0
GEONET 140.5439 42.9853 0.0 -16.36 -0.83 0.0 1.0 1.0 5.0
GEONET 141.2903 42.9714 0.0 -16.74 -1.07 0.0 1.0 1.0 5.0
GEONET 140.8833 42.8579 0.0 -17.25 -0.63 0.0 1.0 1.0 5.0
GEONET 140.6035 42.8027 0.0 -22.87 -1.39 0.0 1.0 1.0 5.0
GEONET 140.2332 42.7864 0.0 -22.55 -0.53 0.0 1.0 1.0 5.0
GEONET 141.8640 42.7294 0.0 -21.95 -0.03 0.0 1.0 1.0 5.0
GEONET 142.2958 42.7272 0.0 -24.69 3.02 0.0 1.0 1.0 5.0
GEONET 143.1033 42.6993 0.0 -29.29 10.51 0.0 1.0 1.0 5.0
GEONET 141.0750 42.6679 0.0 -18.49 -1.96 0.0 1.0 1.0 5.0
GEONET 141.6023 42.6555 0.0 -20.54 -0.55 0.0 1.0 1.0 5.0
GEONET 140.8257 42.6463 0.0 -19.71 -1.90 0.0 1.0 1.0 5.0
GEONET 143.4611 42.5517 0.0 -32.69 12.39 0.0 1.0 1.0 5.0
GEONET 141.3615 42.5498 0.0 -19.78 0.28 0.0 1.0 1.0 5.0
GEONET 140.3542 42.4944 0.0 -20.64 -0.58 0.0 1.0 1.0 5.0
GEONET 142.0602 42.4813 0.0 -14.40 0.01 0.0 1.0 1.0 5.0
GEONET 142.5674 42.2477 0.0 -23.86 1.82 0.0 1.0 1.0 5.0
GEONET 140.2505 42.2437 0.0 -22.80 -8.16 0.0 1.0 1.0 5.0
GEONET 142.9354 42.1309 0.0 -28.98 5.22 0.0 1.0 1.0 5.0
GEONET 140.0039 42.1308 0.0 -20.76 1.11 0.0 1.0 1.0 5.0
GEONET 140.5689 42.0986 0.0 -19.14 1.19 0.0 1.0 1.0 5.0
GEONET 140.8055 42.0430 0.0 -15.34 0.09 0.0 1.0 1.0 5.0
GEONET 141.1408 41.8344 0.0 -22.63 6.11 0.0 1.0 1.0 5.0
GEONET 140.3159 41.5990 0.0 -13.75 -0.31 0.0 1.0 1.0 5.0
GEONET 140.8805 41.4553 0.0 -16.12 1.04 0.0 1.0 1.0 5.0
GEONET 140.6359 41.0432 0.0 -14.26 0.67 0.0 1.0 1.0 5.0
GEONET 141.3680 40.9682 0.0 -18.67 1.16 0.0 1.0 1.0 5.0
GEONET 141.1978 40.6251 0.0 -16.47 1.00 0.0 1.0 1.0 5.0
GEONET 139.9281 40.5776 0.0 -16.32 2.34 0.0 1.0 1.0 5.0
GEONET 140.5781 40.5237 0.0 -14.48 2.30 0.0 1.0 1.0 5.0
GEONET 141.5113 40.5154 0.0 -19.18 0.69 0.0 1.0 1.0 5.0
GEONET 141.0765 40.2911 0.0 -14.98 3.45 0.0 1.0 1.0 5.0
GEONET 141.7131 40.4052 0.0 -19.67 0.14 0.0 1.0 1.0 5.0
GEONET 141.2937 40.2911 0.0 -16.78 1.67 0.0 1.0 1.0 5.0
GEONET 141.4619 40.0486 0.0 -18.42 2.40 0.0 1.0 1.0 5.0
GEONET 141.2251 39.9806 0.0 -19.33 3.87 0.0 1.0 1.0 5.0
GEONET 141.9505 39.8694 0.0 -20.78 -0.65 0.0 1.0 1.0 5.0
GEONET 141.1649 39.8512 0.0 -20.51 5.09 0.0 1.0 1.0 5.0
GEONET 141.8039 39.8492 0.0 -21.93 0.28 0.0 1.0 1.0 5.0
GEONET 140.9645 39.7011 0.0 -17.49 3.57 0.0 1.0 1.0 5.0
GEONET 141.1721 39.5966 0.0 -22.12 6.50 0.0 1.0 1.0 5.0
GEONET 141.9553 39.4582 0.0 -25.58 1.43 0.0 1.0 1.0 5.0
GEONET 141.0545 39.3626 0.0 -23.38 7.75 0.0 1.0 1.0 5.0
GEONET 141.5342 39.3381 0.0 -26.95 5.89 0.0 1.0 1.0 5.0
GEONET 141.7980 39.2535 0.0 -28.70 4.68 0.0 1.0 1.0 5.0
GEONET 141.7398 39.0238 0.0 -33.13 6.17 0.0 1.0 1.0 5.0
GEONET 141.5726 38.9029 0.0 -34.89 6.48 0.0 1.0 1.0 5.0
GEONET 140.9906 38.8153 0.0 -30.29 8.11 0.0 1.0 1.0 5.0
GEONET 140.8016 38.7489 0.0 -29.35 7.62 0.0 1.0 1.0 5.0
GEONET 141.4494 38.6827 0.0 -38.73 7.31 0.0 1.0 1.0 5.0
GEONET 141.1475 38.5395 0.0 -35.98 7.74 0.0 1.0 1.0 5.0
GEONET 140.8514 38.4118 0.0 -32.73 5.28 0.0 1.0 1.0 5.0
GEONET 140.6428 38.2057 0.0 -31.79 2.98 0.0 1.0 1.0 5.0
GEONET 140.8440 38.0297 0.0 -35.04 5.46 0.0 1.0 1.0 5.0
GEONET 140.4426 37.9899 0.0 -29.03 3.06 0.0 1.0 1.0 5.0
GEONET 140.5773 40.3250 0.0 -14.70 7.18 0.0 1.0 1.0 5.0
GEONET 140.2637 40.2712 0.0 -15.01 4.02 0.0 1.0 1.0 5.0
GEONET 140.7873 40.2154 0.0 -14.59 4.54 0.0 1.0 1.0 5.0
GEONET 140.0423 40.2249 0.0 -14.66 3.94 0.0 1.0 1.0 5.0
GEONET 140.4020 40.0069 0.0 -15.00 4.74 0.0 1.0 1.0 5.0
GEONET 140.1324 39.9361 0.0 -13.57 4.06 0.0 1.0 1.0 5.0
GEONET 140.5970 39.7492 0.0 -15.88 4.34 0.0 1.0 1.0 5.0
GEONET 140.2342 39.6583 0.0 -12.99 5.49 0.0 1.0 1.0 5.0
GEONET 140.3866 39.5493 0.0 -17.30 5.74 0.0 1.0 1.0 5.0
GEONET 140.5598 39.3270 0.0 -15.36 5.96 0.0 1.0 1.0 5.0
GEONET 139.9077 39.2061 0.0 -13.36 3.60 0.0 1.0 1.0 5.0
GEONET 140.1620 39.1642 0.0 -17.93 5.27 0.0 1.0 1.0 5.0
GEONET 140.6296 39.0519 0.0 -22.38 9.38 0.0 1.0 1.0 5.0
GEONET 139.5477 39.1856 0.0 -10.29 2.99 0.0 1.0 1.0 5.0
GEONET 139.9574 38.7597 0.0 -20.00 3.63 0.0 1.0 1.0 5.0
GEONET 139.8318 38.5940 0.0 -19.40 3.80 0.0 1.0 1.0 5.0
GEONET 139.7422 38.1462 0.0 -23.06 3.09 0.0 1.0 1.0 5.0
GEONET 140.0935 37.9636 0.0 -26.15 3.78 0.0 1.0 1.0 5.0
GEONET 140.0776 38.1975 0.0 -26.50 6.77 0.0 1.0 1.0 5.0
GEONET 140.4665 37.6833 0.0 -31.87 2.30 0.0 1.0 1.0 5.0
GEONET 140.7551 37.5606 0.0 -34.63 2.95 0.0 1.0 1.0 5.0
GEONET 140.0727 37.5669 0.0 -26.88 1.21 0.0 1.0 1.0 5.0
GEONET 141.0066 37.5337 0.0 -35.92 4.95 0.0 1.0 1.0 5.0
GEONET 139.5286 37.4735 0.0 -21.27 1.57 0.0 1.0 1.0 5.0
GEONET 140.6621 37.3255 0.0 -33.26 3.12 0.0 1.0 1.0 5.0
GEONET 139.3643 37.3028 0.0 -19.79 0.89 0.0 1.0 1.0 5.0
GEONET 139.5038 37.2815 0.0 -21.68 1.54 0.0 1.0 1.0 5.0
GEONET 140.9942 37.2848 0.0 -35.11 4.09 0.0 1.0 1.0 5.0
GEONET 139.8714 37.2611 0.0 -24.69 0.17 0.0 1.0 1.0 5.0
GEONET 140.2599 37.1263 0.0 -29.10 -0.04 0.0 1.0 1.0 5.0
GEONET 140.5616 37.0893 0.0 -31.44 3.67 0.0 1.0 1.0 5.0
GEONET 140.4133 36.8621 0.0 -30.95 2.49 0.0 1.0 1.0 5.0
GEONET 140.2934 36.6506 0.0 -29.58 2.28 0.0 1.0 1.0 5.0
GEONET 140.7539 36.8003 0.0 -35.57 2.00 0.0 1.0 1.0 5.0
GEONET 140.0779 36.3649 0.0 -28.06 2.19 0.0 1.0 1.0 5.0
GEONET 140.4763 36.3444 0.0 -28.58 2.10 0.0 1.0 1.0 5.0
GEONET 140.0393 36.8542 0.0 -28.98 1.38 0.0 1.0 1.0 5.0
GEONET 139.6192 36.6660 0.0 -26.55 1.13 0.0 1.0 1.0 5.0
GEONET 139.9235 36.5989 0.0 -28.88 1.77 0.0 1.0 1.0 5.0
GEONET 139.2249 36.7697 0.0 -24.83 0.79 0.0 1.0 1.0 5.0
GEONET 138.5527 36.5080 0.0 -25.25 -0.23 0.0 1.0 1.0 5.0
GEONET 139.3304 36.4216 0.0 -26.10 1.16 0.0 1.0 1.0 5.0
GEONET 139.0757 35.9869 0.0 -26.24 2.52 0.0 1.0 1.0 5.0
GEONET 139.7960 35.8960 0.0 -28.22 4.74 0.0 1.0 1.0 5.0
GEONET 140.0481 35.6572 0.0 -27.29 2.04 0.0 1.0 1.0 5.0
GEONET 140.3849 35.2432 0.0 -30.83 13.08 0.0 1.0 1.0 5.0
GEONET 139.9749 35.0028 0.0 -36.03 20.65 0.0 1.0 1.0 5.0
GEONET 139.6307 35.6637 0.0 -32.42 10.22 0.0 1.0 1.0 5.0
GEONET 139.1626 35.3362 0.0 -29.92 10.09 0.0 1.0 1.0 5.0
GEONET 139.1424 35.2686 0.0 -30.49 11.16 0.0 1.0 1.0 5.0
GEONET 139.2533 38.4654 0.0 -14.10 1.46 0.0 1.0 1.0 5.0
GEONET 138.5131 38.3193 0.0 -8.79 0.57 0.0 1.0 1.0 5.0
GEONET 138.4717 38.0633 0.0 -8.48 0.05 0.0 1.0 1.0 5.0
GEONET 139.3515 37.9294 0.0 -20.40 2.84 0.0 1.0 1.0 5.0
GEONET 138.2731 37.8159 0.0 -8.79 -0.68 0.0 1.0 1.0 5.0
GEONET 139.4779 37.6859 0.0 -20.89 2.27 0.0 1.0 1.0 5.0
GEONET 138.7805 37.6675 0.0 -13.14 2.02 0.0 1.0 1.0 5.0
GEONET 139.0591 37.6623 0.0 -17.04 1.26 0.0 1.0 1.0 5.0
GEONET 138.9980 37.4677 0.0 -17.97 2.81 0.0 1.0 1.0 5.0
GEONET 138.7900 37.3113 0.0 -17.36 2.76 0.0 1.0 1.0 5.0
GEONET 138.3336 37.2311 0.0 -11.07 2.09 0.0 1.0 1.0 5.0
GEONET 138.9337 37.1660 0.0 -20.27 2.20 0.0 1.0 1.0 5.0
GEONET 138.1002 37.1608 0.0 -8.78 3.44 0.0 1.0 1.0 5.0
GEONET 138.6087 37.0791 0.0 -18.47 1.78 0.0 1.0 1.0 5.0
GEONET 137.8738 37.0452 0.0 -10.07 3.60 0.0 1.0 1.0 5.0
GEONET 138.8308 36.9935 0.0 -20.84 2.71 0.0 1.0 1.0 5.0
GEONET 138.1987 36.8654 0.0 -12.62 3.30 0.0 1.0 1.0 5.0
GEONET 136.9961 36.7406 0.0 -5.37 -0.02 0.0 1.0 1.0 5.0
GEONET 137.1952 36.6343 0.0 -6.63 1.24 0.0 1.0 1.0 5.0
GEONET 137.4399 36.5787 0.0 -8.35 -0.28 0.0 1.0 1.0 5.0
GEONET 136.9206 36.4019 0.0 -9.38 2.14 0.0 1.0 1.0 5.0
GEONET 136.9193 37.8505 0.0 -3.35 -0.88 0.0 1.0 1.0 5.0
GEONET 137.2700 37.4460 0.0 -4.29 -0.69 0.0 1.0 1.0 5.0
GEONET 136.7723 37.0010 0.0 -4.04 0.18 0.0 1.0 1.0 5.0
GEONET 136.3889 36.3945 0.0 -5.80 0.11 0.0 1.0 1.0 5.0
GEONET 136.6339 36.1653 0.0 -8.57 -0.67 0.0 1.0 1.0 5.0
GEONET 136.2789 36.1456 0.0 -7.71 0.46 0.0 1.0 1.0 5.0
GEONET 136.5049 35.9849 0.0 -12.57 -0.99 0.0 1.0 1.0 5.0
GEONET 135.9898 35.9450 0.0 -4.64 -1.53 0.0 1.0 1.0 5.0
GEONET 136.1974 35.7928 0.0 -10.55 0.59 0.0 1.0 1.0 5.0
GEONET 135.9076 35.5344 0.0 -10.64 0.07 0.0 1.0 1.0 5.0
GEONET 135.6089 35.4627 0.0 -8.28 0.06 0.0 1.0 1.0 5.0
GEONET 138.3164 35.8560 0.0 -23.33 4.26 0.0 1.0 1.0 5.0
GEONET 138.6951 35.7469 0.0 -25.46 2.50 0.0 1.0 1.0 5.0
GEONET 138.4362 36.8017 0.0 -20.50 2.06 0.0 1.0 1.0 5.0
GEONET 137.8723 36.7065 0.0 -12.53 0.63 0.0 1.0 1.0 5.0
GEONET 138.2475 36.6652 0.0 -18.89 2.47 0.0 1.0 1.0 5.0
GEONET 138.3225 36.3862 0.0 -19.62 3.67 0.0 1.0 1.0 5.0
GEONET 138.6378 36.3460 0.0 -23.43 5.16 0.0 1.0 1.0 5.0
GEONET 137.9028 36.3224 0.0 -19.25 3.67 0.0 1.0 1.0 5.0
GEONET 138.2165 36.2085 0.0 -22.42 4.14 0.0 1.0 1.0 5.0
GEONET 138.4610 36.1306 0.0 -23.80 4.30 0.0 1.0 1.0 5.0
GEONET 137.9830 36.1211 0.0 -22.78 2.86 0.0 1.0 1.0 5.0
GEONET 137.6963 35.7836 0.0 -21.49 3.46 0.0 1.0 1.0 5.0
GEONET 138.0383 35.5561 0.0 -22.13 3.23 0.0 1.0 1.0 5.0
GEONET 137.8152 35.5211 0.0 -21.79 3.91 0.0 1.0 1.0 5.0
GEONET 137.9253 35.3171 0.0 -22.72 2.53 0.0 1.0 1.0 5.0
GEONET 137.5877 35.2470 0.0 -20.40 3.52 0.0 1.0 1.0 5.0
GEONET 137.1472 36.3355 0.0 -11.53 0.40 0.0 1.0 1.0 5.0
GEONET 136.9528 36.0330 0.0 -14.97 -0.22 0.0 1.0 1.0 5.0
GEONET 137.5349 35.9735 0.0 -19.37 0.58 0.0 1.0 1.0 5.0
GEONET 136.8632 35.8669 0.0 -14.75 1.12 0.0 1.0 1.0 5.0
GEONET 136.9753 35.7578 0.0 -17.86 1.90 0.0 1.0 1.0 5.0
GEONET 137.4248 35.6572 0.0 -20.97 2.41 0.0 1.0 1.0 5.0
GEONET 136.4888 35.6362 0.0 -8.99 1.92 0.0 1.0 1.0 5.0
GEONET 136.6114 35.6329 0.0 -15.39 0.52 0.0 1.0 1.0 5.0
GEONET 137.1741 35.6121 0.0 -19.40 2.23 0.0 1.0 1.0 5.0
GEONET 136.6873 35.4883 0.0 -17.44 0.67 0.0 1.0 1.0 5.0
GEONET 137.1247 35.4787 0.0 -19.88 2.76 0.0 1.0 1.0 5.0
GEONET 136.7287 35.4053 0.0 -18.39 1.24 0.0 1.0 1.0 5.0
GEONET 136.5497 35.3717 0.0 -17.00 0.80 0.0 1.0 1.0 5.0
GEONET 137.1102 35.3674 0.0 -20.27 3.52 0.0 1.0 1.0 5.0
GEONET 137.4056 35.2620 0.0 -21.22 3.71 0.0 1.0 1.0 5.0
GEONET 136.5934 35.2279 0.0 -19.63 -0.83 0.0 1.0 1.0 5.0
GEONET 137.9804 35.0315 0.0 -24.62 4.71 0.0 1.0 1.0 5.0
GEONET 138.5157 34.9865 0.0 -30.55 4.45 0.0 1.0 1.0 5.0
GEONET 138.9223 34.8656 0.0 -38.62 0.53 0.0 1.0 1.0 5.0
GEONET 136.9300 35.3348 0.0 -20.55 3.02 0.0 1.0 1.0 5.0
GEONET 136.8288 35.1901 0.0 -20.33 2.23 0.0 1.0 1.0 5.0
GEONET 137.2536 35.1388 0.0 -22.61 5.46 0.0 1.0 1.0 5.0
GEONET 137.3132 35.0395 0.0 -24.45 3.77 0.0 1.0 1.0 5.0
GEONET 137.0598 34.9950 0.0 -24.76 3.52 0.0 1.0 1.0 5.0
GEONET 137.2999 34.9197 0.0 -24.47 5.56 0.0 1.0 1.0 5.0
GEONET 136.8676 34.8234 0.0 -23.24 8.16 0.0 1.0 1.0 5.0
GEONET 137.1190 34.7949 0.0 -23.93 6.17 0.0 1.0 1.0 5.0
GEONET 137.2778 34.6487 0.0 -25.93 6.97 0.0 1.0 1.0 5.0
GEONET 137.0681 34.6092 0.0 -25.54 6.91 0.0 1.0 1.0 5.0
GEONET 136.5046 35.1053 0.0 -17.66 1.11 0.0 1.0 1.0 5.0
GEONET 136.6365 34.9138 0.0 -20.44 2.01 0.0 1.0 1.0 5.0
GEONET 136.1835 34.7429 0.0 -11.73 2.33 0.0 1.0 1.0 5.0
GEONET 136.5507 34.5470 0.0 -21.73 3.56 0.0 1.0 1.0 5.0
GEONET 136.3343 34.4331 0.0 -20.79 2.53 0.0 1.0 1.0 5.0
GEONET 136.5405 34.2851 0.0 -25.78 6.78 0.0 1.0 1.0 5.0
GEONET 136.8206 34.2534 0.0 -26.46 7.53 0.0 1.0 1.0 5.0
GEONET 136.0859 33.8751 0.0 -25.46 5.23 0.0 1.0 1.0 5.0
GEONET 136.0109 33.7413 0.0 -25.88 7.90 0.0 1.0 1.0 5.0
GEONET 136.1979 35.5573 0.0 -12.17 -0.18 0.0 1.0 1.0 5.0
GEONET 136.0537 35.4663 0.0 -11.85 -0.78 0.0 1.0 1.0 5.0
GEONET 135.9132 35.3513 0.0 -11.01 -0.68 0.0 1.0 1.0 5.0
GEONET 136.0628 35.3190 0.0 -13.24 -0.55 0.0 1.0 1.0 5.0
GEONET 136.2356 35.2694 0.0 -14.49 1.96 0.0 1.0 1.0 5.0
GEONET 135.8708 35.1370 0.0 -13.20 -1.16 0.0 1.0 1.0 5.0
GEONET 136.1450 34.9864 0.0 -16.22 0.66 0.0 1.0 1.0 5.0
GEONET 135.9062 34.9396 0.0 -15.74 0.02 0.0 1.0 1.0 5.0
GEONET 136.2956 34.9318 0.0 -18.26 0.53 0.0 1.0 1.0 5.0
GEONET 136.0548 34.8693 0.0 -17.03 1.38 0.0 1.0 1.0 5.0
GEONET 135.1732 35.7524 0.0 -4.92 0.36 0.0 1.0 1.0 5.0
GEONET 134.9323 35.5557 0.0 -5.11 -0.87 0.0 1.0 1.0 5.0
GEONET 135.1640 35.2923 0.0 -6.95 0.68 0.0 1.0 1.0 5.0
GEONET 135.7740 35.2095 0.0 -10.81 0.52 0.0 1.0 1.0 5.0
GEONET 135.3669 35.1638 0.0 -8.19 1.58 0.0 1.0 1.0 5.0
GEONET 135.5645 35.0776 0.0 -10.27 0.93 0.0 1.0 1.0 5.0
GEONET 135.6651 34.9879 0.0 -13.23 0.06 0.0 1.0 1.0 5.0
GEONET 135.8641 34.7470 0.0 -17.77 1.83 0.0 1.0 1.0 5.0
GEONET 135.6855 34.7778 0.0 -15.68 0.09 0.0 1.0 1.0 5.0
GEONET 135.5185 34.6779 0.0 -16.63 0.90 0.0 1.0 1.0 5.0
GEONET 135.4813 34.5273 0.0 -16.49 2.01 0.0 1.0 1.0 5.0
GEONET 135.6273 34.4791 0.0 -17.33 2.15 0.0 1.0 1.0 5.0
GEONET 135.5869 34.4248 0.0 -16.35 3.77 0.0 1.0 1.0 5.0
GEONET 135.3642 34.4065 0.0 -14.45 2.47 0.0 1.0 1.0 5.0
GEONET 134.5825 35.4367 0.0 -2.79 -0.19 0.0 1.0 1.0 5.0
GEONET 134.8185 35.3149 0.0 -5.34 0.17 0.0 1.0 1.0 5.0
GEONET 135.1819 35.1053 0.0 -3.48 -2.27 0.0 1.0 1.0 5.0
GEONET 134.5860 35.0945 0.0 -4.88 -0.48 0.0 1.0 1.0 5.0
GEONET 134.9726 35.0908 0.0 -7.48 0.72 0.0 1.0 1.0 5.0
GEONET 134.4038 34.9976 0.0 -4.07 -0.89 0.0 1.0 1.0 5.0
GEONET 134.7673 34.9847 0.0 -5.81 0.32 0.0 1.0 1.0 5.0
GEONET 135.3260 34.9768 0.0 -8.59 2.08 0.0 1.0 1.0 5.0
GEONET 135.1764 34.9448 0.0 -10.07 8.09 0.0 1.0 1.0 5.0
GEONET 134.5452 34.8973 0.0 -4.79 -0.64 0.0 1.0 1.0 5.0
GEONET 135.2159 34.8122 0.0 -9.27 2.14 0.0 1.0 1.0 5.0
GEONET 134.9972 34.8049 0.0 -7.21 1.63 0.0 1.0 1.0 5.0
GEONET 135.3418 34.7909 0.0 -10.80 1.75 0.0 1.0 1.0 5.0
GEONET 134.8288 34.7870 0.0 -4.74 1.08 0.0 1.0 1.0 5.0
GEONET 135.3804 34.7243 0.0 -13.69 0.30 0.0 1.0 1.0 5.0
GEONET 135.1723 34.6870 0.0 -10.09 -1.72 0.0 1.0 1.0 5.0
GEONET 134.5196 34.6699 0.0 -4.18 -0.07 0.0 1.0 1.0 5.0
GEONET 134.9657 34.6697 0.0 -6.73 0.83 0.0 1.0 1.0 5.0
GEONET 135.0241 34.5771 0.0 -7.79 -1.23 0.0 1.0 1.0 5.0
GEONET 134.8610 34.4933 0.0 -7.08 -0.66 0.0 1.0 1.0 5.0
GEONET 134.8815 34.3498 0.0 -10.07 -0.75 0.0 1.0 1.0 5.0
GEONET 134.7352 34.3343 0.0 -10.04 0.93 0.0 1.0 1.0 5.0
GEONET 134.7365 34.2237 0.0 -12.12 1.40 0.0 1.0 1.0 5.0
GEONET 136.0504 34.5670 0.0 -19.19 1.08 0.0 1.0 1.0 5.0
GEONET 135.7042 34.3883 0.0 -15.82 2.58 0.0 1.0 1.0 5.0
GEONET 135.9637 34.0382 0.0 -20.21 3.53 0.0 1.0 1.0 5.0
GEONET 135.3580 34.2561 0.0 -15.72 3.46 0.0 1.0 1.0 5.0
GEONET 135.0660 34.2715 0.0 -9.33 5.85 0.0 1.0 1.0 5.0
GEONET 135.5901 34.2218 0.0 -15.83 2.14 0.0 1.0 1.0 5.0
GEONET 135.3849 33.9617 0.0 -22.13 4.49 0.0 1.0 1.0 5.0
GEONET 135.1801 33.9139 0.0 -21.42 4.62 0.0 1.0 1.0 5.0
GEONET 135.7821 33.8152 0.0 -28.22 1.34 0.0 1.0 1.0 5.0
GEONET 135.5084 33.7855 0.0 -23.50 5.91 0.0 1.0 1.0 5.0
GEONET 135.3962 33.7443 0.0 -24.27 5.33 0.0 1.0 1.0 5.0
GEONET 135.9207 33.5839 0.0 -29.30 6.63 0.0 1.0 1.0 5.0
GEONET 135.5992 33.5056 0.0 -33.53 7.76 0.0 1.0 1.0 5.0
GEONET 134.0467 35.4568 0.0 -0.73 -0.88 0.0 1.0 1.0 5.0
GEONET 133.4391 35.3455 0.0 -4.30 -0.59 0.0 1.0 1.0 5.0
GEONET 134.2374 35.2659 0.0 -4.00 -0.70 0.0 1.0 1.0 5.0
GEONET 133.3085 35.1646 0.0 -4.10 -0.78 0.0 1.0 1.0 5.0
GEONET 133.2399 36.2853 0.0 0.59 -0.62 0.0 1.0 1.0 5.0
GEONET 132.9844 36.0932 0.0 1.54 -3.46 0.0 1.0 1.0 5.0
GEONET 132.7432 35.3926 0.0 0.09 -1.70 0.0 1.0 1.0 5.0
GEONET 132.9954 35.1956 0.0 -3.06 1.66 0.0 1.0 1.0 5.0
GEONET 132.5073 35.1860 0.0 1.68 0.10 0.0 1.0 1.0 5.0
GEONET 132.7205 35.0198 0.0 -1.17 -1.65 0.0 1.0 1.0 5.0
GEONET 131.9231 34.7673 0.0 -4.14 -2.86 0.0 1.0 1.0 5.0
GEONET 133.7925 35.2635 0.0 -1.91 -1.83 0.0 1.0 1.0 5.0
GEONET 134.3196 35.0996 0.0 -3.80 12.34 0.0 1.0 1.0 5.0
GEONET 134.2348 35.0209 0.0 -3.50 -0.53 0.0 1.0 1.0 5.0
GEONET 133.7345 35.0030 0.0 -2.98 -0.79 0.0 1.0 1.0 5.0
GEONET 133.9609 34.9825 0.0 -4.22 0.72 0.0 1.0 1.0 5.0
GEONET 133.5981 34.8097 0.0 -4.20 3.34 0.0 1.0 1.0 5.0
GEONET 133.9290 34.7914 0.0 -7.33 -6.15 0.0 1.0 1.0 5.0
GEONET 134.1658 34.6577 0.0 -6.46 -1.79 0.0 1.0 1.0 5.0
GEONET 133.7967 34.4386 0.0 -4.51 6.44 0.0 1.0 1.0 5.0
GEONET 133.1202 34.9435 0.0 -3.33 -0.48 0.0 1.0 1.0 5.0
GEONET 132.2773 34.7269 0.0 -2.05 0.14 0.0 1.0 1.0 5.0
GEONET 132.5402 34.6788 0.0 -9.35 -3.49 0.0 1.0 1.0 5.0
GEONET 133.1075 34.6725 0.0 -3.63 1.63 0.0 1.0 1.0 5.0
GEONET 132.8240 34.5713 0.0 1.13 0.40 0.0 1.0 1.0 5.0
GEONET 132.4635 34.5392 0.0 -4.22 1.03 0.0 1.0 1.0 5.0
GEONET 132.2691 34.5754 0.0 -3.63 -0.04 0.0 1.0 1.0 5.0
GEONET 133.0098 34.3787 0.0 -5.69 8.24 0.0 1.0 1.0 5.0
GEONET 132.3449 34.3695 0.0 -3.19 2.30 0.0 1.0 1.0 5.0
GEONET 131.4165 34.4399 0.0 1.81 -1.07 0.0 1.0 1.0 5.0
GEONET 130.9431 34.2946 0.0 -0.36 -1.67 0.0 1.0 1.0 5.0
GEONET 131.5628 34.2837 0.0 -5.11 4.05 0.0 1.0 1.0 5.0
GEONET 131.9533 34.2591 0.0 -4.85 1.10 0.0 1.0 1.0 5.0
GEONET 131.3461 34.1895 0.0 -2.11 -2.54 0.0 1.0 1.0 5.0
GEONET 131.5308 34.0572 0.0 -2.60 -2.32 0.0 1.0 1.0 5.0
GEONET 131.2860 33.9777 0.0 -4.45 -1.40 0.0 1.0 1.0 5.0
GEONET 132.1044 33.9751 0.0 -9.15 0.85 0.0 1.0 1.0 5.0
GEONET 134.3520 34.0970 0.0 -13.21 6.40 0.0 1.0 1.0 5.0
GEONET 134.5601 34.0599 0.0 -15.35 3.82 0.0 1.0 1.0 5.0
GEONET 134.0492 34.0515 0.0 -14.16 6.09 0.0 1.0 1.0 5.0
GEONET 134.2302 34.0384 0.0 -15.47 6.19 0.0 1.0 1.0 5.0
GEONET 133.6813 33.9367 0.0 -16.48 8.52 0.0 1.0 1.0 5.0
GEONET 134.3891 33.8789 0.0 -19.90 7.95 0.0 1.0 1.0 5.0
GEONET 134.0582 33.8775 0.0 -17.92 11.83 0.0 1.0 1.0 5.0
GEONET 134.6678 33.8302 0.0 -21.65 6.25 0.0 1.0 1.0 5.0
GEONET 134.5330 33.7251 0.0 -25.01 6.85 0.0 1.0 1.0 5.0
GEONET 134.3720 33.6185 0.0 -29.03 11.55 0.0 1.0 1.0 5.0
GEONET 134.3142 34.4724 0.0 -5.64 0.91 0.0 1.0 1.0 5.0
GEONET 134.2420 34.2546 0.0 -8.62 3.55 0.0 1.0 1.0 5.0
GEONET 133.7151 34.2174 0.0 -8.62 5.22 0.0 1.0 1.0 5.0
GEONET 133.6475 34.0681 0.0 -12.98 6.92 0.0 1.0 1.0 5.0
GEONET 133.9255 34.1642 0.0 -10.32 5.34 0.0 1.0 1.0 5.0
GEONET 132.9902 34.0779 0.0 -10.42 6.57 0.0 1.0 1.0 5.0
GEONET 133.5382 33.9387 0.0 -15.73 3.75 0.0 1.0 1.0 5.0
GEONET 133.2013 33.9212 0.0 -16.00 8.06 0.0 1.0 1.0 5.0
GEONET 132.9116 33.7965 0.0 -17.29 9.12 0.0 1.0 1.0 5.0
GEONET 132.6840 33.7226 0.0 -16.25 5.25 0.0 1.0 1.0 5.0
GEONET 132.9379 33.5692 0.0 -21.45 8.37 0.0 1.0 1.0 5.0
GEONET 132.6934 33.4468 0.0 -29.03 4.17 0.0 1.0 1.0 5.0
GEONET 132.5618 32.9639 0.0 -29.74 11.96 0.0 1.0 1.0 5.0
GEONET 133.6558 33.7670 0.0 -20.98 9.86 0.0 1.0 1.0 5.0
GEONET 133.8050 33.6542 0.0 -26.33 12.49 0.0 1.0 1.0 5.0
GEONET 134.1069 33.6038 0.0 -28.74 13.11 0.0 1.0 1.0 5.0
GEONET 134.2808 33.5278 0.0 -33.04 10.42 0.0 1.0 1.0 5.0
GEONET 133.9036 33.5057 0.0 -32.85 13.57 0.0 1.0 1.0 5.0
GEONET 133.2809 33.4684 0.0 -26.18 14.99 0.0 1.0 1.0 5.0
GEONET 134.0071 33.4278 0.0 -36.00 15.52 0.0 1.0 1.0 5.0
GEONET 133.4030 33.4077 0.0 -28.64 16.38 0.0 1.0 1.0 5.0
GEONET 132.8974 33.3982 0.0 -14.04 16.38 0.0 1.0 1.0 5.0
GEONET 132.7927 33.1716 0.0 -28.42 11.62 0.0 1.0 1.0 5.0
GEONET 132.9992 32.9912 0.0 -34.45 16.25 0.0 1.0 1.0 5.0
GEONET 132.7037 32.8406 0.0 -32.92 16.85 0.0 1.0 1.0 5.0
GEONET 130.2508 33.5361 0.0 1.79 -3.53 0.0 1.0 1.0 5.0
GEONET 130.5220 33.5004 0.0 0.33 2.68 0.0 1.0 1.0 5.0
GEONET 130.8287 33.4655 0.0 -4.00 -1.00 0.0 1.0 1.0 5.0
GEONET 130.5646 33.2059 0.0 -3.16 -3.01 0.0 1.0 1.0 5.0
GEONET 130.2687 33.2749 0.0 1.32 -4.09 0.0 1.0 1.0 5.0
GEONET 130.0942 33.0985 0.0 2.65 -4.05 0.0 1.0 1.0 5.0
GEONET 129.4821 34.6556 0.0 1.82 -2.38 0.0 1.0 1.0 5.0
GEONET 129.3115 34.2682 0.0 2.35 -2.68 0.0 1.0 1.0 5.0
GEONET 129.7347 33.7427 0.0 2.70 -3.42 0.0 1.0 1.0 5.0
GEONET 129.5370 33.3622 0.0 2.95 -1.99 0.0 1.0 1.0 5.0
GEONET 129.6907 33.0631 0.0 1.88 -3.74 0.0 1.0 1.0 5.0
GEONET 130.2713 32.8707 0.0 1.25 -3.03 0.0 1.0 1.0 5.0
GEONET 128.8431 32.6694 0.0 4.91 -2.70 0.0 1.0 1.0 5.0
GEONET 130.1546 32.6369 0.0 0.83 -8.32 0.0 1.0 1.0 5.0
GEONET 130.5477 32.9335 0.0 -2.53 -3.61 0.0 1.0 1.0 5.0
GEONET 130.7648 32.8421 0.0 -4.58 -4.27 0.0 1.0 1.0 5.0
GEONET 131.0993 32.7407 0.0 -9.07 -5.68 0.0 1.0 1.0 5.0
GEONET 129.9873 32.3262 0.0 0.16 -5.93 0.0 1.0 1.0 5.0
GEONET 130.5068 32.2992 0.0 -2.71 -9.30 0.0 1.0 1.0 5.0
GEONET 130.8026 32.2387 0.0 1.31 -14.59 0.0 1.0 1.0 5.0
GEONET 131.5642 33.6712 0.0 -5.44 -0.51 0.0 1.0 1.0 5.0
GEONET 131.1689 33.4962 0.0 -2.71 -3.03 0.0 1.0 1.0 5.0
GEONET 131.3473 33.2540 0.0 -12.48 -0.69 0.0 1.0 1.0 5.0
GEONET 131.7981 33.2394 0.0 -18.03 2.33 0.0 1.0 1.0 5.0
GEONET 131.2861 33.0090 0.0 -14.48 -5.42 0.0 1.0 1.0 5.0
GEONET 131.5878 32.9869 0.0 -16.87 -0.53 0.0 1.0 1.0 5.0
GEONET 131.7568 32.7040 0.0 -18.18 4.44 0.0 1.0 1.0 5.0
GEONET 131.3276 32.6848 0.0 -12.68 -5.66 0.0 1.0 1.0 5.0
GEONET 131.1489 32.4566 0.0 -6.45 -6.53 0.0 1.0 1.0 5.0
GEONET 131.1852 32.2459 0.0 -8.54 -12.77 0.0 1.0 1.0 5.0
GEONET 131.5158 32.1704 0.0 -7.39 -3.38 0.0 1.0 1.0 5.0
GEONET 131.0786 31.9651 0.0 8.41 -15.17 0.0 1.0 1.0 5.0
GEONET 131.0215 31.7403 0.0 10.39 -13.41 0.0 1.0 1.0 5.0
GEONET 131.3689 31.6765 0.0 5.04 -12.72 0.0 1.0 1.0 5.0
GEONET 131.2174 31.4694 0.0 10.31 -15.46 0.0 1.0 1.0 5.0
GEONET 130.5978 32.0575 0.0 -3.67 -14.36 0.0 1.0 1.0 5.0
GEONET 130.7597 31.8555 0.0 14.65 -9.31 0.0 1.0 1.0 5.0
GEONET 129.7954 31.7687 0.0 8.61 -8.99 0.0 1.0 1.0 5.0
GEONET 130.2781 31.7174 0.0 9.82 -12.61 0.0 1.0 1.0 5.0
GEONET 130.8361 31.6174 0.0 16.97 -17.39 0.0 1.0 1.0 5.0
GEONET 130.6404 31.2352 0.0 7.78 -18.54 0.0 1.0 1.0 5.0
GEONET 130.7231 31.1062 0.0 11.23 -16.98 0.0 1.0 1.0 5.0
GEONET 130.9642 30.5309 0.0 14.10 -19.38 0.0 1.0 1.0 5.0
GEONET 130.6384 30.3817 0.0 6.95 -14.15 0.0 1.0 1.0 5.0
GEONET 129.4890 28.3991 0.0 1.39 -19.79 0.0 1.0 1.0 5.0
GEONET 128.4323 27.0322 0.0 6.68 -24.08 0.0 1.0 1.0 5.0
GEONET 127.8984 26.6948 0.0 6.91 -26.02 0.0 1.0 1.0 5.0
GEONET 131.2278 25.8312 0.0 -65.49 34.85 0.0 1.0 1.0 5.0
GEONET 125.3738 24.7531 0.0 8.15 -29.39 0.0 1.0 1.0 5.0
GEONET 122.9428 24.4542 0.0 7.00 -74.58 0.0 1.0 1.0 5.0
GEONET 123.7920 24.4263 0.0 9.50 -51.14 0.0 1.0 1.0 5.0
GEONET 139.1710 35.0406 0.0 -30.03 15.11 0.0 1.0 1.0 5.0
GEONET 139.7972 33.1199 0.0 -37.96 22.61 0.0 1.0 1.0 5.0
GEONET 141.1671 45.1377 0.0 -2.60 0.37 0.0 1.0 1.0 5.0
GEONET 142.9645 44.5820 0.0 -11.97 0.08 0.0 1.0 1.0 5.0
GEONET 143.6157 44.2197 0.0 -13.73 3.46 0.0 1.0 1.0 5.0
GEONET 143.0768 44.1919 0.0 -13.13 3.61 0.0 1.0 1.0 5.0
GEONET 144.2933 43.9888 0.0 -20.31 1.70 0.0 1.0 1.0 5.0
GEONET 142.5777 43.9084 0.0 -13.84 2.94 0.0 1.0 1.0 5.0
GEONET 144.1153 43.8281 0.0 -18.27 7.61 0.0 1.0 1.0 5.0
GEONET 142.4096 43.7385 0.0 -17.54 2.81 0.0 1.0 1.0 5.0
GEONET 141.8738 43.7408 0.0 -14.40 1.49 0.0 1.0 1.0 5.0
GEONET 142.9030 43.7714 0.0 -18.52 4.55 0.0 1.0 1.0 5.0
GEONET 143.5782 43.6705 0.0 -15.80 5.23 0.0 1.0 1.0 5.0
GEONET 145.2590 43.2321 0.0 -36.53 12.58 0.0 1.0 1.0 5.0
GEONET 144.0796 43.4388 0.0 -24.45 7.95 0.0 1.0 1.0 5.0
GEONET 142.3953 43.3363 0.0 -22.60 3.71 0.0 1.0 1.0 5.0
GEONET 144.5977 43.3070 0.0 -32.37 13.60 0.0 1.0 1.0 5.0
GEONET 141.8909 43.2484 0.0 -21.87 0.85 0.0 1.0 1.0 5.0
GEONET 140.8606 43.2095 0.0 -14.85 -0.24 0.0 1.0 1.0 5.0
GEONET 142.8097 43.1655 0.0 -26.00 4.64 0.0 1.0 1.0 5.0
GEONET 145.5205 43.1952 0.0 -39.82 12.37 0.0 1.0 1.0 5.0
GEONET 141.5401 43.0776 0.0 -18.40 -0.24 0.0 1.0 1.0 5.0
GEONET 143.1706 42.9389 0.0 -28.91 12.25 0.0 1.0 1.0 5.0
GEONET 141.5774 42.8844 0.0 -18.91 0.22 0.0 1.0 1.0 5.0
GEONET 141.4071 42.7732 0.0 -15.65 0.38 0.0 1.0 1.0 5.0
GEONET 140.8991 42.5589 0.0 -16.47 -0.03 0.0 1.0 1.0 5.0
GEONET 140.7676 42.5514 0.0 -18.44 0.49 0.0 1.0 1.0 5.0
GEONET 140.8764 42.4739 0.0 -16.07 -0.88 0.0 1.0 1.0 5.0
GEONET 139.4461 42.0605 0.0 -17.53 -2.78 0.0 1.0 1.0 5.0
GEONET 140.6669 42.1231 0.0 -19.23 2.00 0.0 1.0 1.0 5.0
GEONET 140.7154 41.9767 0.0 -16.49 -0.11 0.0 1.0 1.0 5.0
GEONET 140.0712 41.8030 0.0 -22.00 4.00 0.0 1.0 1.0 5.0
GEONET 144.7191 42.9826 0.0 -37.55 11.71 0.0 1.0 1.0 5.0
GEONET 143.3157 42.1256 0.0 -36.53 9.21 0.0 1.0 1.0 5.0
GEONET 141.4476 41.4047 0.0 -20.90 2.40 0.0 1.0 1.0 5.0
GEONET 140.4908 41.1851 0.0 -14.69 3.41 0.0 1.0 1.0 5.0
GEONET 140.8220 41.1455 0.0 -15.35 1.29 0.0 1.0 1.0 5.0
GEONET 140.8716 40.9134 0.0 -16.77 0.09 0.0 1.0 1.0 5.0
GEONET 141.1318 40.8624 0.0 -18.07 2.79 0.0 1.0 1.0 5.0
GEONET 140.5892 40.7063 0.0 -15.20 1.17 0.0 1.0 1.0 5.0
GEONET 141.3762 40.6764 0.0 -19.95 0.91 0.0 1.0 1.0 5.0
GEONET 140.4785 40.6243 0.0 -13.73 0.71 0.0 1.0 1.0 5.0
GEONET 140.8033 40.6436 0.0 -14.54 2.48 0.0 1.0 1.0 5.0
GEONET 140.4516 40.9102 0.0 -14.52 1.17 0.0 1.0 1.0 5.0
GEONET 141.0663 39.9531 0.0 -12.05 10.41 0.0 1.0 1.0 5.0
GEONET 140.7692 39.3513 0.0 -22.90 7.98 0.0 1.0 1.0 5.0
GEONET 141.2748 38.9003 0.0 -36.07 7.66 0.0 1.0 1.0 5.0
GEONET 141.5755 39.1431 0.0 -30.53 6.53 0.0 1.0 1.0 5.0
GEONET 141.6753 39.5961 0.0 -24.45 3.74 0.0 1.0 1.0 5.0
GEONET 140.8479 38.5462 0.0 -31.79 6.31 0.0 1.0 1.0 5.0
GEONET 141.2129 38.4251 0.0 -37.83 7.08 0.0 1.0 1.0 5.0
GEONET 141.5007 38.3012 0.0 -41.54 7.59 0.0 1.0 1.0 5.0
GEONET 139.8489 39.8911 0.0 -11.92 4.29 0.0 1.0 1.0 5.0
GEONET 140.0447 39.8258 0.0 -15.39 5.09 0.0 1.0 1.0 5.0
GEONET 140.7328 39.7027 0.0 -15.37 2.29 0.0 1.0 1.0 5.0
GEONET 140.5067 39.1991 0.0 -20.45 7.87 0.0 1.0 1.0 5.0
GEONET 139.9275 39.0160 0.0 -17.53 4.51 0.0 1.0 1.0 5.0
GEONET 140.3652 38.4968 0.0 -32.65 0.80 0.0 1.0 1.0 5.0
GEONET 140.2711 38.1481 0.0 -26.80 5.46 0.0 1.0 1.0 5.0
GEONET 140.9463 37.8179 0.0 -35.84 4.98 0.0 1.0 1.0 5.0
GEONET 140.2057 37.6160 0.0 -29.49 1.05 0.0 1.0 1.0 5.0
GEONET 140.3729 37.6207 0.0 -30.82 1.62 0.0 1.0 1.0 5.0
GEONET 140.1359 37.4245 0.0 -28.60 2.87 0.0 1.0 1.0 5.0
GEONET 140.8342 37.3251 0.0 -34.31 4.57 0.0 1.0 1.0 5.0
GEONET 139.5862 37.0972 0.0 -23.77 4.07 0.0 1.0 1.0 5.0
GEONET 139.4617 38.0562 0.0 -21.95 3.21 0.0 1.0 1.0 5.0
GEONET 138.3699 38.0237 0.0 -9.07 0.29 0.0 1.0 1.0 5.0
GEONET 138.7069 37.5358 0.0 -9.99 2.07 0.0 1.0 1.0 5.0
GEONET 138.5164 37.3485 0.0 -12.35 1.92 0.0 1.0 1.0 5.0
GEONET 139.0203 37.3199 0.0 -19.49 2.24 0.0 1.0 1.0 5.0
GEONET 138.2426 37.0567 0.0 -12.39 2.49 0.0 1.0 1.0 5.0
GEONET 137.8939 36.9509 0.0 -10.37 2.01 0.0 1.0 1.0 5.0
GEONET 139.0739 37.7521 0.0 -17.61 1.16 0.0 1.0 1.0 5.0
GEONET 137.3695 36.7370 0.0 -6.70 0.34 0.0 1.0 1.0 5.0
GEONET 137.0319 36.6496 0.0 -6.44 1.52 0.0 1.0 1.0 5.0
GEONET 137.1385 37.3070 0.0 -4.80 -0.03 0.0 1.0 1.0 5.0
GEONET 136.7188 37.1567 0.0 -3.92 -0.06 0.0 1.0 1.0 5.0
GEONET 136.9961 37.1232 0.0 -5.61 -1.57 0.0 1.0 1.0 5.0
GEONET 136.7556 36.8175 0.0 -4.70 -0.19 0.0 1.0 1.0 5.0
GEONET 136.6053 36.3701 0.0 -6.85 -0.14 0.0 1.0 1.0 5.0
GEONET 136.1850 35.9689 0.0 -8.74 0.14 0.0 1.0 1.0 5.0
GEONET 136.0560 35.8368 0.0 -10.24 0.05 0.0 1.0 1.0 5.0
GEONET 140.4976 36.7430 0.0 -31.10 2.48 0.0 1.0 1.0 5.0
GEONET 139.9878 36.3007 0.0 -27.94 2.43 0.0 1.0 1.0 5.0
GEONET 139.9315 36.1148 0.0 -24.19 5.29 0.0 1.0 1.0 5.0
GEONET 140.2024 36.0313 0.0 -28.31 2.85 0.0 1.0 1.0 5.0
GEONET 140.1648 36.9523 0.0 -29.10 1.84 0.0 1.0 1.0 5.0
GEONET 139.8057 36.9796 0.0 -25.39 2.33 0.0 1.0 1.0 5.0
GEONET 139.8543 36.7764 0.0 -26.84 0.01 0.0 1.0 1.0 5.0
GEONET 140.1577 36.6925 0.0 -28.48 2.30 0.0 1.0 1.0 5.0
GEONET 139.4906 36.6242 0.0 -25.91 1.08 0.0 1.0 1.0 5.0
GEONET 140.1793 36.5422 0.0 -29.61 0.66 0.0 1.0 1.0 5.0
GEONET 138.5914 36.6163 0.0 -25.96 1.34 0.0 1.0 1.0 5.0
GEONET 139.0666 36.2347 0.0 -25.29 3.09 0.0 1.0 1.0 5.0
GEONET 138.9124 36.1428 0.0 -26.20 2.43 0.0 1.0 1.0 5.0
GEONET 139.4340 34.7615 0.0 -30.65 24.74 0.0 1.0 1.0 5.0
GEONET 139.3586 34.7376 0.0 -45.67 16.70 0.0 1.0 1.0 5.0
GEONET 139.2709 34.5196 0.0 -40.32 13.13 0.0 1.0 1.0 5.0
GEONET 139.2109 34.3331 0.0 -45.96 15.19 0.0 1.0 1.0 5.0
GEONET 139.1376 34.2399 0.0 -66.32 6.87 0.0 1.0 1.0 5.0
GEONET 139.5618 34.0938 0.0 -27.99 22.55 0.0 1.0 1.0 5.0
GEONET 139.4788 34.0758 0.0 -37.87 18.59 0.0 1.0 1.0 5.0
GEONET 139.6129 33.8841 0.0 -34.51 22.99 0.0 1.0 1.0 5.0
GEONET 139.7646 32.4635 0.0 -43.53 26.10 0.0 1.0 1.0 5.0
GEONET 142.1628 26.6351 0.0 -52.12 18.01 0.0 1.0 1.0 5.0
GEONET 141.3244 24.7802 0.0 -91.61 69.33 0.0 1.0 1.0 5.0
GEONET 141.2888 24.7508 0.0 -81.56 -31.49 0.0 1.0 1.0 5.0
GEONET 138.6904 35.6495 0.0 -25.26 4.39 0.0 1.0 1.0 5.0
GEONET 139.0258 35.5119 0.0 -28.30 5.65 0.0 1.0 1.0 5.0
GEONET 137.9845 36.2390 0.0 -21.64 4.27 0.0 1.0 1.0 5.0
GEONET 137.8717 36.2284 0.0 -21.10 3.71 0.0 1.0 1.0 5.0
GEONET 138.4993 36.2847 0.0 -24.13 6.82 0.0 1.0 1.0 5.0
GEONET 137.6826 36.0847 0.0 -20.69 2.41 0.0 1.0 1.0 5.0
GEONET 138.2145 36.0262 0.0 -23.06 4.10 0.0 1.0 1.0 5.0
GEONET 138.5830 35.9741 0.0 -24.05 3.69 0.0 1.0 1.0 5.0
GEONET 137.5983 35.8800 0.0 -19.45 3.04 0.0 1.0 1.0 5.0
GEONET 137.9839 35.7263 0.0 -22.62 3.47 0.0 1.0 1.0 5.0
GEONET 137.6764 35.3437 0.0 -21.79 3.86 0.0 1.0 1.0 5.0
GEONET 136.9043 36.2615 0.0 -10.92 0.76 0.0 1.0 1.0 5.0
GEONET 137.3630 36.2856 0.0 -15.06 -1.18 0.0 1.0 1.0 5.0
GEONET 137.2007 35.9116 0.0 -18.56 0.89 0.0 1.0 1.0 5.0
GEONET 138.7765 34.8550 0.0 -37.22 3.55 0.0 1.0 1.0 5.0
GEONET 138.9284 35.2044 0.0 -27.62 1.22 0.0 1.0 1.0 5.0
GEONET 138.0983 34.6799 0.0 -30.38 7.03 0.0 1.0 1.0 5.0
GEONET 138.1830 34.6778 0.0 -31.20 7.03 0.0 1.0 1.0 5.0
GEONET 138.0465 34.6664 0.0 -30.18 7.27 0.0 1.0 1.0 5.0
GEONET 138.1590 34.6345 0.0 -32.47 7.40 0.0 1.0 1.0 5.0
GEONET 138.9069 35.0472 0.0 -29.48 0.82 0.0 1.0 1.0 5.0
GEONET 140.0863 36.1036 0.0 -27.72 2.88 0.0 1.0 1.0 5.0
GEONET 138.9393 34.6989 0.0 -40.46 8.13 0.0 1.0 1.0 5.0
GEONET 137.0736 35.2391 0.0 -21.86 4.73 0.0 1.0 1.0 5.0
GEONET 136.9658 35.1684 0.0 -21.29 3.19 0.0 1.0 1.0 5.0
GEONET 136.8627 34.9844 0.0 -21.80 3.12 0.0 1.0 1.0 5.0
GEONET 136.8319 34.9044 0.0 -22.32 3.45 0.0 1.0 1.0 5.0
GEONET 136.6942 35.0509 0.0 -20.29 2.10 0.0 1.0 1.0 5.0
GEONET 136.3933 34.8549 0.0 -19.17 1.65 0.0 1.0 1.0 5.0
GEONET 136.3298 34.6488 0.0 -19.64 0.94 0.0 1.0 1.0 5.0
GEONET 136.6284 34.4314 0.0 -23.26 5.35 0.0 1.0 1.0 5.0
GEONET 136.3429 34.2082 0.0 -22.62 4.67 0.0 1.0 1.0 5.0
GEONET 136.2647 35.4204 0.0 -13.65 -0.04 0.0 1.0 1.0 5.0
GEONET 136.0412 35.0857 0.0 -16.67 1.91 0.0 1.0 1.0 5.0
GEONET 135.0340 35.6851 0.0 -4.73 0.25 0.0 1.0 1.0 5.0
GEONET 135.4158 35.4822 0.0 -6.27 -1.66 0.0 1.0 1.0 5.0
GEONET 135.5495 35.2759 0.0 -11.89 0.46 0.0 1.0 1.0 5.0
GEONET 135.7733 35.0531 0.0 -13.33 -0.37 0.0 1.0 1.0 5.0
GEONET 135.7724 34.9526 0.0 -13.71 -0.07 0.0 1.0 1.0 5.0
GEONET 134.6774 35.6212 0.0 -5.08 1.42 0.0 1.0 1.0 5.0
GEONET 134.7287 35.4613 0.0 -4.64 -0.11 0.0 1.0 1.0 5.0
GEONET 135.0220 35.2379 0.0 -7.12 0.03 0.0 1.0 1.0 5.0
GEONET 134.7712 35.1627 0.0 -3.84 -2.52 0.0 1.0 1.0 5.0
GEONET 134.9450 34.9362 0.0 -6.79 1.74 0.0 1.0 1.0 5.0
GEONET 135.5283 34.3118 0.0 -16.17 2.68 0.0 1.0 1.0 5.0
GEONET 135.4311 34.0839 0.0 -18.59 2.38 0.0 1.0 1.0 5.0
GEONET 135.1677 34.0254 0.0 -12.19 6.53 0.0 1.0 1.0 5.0
GEONET 135.4962 33.5544 0.0 -28.99 7.00 0.0 1.0 1.0 5.0
GEONET 133.3397 35.4360 0.0 -0.32 -1.29 0.0 1.0 1.0 5.0
GEONET 134.3253 35.3614 0.0 -3.21 -0.30 0.0 1.0 1.0 5.0
GEONET 133.1379 35.5635 0.0 -3.69 3.37 0.0 1.0 1.0 5.0
GEONET 132.4573 34.8927 0.0 -3.10 0.23 0.0 1.0 1.0 5.0
GEONET 132.0136 34.5711 0.0 -2.69 0.36 0.0 1.0 1.0 5.0
GEONET 131.8643 34.4397 0.0 -4.07 0.38 0.0 1.0 1.0 5.0
GEONET 133.5640 35.1697 0.0 -2.38 -1.01 0.0 1.0 1.0 5.0
GEONET 134.0499 35.1782 0.0 -2.13 -2.48 0.0 1.0 1.0 5.0
GEONET 133.3963 34.9934 0.0 -2.46 -0.08 0.0 1.0 1.0 5.0
GEONET 132.8516 34.8116 0.0 -1.18 -0.50 0.0 1.0 1.0 5.0
GEONET 133.3376 34.7778 0.0 -3.44 0.88 0.0 1.0 1.0 5.0
GEONET 132.1947 34.3703 0.0 -4.81 1.64 0.0 1.0 1.0 5.0
GEONET 132.4555 34.2609 0.0 -6.50 3.01 0.0 1.0 1.0 5.0
GEONET 132.8844 34.2101 0.0 -7.83 5.08 0.0 1.0 1.0 5.0
GEONET 131.1524 34.7643 0.0 0.10 -1.54 0.0 1.0 1.0 5.0
GEONET 131.1762 34.3421 0.0 2.82 -4.68 0.0 1.0 1.0 5.0
GEONET 131.0657 34.1798 0.0 -0.44 -1.22 0.0 1.0 1.0 5.0
GEONET 131.8301 34.0391 0.0 -5.73 0.55 0.0 1.0 1.0 5.0
GEONET 132.3583 33.9099 0.0 -5.91 0.73 0.0 1.0 1.0 5.0
GEONET 134.6050 34.1718 0.0 -12.86 3.32 0.0 1.0 1.0 5.0
GEONET 133.8750 34.0397 0.0 -15.99 9.18 0.0 1.0 1.0 5.0
GEONET 134.3015 33.7895 0.0 -23.49 7.40 0.0 1.0 1.0 5.0
GEONET 133.9987 34.4455 0.0 -5.56 1.83 0.0 1.0 1.0 5.0
GEONET 133.7807 34.3834 0.0 -5.15 2.26 0.0 1.0 1.0 5.0
GEONET 133.1891 34.2524 0.0 -7.66 5.02 0.0 1.0 1.0 5.0
GEONET 132.7817 33.9595 0.0 -10.82 6.14 0.0 1.0 1.0 5.0
GEONET 132.4873 33.6116 0.0 -15.93 4.80 0.0 1.0 1.0 5.0
GEONET 132.5438 33.1776 0.0 -24.57 8.94 0.0 1.0 1.0 5.0
GEONET 133.4623 33.8179 0.0 -8.15 22.22 0.0 1.0 1.0 5.0
GEONET 133.2285 33.3269 0.0 -27.76 15.21 0.0 1.0 1.0 5.0
GEONET 133.1286 33.2154 0.0 -29.20 15.08 0.0 1.0 1.0 5.0
GEONET 130.7495 33.7455 0.0 -1.03 -2.24 0.0 1.0 1.0 5.0
GEONET 131.0165 33.6974 0.0 -2.99 -1.56 0.0 1.0 1.0 5.0
GEONET 130.8239 33.6405 0.0 -0.08 -1.78 0.0 1.0 1.0 5.0
GEONET 130.7012 33.3272 0.0 -4.58 -1.71 0.0 1.0 1.0 5.0
GEONET 129.9401 33.1960 0.0 0.70 -3.14 0.0 1.0 1.0 5.0
GEONET 129.6900 33.2661 0.0 1.40 -3.87 0.0 1.0 1.0 5.0
GEONET 129.1255 33.2558 0.0 3.17 -1.80 0.0 1.0 1.0 5.0
GEONET 129.0263 32.8856 0.0 2.95 -3.12 0.0 1.0 1.0 5.0
GEONET 130.1664 32.7957 0.0 -2.83 -2.90 0.0 1.0 1.0 5.0
GEONET 130.3360 32.7930 0.0 -2.06 -4.11 0.0 1.0 1.0 5.0
GEONET 130.2167 32.7123 0.0 -1.82 -7.52 0.0 1.0 1.0 5.0
GEONET 130.3523 32.7226 0.0 -1.63 -5.77 0.0 1.0 1.0 5.0
GEONET 130.2907 32.6607 0.0 -1.97 -7.40 0.0 1.0 1.0 5.0
GEONET 128.6194 32.6343 0.0 3.52 -3.25 0.0 1.0 1.0 5.0
GEONET 131.0629 33.1220 0.0 -8.14 -0.79 0.0 1.0 1.0 5.0
GEONET 130.7486 33.0113 0.0 -2.75 -4.17 0.0 1.0 1.0 5.0
GEONET 130.9962 32.8707 0.0 -4.27 -5.16 0.0 1.0 1.0 5.0
GEONET 130.7949 32.5767 0.0 -5.27 -8.36 0.0 1.0 1.0 5.0
GEONET 131.0934 32.9507 0.0 -10.45 -6.41 0.0 1.0 1.0 5.0
GEONET 131.1321 32.8450 0.0 -12.34 -6.33 0.0 1.0 1.0 5.0
GEONET 131.3566 33.5371 0.0 -5.70 -1.81 0.0 1.0 1.0 5.0
GEONET 131.5884 33.3499 0.0 -13.91 1.17 0.0 1.0 1.0 5.0
GEONET 131.1211 33.2703 0.0 -6.82 -1.40 0.0 1.0 1.0 5.0
GEONET 131.3858 33.0789 0.0 -10.82 -4.97 0.0 1.0 1.0 5.0
GEONET 131.5795 33.2284 0.0 -16.37 1.05 0.0 1.0 1.0 5.0
GEONET 130.9157 33.1906 0.0 -1.62 -5.29 0.0 1.0 1.0 5.0
GEONET 131.5307 32.5570 0.0 -12.27 -3.35 0.0 1.0 1.0 5.0
GEONET 131.3340 32.3844 0.0 -9.74 -7.78 0.0 1.0 1.0 5.0
GEONET 131.4860 32.0691 0.0 -5.44 -7.00 0.0 1.0 1.0 5.0
GEONET 130.8656 32.0477 0.0 -2.14 -12.67 0.0 1.0 1.0 5.0
GEONET 131.3063 31.8421 0.0 1.29 -11.48 0.0 1.0 1.0 5.0
GEONET 131.3059 31.3991 0.0 8.74 -13.29 0.0 1.0 1.0 5.0
GEONET 130.1797 32.1971 0.0 -1.78 -3.32 0.0 1.0 1.0 5.0
GEONET 130.4397 31.9088 0.0 6.05 -12.80 0.0 1.0 1.0 5.0
GEONET 130.6519 31.6241 0.0 -2.19 -9.58 0.0 1.0 1.0 5.0
GEONET 130.7085 31.5918 0.0 13.68 -23.07 0.0 1.0 1.0 5.0
GEONET 130.6374 31.5522 0.0 4.36 -23.46 0.0 1.0 1.0 5.0
GEONET 130.6994 31.4962 0.0 9.12 -20.04 0.0 1.0 1.0 5.0
GEONET 130.2750 30.7847 0.0 4.23 -11.05 0.0 1.0 1.0 5.0
GEONET 131.0286 30.7533 0.0 11.11 -16.60 0.0 1.0 1.0 5.0
GEONET 130.1982 30.4614 0.0 6.10 -11.00 0.0 1.0 1.0 5.0
GEONET 130.9032 30.3987 0.0 10.67 -15.32 0.0 1.0 1.0 5.0
GEONET 130.4244 30.3958 0.0 2.63 -11.53 0.0 1.0 1.0 5.0
GEONET 130.5545 30.2364 0.0 5.08 -13.35 0.0 1.0 1.0 5.0
GEONET 129.7057 29.6153 0.0 -1.75 -12.48 0.0 1.0 1.0 5.0
GEONET 129.6936 28.4872 0.0 -0.01 -16.26 0.0 1.0 1.0 5.0
GEONET 130.0290 28.3711 0.0 3.23 -11.28 0.0 1.0 1.0 5.0
GEONET 129.9217 28.2940 0.0 -0.25 -12.21 0.0 1.0 1.0 5.0
GEONET 129.3204 28.1376 0.0 3.04 -19.93 0.0 1.0 1.0 5.0
GEONET 128.8945 27.8166 0.0 5.18 -20.36 0.0 1.0 1.0 5.0
GEONET 128.6507 27.4012 0.0 5.85 -24.49 0.0 1.0 1.0 5.0
GEONET 127.9451 26.9445 0.0 6.29 -25.50 0.0 1.0 1.0 5.0
GEONET 128.2484 26.8593 0.0 7.33 -24.93 0.0 1.0 1.0 5.0
GEONET 128.1440 26.7083 0.0 7.51 -25.94 0.0 1.0 1.0 5.0
GEONET 127.2316 26.5829 0.0 5.95 -28.91 0.0 1.0 1.0 5.0
GEONET 127.9724 26.4827 0.0 8.10 -26.33 0.0 1.0 1.0 5.0
GEONET 127.8327 26.4469 0.0 8.42 -26.36 0.0 1.0 1.0 5.0
GEONET 127.1436 26.3729 0.0 8.19 -27.79 0.0 1.0 1.0 5.0
GEONET 126.7391 26.3478 0.0 6.79 -30.56 0.0 1.0 1.0 5.0
GEONET 127.3452 26.1788 0.0 7.86 -28.38 0.0 1.0 1.0 5.0
GEONET 127.8262 26.1686 0.0 8.77 -26.87 0.0 1.0 1.0 5.0
GEONET 131.2907 25.9537 0.0 -65.15 34.25 0.0 1.0 1.0 5.0
GEONET 125.1710 24.8280 0.0 8.43 -23.29 0.0 1.0 1.0 5.0
GEONET 124.6924 24.6416 0.0 6.76 -34.19 0.0 1.0 1.0 5.0
GEONET 124.3013 24.5366 0.0 7.54 -41.79 0.0 1.0 1.0 5.0
GEONET 124.1726 24.3389 0.0 9.97 -41.74 0.0 1.0 1.0 5.0
GEONET 123.7958 24.0615 0.0 13.08 -52.89 0.0 1.0 1.0 5.0
GEONET 139.0567 36.5393 0.0 -24.65 2.30 0.0 1.0 1.0 5.0
GEONET 139.2693 36.0037 0.0 -26.47 3.91 0.0 1.0 1.0 5.0
GEONET 139.1822 35.8840 0.0 -28.50 2.58 0.0 1.0 1.0 5.0
GEONET 139.3660 35.8008 0.0 -26.33 5.27 0.0 1.0 1.0 5.0
GEONET 140.2492 35.2884 0.0 -32.55 17.39 0.0 1.0 1.0 5.0
GEONET 141.2040 39.1105 0.0 -26.86 5.04 0.0 1.0 1.0 5.0
GEONET 139.3699 35.6164 0.0 -27.79 7.58 0.0 1.0 1.0 5.0
GEONET 139.6138 35.1609 0.0 -33.96 22.19 0.0 1.0 1.0 5.0
GEONET 135.7898 34.8820 0.0 -14.65 -5.31 0.0 1.0 1.0 5.0
GEONET 135.6188 34.6211 0.0 -15.43 1.53 0.0 1.0 1.0 5.0
GEONET 134.6597 34.8641 0.0 -5.00 0.17 0.0 1.0 1.0 5.0
GEONET 135.7060 34.6983 0.0 -16.75 0.22 0.0 1.0 1.0 5.0
GEONET 135.8199 34.5740 0.0 -17.61 -0.52 0.0 1.0 1.0 5.0
GEONET 134.1758 34.8096 0.0 -3.54 -0.38 0.0 1.0 1.0 5.0
GEONET 133.7570 34.5791 0.0 -4.31 1.90 0.0 1.0 1.0 5.0
GEONET 133.2881 34.4504 0.0 -4.74 4.26 0.0 1.0 1.0 5.0
GEONET 132.8202 34.3349 0.0 -2.93 -0.69 0.0 1.0 1.0 5.0
GEONET 132.2191 34.1912 0.0 -9.07 -0.31 0.0 1.0 1.0 5.0
GEONET 129.9549 33.3722 0.0 1.01 -2.26 0.0 1.0 1.0 5.0
GEONET 130.4445 33.3465 0.0 -1.05 -3.03 0.0 1.0 1.0 5.0
GEONET 129.9897 32.9456 0.0 -0.15 -3.09 0.0 1.0 1.0 5.0
GEONET 130.4304 32.5817 0.0 -1.62 -7.76 0.0 1.0 1.0 5.0
GEONET 130.0852 32.5245 0.0 -1.03 -7.26 0.0 1.0 1.0 5.0
GEONET 130.3236 32.4263 0.0 -3.29 -4.94 0.0 1.0 1.0 5.0
GEONET 130.4694 31.6751 0.0 1.89 -11.19 0.0 1.0 1.0 5.0
GEONET 130.1358 31.4159 0.0 7.33 -11.98 0.0 1.0 1.0 5.0
GEONET 141.2032 39.1108 0.0 -28.79 7.76 0.0 1.0 1.0 5.0
GEONET 139.1837 35.2753 0.0 -33.86 7.01 0.0 1.0 1.0 5.0
GEONET 139.2324 35.2887 0.0 -32.50 12.53 0.0 1.0 1.0 5.0
GEONET 139.1729 35.3056 0.0 -30.96 10.68 0.0 1.0 1.0 5.0
GEONET 139.1627 35.3304 0.0 -32.14 9.73 0.0 1.0 1.0 5.0
GEONET 139.2160 35.3253 0.0 -31.52 11.12 0.0 1.0 1.0 5.0
GEONET 138.6277 35.2707 0.0 -27.69 1.72 0.0 1.0 1.0 5.0
GEONET 138.5886 35.3197 0.0 -27.90 2.20 0.0 1.0 1.0 5.0
GEONET 138.6847 35.2098 0.0 -29.24 0.73 0.0 1.0 1.0 5.0
GEONET 138.6179 35.1480 0.0 -29.59 3.84 0.0 1.0 1.0 5.0
GEONET 137.9234 35.8767 0.0 -22.95 3.84 0.0 1.0 1.0 5.0
GEONET 137.9553 35.8093 0.0 -22.67 2.66 0.0 1.0 1.0 5.0
GEONET 137.8932 35.7384 0.0 -22.96 2.96 0.0 1.0 1.0 5.0
GEONET 137.9185 35.6751 0.0 -19.32 2.30 0.0 1.0 1.0 5.0
GEONET 137.9086 35.6004 0.0 -22.39 3.41 0.0 1.0 1.0 5.0
GEONET 137.8877 35.5344 0.0 -23.71 5.16 0.0 1.0 1.0 5.0
GEONET 140.0874 36.1057 0.0 -27.70 3.08 0.0 1.0 1.0 5.0
GEONET 141.5982 45.2198 0.0 -7.18 1.54 0.0 1.0 1.0 5.0
GEONET 142.3518 45.1268 0.0 -11.10 0.97 0.0 1.0 1.0 5.0
GEONET 142.7179 44.7802 0.0 -11.07 1.38 0.0 1.0 1.0 5.0
GEONET 141.7939 44.6399 0.0 -9.22 0.39 0.0 1.0 1.0 5.0
GEONET 142.2645 44.3651 0.0 -12.70 0.91 0.0 1.0 1.0 5.0
GEONET 141.6646 44.1488 0.0 -11.44 1.54 0.0 1.0 1.0 5.0
GEONET 144.5064 43.7228 0.0 -25.18 7.28 0.0 1.0 1.0 5.0
GEONET 141.3706 43.6243 0.0 -14.32 0.55 0.0 1.0 1.0 5.0
GEONET 142.9473 43.3336 0.0 -26.38 6.31 0.0 1.0 1.0 5.0
GEONET 142.6431 43.4316 0.0 -23.97 4.88 0.0 1.0 1.0 5.0
GEONET 143.9020 43.1017 0.0 -31.65 13.17 0.0 1.0 1.0 5.0
GEONET 142.8701 43.0137 0.0 -28.26 9.37 0.0 1.0 1.0 5.0
GEONET 142.0846 42.9338 0.0 -24.11 3.64 0.0 1.0 1.0 5.0
GEONET 143.4950 42.8065 0.0 -31.63 11.59 0.0 1.0 1.0 5.0
GEONET 141.0811 42.4205 0.0 -20.17 3.28 0.0 1.0 1.0 5.0
GEONET 143.1520 42.4864 0.0 -34.30 8.90 0.0 1.0 1.0 5.0
GEONET 140.3712 41.9349 0.0 -20.01 1.20 0.0 1.0 1.0 5.0
GEONET 141.4526 39.8490 0.0 -24.70 3.49 0.0 1.0 1.0 5.0
GEONET 140.9885 39.1270 0.0 -23.88 8.15 0.0 1.0 1.0 5.0
GEONET 140.6456 37.9844 0.0 -33.92 3.64 0.0 1.0 1.0 5.0
GEONET 140.8229 40.0450 0.0 -17.31 10.50 0.0 1.0 1.0 5.0
GEONET 140.0946 38.4343 0.0 -24.98 4.33 0.0 1.0 1.0 5.0
GEONET 140.8416 37.0184 0.0 -36.65 4.02 0.0 1.0 1.0 5.0
GEONET 139.4022 37.0369 0.0 -23.18 3.28 0.0 1.0 1.0 5.0
GEONET 138.9448 36.7781 0.0 -23.25 2.49 0.0 1.0 1.0 5.0
GEONET 140.1999 38.2890 0.0 -26.49 4.65 0.0 1.0 1.0 5.0
GEONET 139.5219 35.4193 0.0 -31.59 11.83 0.0 1.0 1.0 5.0
GEONET 139.2260 37.8282 0.0 -19.71 2.66 0.0 1.0 1.0 5.0
GEONET 138.8804 37.7770 0.0 -13.22 0.14 0.0 1.0 1.0 5.0
GEONET 138.7795 37.4987 0.0 -11.82 1.79 0.0 1.0 1.0 5.0
GEONET 137.5961 36.5771 0.0 -16.26 -3.90 0.0 1.0 1.0 5.0
GEONET 138.4568 35.6737 0.0 -24.22 3.97 0.0 1.0 1.0 5.0
GEONET 138.9203 37.5897 0.0 -16.15 1.41 0.0 1.0 1.0 5.0
GEONET 137.5288 35.5751 0.0 -21.10 4.32 0.0 1.0 1.0 5.0
GEONET 136.4703 35.3597 0.0 -16.28 3.37 0.0 1.0 1.0 5.0
GEONET 138.9739 35.1142 0.0 -32.75 4.40 0.0 1.0 1.0 5.0
GEONET 138.8765 34.7195 0.0 -39.27 8.35 0.0 1.0 1.0 5.0
GEONET 138.6100 35.1172 0.0 -30.81 6.43 0.0 1.0 1.0 5.0
GEONET 138.1869 35.3136 0.0 -9.09 -24.31 0.0 1.0 1.0 5.0
GEONET 138.2100 35.0670 0.0 -35.36 -11.21 0.0 1.0 1.0 5.0
GEONET 138.0817 35.0449 0.0 -25.74 3.68 0.0 1.0 1.0 5.0
GEONET 137.9468 34.9021 0.0 -25.36 8.58 0.0 1.0 1.0 5.0
GEONET 138.1767 34.8494 0.0 -27.09 4.43 0.0 1.0 1.0 5.0
GEONET 137.6808 34.7520 0.0 -28.33 7.79 0.0 1.0 1.0 5.0
GEONET 136.7888 35.3008 0.0 -21.17 2.34 0.0 1.0 1.0 5.0
GEONET 134.5882 35.2833 0.0 1.91 6.12 0.0 1.0 1.0 5.0
GEONET 136.0970 34.1800 0.0 -22.56 4.87 0.0 1.0 1.0 5.0
GEONET 135.7352 33.9695 0.0 -27.01 4.58 0.0 1.0 1.0 5.0
GEONET 135.7088 33.6372 0.0 -30.22 7.74 0.0 1.0 1.0 5.0
GEONET 134.3934 34.2178 0.0 -12.00 4.11 0.0 1.0 1.0 5.0
GEONET 132.0461 33.3680 0.0 -24.20 9.80 0.0 1.0 1.0 5.0
GEONET 132.4753 33.3844 0.0 -21.24 8.35 0.0 1.0 1.0 5.0
GEONET 133.3626 33.7043 0.0 -22.67 11.82 0.0 1.0 1.0 5.0
GEONET 130.4650 33.0974 0.0 -0.36 -2.48 0.0 1.0 1.0 5.0
GEONET 129.7207 32.8396 0.0 -2.75 -5.29 0.0 1.0 1.0 5.0
GEONET 131.2068 33.1278 0.0 -16.67 -6.31 0.0 1.0 1.0 5.0
GEONET 130.3607 32.0984 0.0 -3.16 -7.38 0.0 1.0 1.0 5.0
GEONET 130.2390 31.9062 0.0 4.82 -6.91 0.0 1.0 1.0 5.0
GEONET 130.4080 31.7960 0.0 2.90 -11.65 0.0 1.0 1.0 5.0
GEONET 130.5996 31.8241 0.0 2.42 -5.90 0.0 1.0 1.0 5.0
GEONET 137.9210 36.2822 0.0 -21.37 3.22 0.0 1.0 1.0 5.0
GEONET 137.9565 36.2789 0.0 -22.19 4.27 0.0 1.0 1.0 5.0
GEONET 137.9287 36.2534 0.0 -21.74 3.44 0.0 1.0 1.0 5.0
GEONET 137.9581 36.2190 0.0 -21.88 3.65 0.0 1.0 1.0 5.0
GEONET 137.9875 36.2162 0.0 -22.76 4.25 0.0 1.0 1.0 5.0
GEONET 137.9743 36.1981 0.0 -22.27 4.22 0.0 1.0 1.0 5.0
GEONET 137.9967 36.1950 0.0 -22.68 4.35 0.0 1.0 1.0 5.0
GEONET 137.9849 36.1846 0.0 -22.64 4.44 0.0 1.0 1.0 5.0
GEONET 137.9907 36.1742 0.0 -21.55 5.23 0.0 1.0 1.0 5.0
GEONET 134.3838 34.1350 0.0 -13.67 4.16 0.0 1.0 1.0 5.0
GEONET 134.3256 34.1086 0.0 -14.51 5.36 0.0 1.0 1.0 5.0
GEONET 134.2622 34.1036 0.0 -14.16 5.18 0.0 1.0 1.0 5.0
GEONET 134.3367 34.1229 0.0 -10.27 5.59 0.0 1.0 1.0 5.0
GEONET 134.1715 34.1105 0.0 -14.81 6.38 0.0 1.0 1.0 5.0
GEONET 134.1709 34.0893 0.0 -14.20 7.83 0.0 1.0 1.0 5.0
GEONET 137.8453 36.4677 0.0 -16.92 4.05 0.0 1.0 1.0 5.0
GEONET 137.9101 36.4891 0.0 -16.88 4.89 0.0 1.0 1.0 5.0
GEONET 137.8560 36.4256 0.0 -17.64 4.44 0.0 1.0 1.0 5.0
GEONET 137.9254 36.4302 0.0 -20.65 4.68 0.0 1.0 1.0 5.0
GEONET 137.8656 36.3631 0.0 -19.19 4.25 0.0 1.0 1.0 5.0
GEONET 137.9263 36.3467 0.0 -21.44 3.55 0.0 1.0 1.0 5.0
GEONET 134.0403 34.0884 0.0 -14.80 7.74 0.0 1.0 1.0 5.0
GEONET 134.0035 34.0806 0.0 -15.16 7.91 0.0 1.0 1.0 5.0
GEONET 133.9694 34.0590 0.0 -13.36 10.66 0.0 1.0 1.0 5.0
GEONET 134.1129 34.0616 0.0 -16.01 7.36 0.0 1.0 1.0 5.0
GEONET 133.9712 34.0408 0.0 -15.44 7.49 0.0 1.0 1.0 5.0
GEONET 140.9815 39.9083 0.0 -3.48 21.40 0.0 1.0 1.0 5.0
GEONET 140.9374 39.8154 0.0 -14.23 -8.73 0.0 1.0 1.0 5.0
GEONET 140.7635 39.7777 0.0 -29.42 -3.28 0.0 1.0 1.0 5.0
GEONET 140.8557 39.8351 0.0 -20.97 5.44 0.0 1.0 1.0 5.0
GEONET 137.6354 36.2463 0.0 -19.03 0.66 0.0 1.0 1.0 5.0
GEONET 140.0875 36.1057 0.0 -27.63 3.55 0.0 1.0 1.0 5.0
GEONET 138.3620 36.1331 0.0 -23.20 5.80 0.0 1.0 1.0 5.0
TOK1 138.14 34.08 0.0 -52.41940 12.44450 0.0 2.0 1.0 5.0
TOK2 137.61 33.88 0.0 -51.45450 13.46490 0.0 2.0 1.0 5.0
TOK3 137.39 34.18 0.0 -54.4360 11.47320 0.0 4.0 5.0 5.0
KUM1 137 33.67 0.0 -39.49320 10.48790 0.0 1.0 2.0 5.0
KUM2 136.67 33.43 0.0 -45.52470 13.50010 0.0 5.0 9.0 5.0
KUM3 136.36 33.33 0.0 -42.54370 13.51150 0.0 2.0 2.0 5.0
SIOW 135.57 33.16 0.0 -47.58460 19.54020 0.0 2.0 2.0 5.0
MRT1 134.94 33.35 0.0 -36.59010 13.56260 0.0 4.0 4.0 5.0
MRT2 134.81 32.87 0.0 -41.63440 13.56710 0.0 2.0 2.0 5.0
TOS1 133.67 32.82 0.0 -50.67720 31.60640 0.0 6.0 4.0 5.0
TOS2 134.03 32.43 0.0 -45.69680 27.59410 0.0 5.0 5.0 5.0
ASZ1 133.22 32.37 0.0 -44.72910 22.62140 0.0 3.0 4.0 5.0
ASZ2 133.58 31.93 0.0 -42.75240 20.60940 0.0 6.0 4.0 5.0
HYG1 132.42 32.38 0.0 -34.75550 24.64780 0.0 4.0 3.0 5.0
HYG2 132.49 31.97 0.0 -23.78580 6.64550 0.0 6.0 7.0 5.0
KMN 136.50811 33.72586 0.0 -44 10 0.0 1 4 5.0
KMC 136.55766 33.64187 0.0 -39 10 0.0 2 9 5.0
KMS 136.61199 33.57704 0.0 -52 12 0.0 2 2 5.0
KME 137.11700 33.88461 0.0 -31 8 0.0 10 8 5.0
TCA 137.00099 33.21866 0.0 -22 -1 0.0 17 13 5.0
TOA 137.17355 32.82914 0.0 -62 13 0.0 24 12 5.0
SNW 138.59114 34.93426 0.0 -38 5 0.0 9 6 5.0
SNE 138.68188 34.93530 0.0 -42 -3 0.0 8 2 5.0
