OBSSTA 134.0495 35.1749 0 -6.70447 3.17963 -0.969989956 2 2 5
OBSSTA 135.2199 34.3265 0 -18.29 6.04892 2.14276647 2 2 5
OBSSTA 134.3761 34.7604 0 -8.31329 3.95884 -1.004624712 2 2 5
OBSSTA 133.4951 35.5069 0 -3.64007 3.17549 -0.751935373 2 2 5
OBSSTA 133.8697 35.4932 0 -4.01151 2.96488 -0.939759938 2 2 5
OBSSTA 134.1559 35.3406 0 -6.29217 3.05689 -1.392269467 2 2 5
OBSSTA 132.922 35.4919 0 -3.20787 3.71455 -0.684624808 2 2 5
OBSSTA 133.1921 35.3107 0 -4.46728 3.21908 0.612156013 2 2 5
OBSSTA 132.9027 35.3097 0 -2.09785 4.46564 -3.179141793 2 2 5
OBSSTA 132.669 35.2331 0 -4.73653 4.26583 0.331007632 2 2 5
OBSSTA 132.3856 35.0319 0 -6.96318 2.44407 -1.121366944 2 2 5
OBSSTA 132.6852 34.8567 0 -6.82037 4.91781 -0.297254959 2 2 5
OBSSTA 132.1095 34.7779 0 -8.03905 5.26354 -0.600006939 2 2 5
OBSSTA 131.8103 34.6243 0 -6.43188 5.18314 -0.28145519 2 2 5
OBSSTA 133.6808 35.283 0 -5.48135 3.42652 -0.616336716 2 2 5
OBSSTA 133.9127 35.105 0 -6.78383 3.45112 0.008060202 2 2 5
OBSSTA 133.8004 34.7381 0 -7.67729 5.00449 0.489548272 2 2 5
OBSSTA 133.9726 34.5903 0 -8.52248 5.84026 -0.141716358 2 2 5
OBSSTA 132.9021 35.0352 0 -6.47676 3.51255 -0.23048243 2 2 5
OBSSTA 132.9081 34.6337 0 -7.67756 6.29844 -0.059692625 2 2 5
OBSSTA 133.3413 34.6122 0 -9.04253 7.22007 -2.339740441 2 2 5
OBSSTA 133.1402 34.5156 0 -8.92376 7.19487 1.423930541 2 2 5
OBSSTA 132.65 34.4914 0 -9.96356 6.00773 1.920816559 2 2 5
OBSSTA 132.692 34.1846 0 -11.7515 9.20265 1.993339693 2 2 5
OBSSTA 132.5316 34.0692 0 -12.6312 9.25204 3.504792815 2 2 5
OBSSTA 131.7353 34.1953 0 -9.01081 5.91439 1.519097121 2 2 5
OBSSTA 132.0527 34.0901 0 -10.8672 7.51698 1.857290237 2 2 5
OBSSTA 131.113 34.0205 0 -7.77638 4.37234 0.472036339 2 2 5
OBSSTA 132.12 33.8459 0 -13.9099 9.30582 3.032403442 2 2 5
OBSSTA 134.176 34.4785 0 -9.84247 6.35088 0.646143131 2 2 5
OBSSTA 133.8994 34.3259 0 -11.6274 8.52106 1.334579848 2 2 5
OBSSTA 133.3507 33.9742 0 -19.0455 11.3813 4.085861539 2 2 5
OBSSTA 133.0474 33.8841 0 -19.1584 10.9078 4.955452393 2 2 5
OBSSTA 130.9954 33.5647 0 -10.0571 3.79208 -0.451571079 2 2 5
OBSSTA 129.8629 33.0734 0 -4.25223 -0.0723299 0.543239971 2 2 5
OBSSTA 129.9589 32.7683 0 -4.41988 -0.817961 0.86123813 2 2 5
OBSSTA 130.6218 33.0601 0 -7.43703 0.622373 -0.965943652 2 2 5
OBSSTA 131.5211 33.5143 0 -14.3152 7.08689 2.729213693 2 2 5
OBSSTA 131.2917 33.3838 0 -13.0778 4.30739 1.233730165 2 2 5
OBSSTA 134.5504 34.7848 0 -8.31434 4.40532 -1.495578754 2 2 5
OBSSTA 132.209 35.0028 0 -5.13611 4.73665 -0.063403985 2 2 5
OBSSTA 131.6104 34.6165 0 -5.62348 5.17654 -0.46522249 2 2 5
OBSSTA 130.9136 33.9966 0 -6.751 3.45412 -0.142815877 2 2 5
OBSSTA 130.4768 33.7307 0 -7.79222 1.97273 0.062393587 2 2 5
OBSSTA 131.6914 33.4615 0 -17.8652 7.14784 3.464472992 2 2 5
OBSSTA 130.9678 33.3311 0 -10.21 2.57895 -0.166278175 2 2 5
OBSSTA 129.8503 33.4761 0 -2.67901 1.62633 -0.054412289 2 2 5
OBSSTA 135.4813 34.5273 0 -17.5961 4.71746 3.077569686 2 2 5
OBSSTA 135.5869 34.4248 0 -18.6121 4.28569 2.330193413 2 2 5
OBSSTA 135.3642 34.4065 0 -17.4875 6.14461 3.793221394 2 2 5
OBSSTA 134.586 35.0945 0 -8.01909 3.42527 -1.142354915 2 2 5
OBSSTA 134.4038 34.9976 0 -7.70875 3.59692 -0.908267315 2 2 5
OBSSTA 134.7673 34.9847 0 -8.78883 3.84192 -0.888997707 2 2 5
OBSSTA 134.5452 34.8973 0 -8.40253 3.27625 -0.955400264 2 2 5
OBSSTA 134.9972 34.8049 0 -10.6474 4.25599 0.433267585 2 2 5
OBSSTA 134.8288 34.787 0 -9.40043 3.32967 -0.16383431 2 2 5
OBSSTA 135.1723 34.687 0 -13.2063 2.8184 0.086273841 2 2 5
OBSSTA 134.5196 34.6699 0 -9.34526 5.21542 -0.098958086 2 2 5
OBSSTA 134.9657 34.6697 0 -11.1149 4.08975 1.349179023 2 2 5
OBSSTA 135.0241 34.5771 0 -12.8085 2.90483 -0.222901204 2 2 5
OBSSTA 134.8815 34.3498 0 -13.7205 6.2208 -0.824604509 2 2 5
OBSSTA 134.7352 34.3343 0 -13.9775 6.59438 -0.307143295 2 2 5
OBSSTA 134.7365 34.2237 0 -16.3456 7.7542 1.674777765 2 2 5
OBSSTA 135.066 34.2715 0 -16.679 7.54367 0.21522173 2 2 5
OBSSTA 134.0467 35.4568 0 -5.34607 2.71916 0.204159738 2 2 5
OBSSTA 133.4391 35.3455 0 -6.53075 3.55836 -1.608301177 2 2 5
OBSSTA 134.2374 35.2659 0 -6.99025 3.52402 -1.481129058 2 2 5
OBSSTA 133.3085 35.1646 0 -8.4813 4.47789 -2.69507803 2 2 5
OBSSTA 132.9844 36.0932 0 -2.15615 2.73694 -0.062202843 2 2 5
OBSSTA 132.7432 35.3926 0 -3.31623 4.11266 -3.626578292 2 2 5
OBSSTA 132.9954 35.1956 0 -5.6817 5.06433 -1.174264282 2 2 5
OBSSTA 132.5073 35.186 0 -3.91019 4.27324 -0.825199128 2 2 5
OBSSTA 132.7205 35.0198 0 -4.78896 2.60423 -2.118042823 2 2 5
OBSSTA 131.9231 34.7673 0 -6.88501 3.9245 -0.767988777 2 2 5
OBSSTA 133.7925 35.2635 0 -6.00661 2.93253 -0.937182413 2 2 5
OBSSTA 134.3196 35.0996 0 -7.3116 8.03936 -1.678458922 2 2 5
OBSSTA 134.2348 35.0209 0 -7.26765 3.84017 -0.823533624 2 2 5
OBSSTA 133.9609 34.9825 0 -7.40842 4.00618 -1.436164905 2 2 5
OBSSTA 133.1202 34.9435 0 -6.49023 4.51319 -0.190469211 2 2 5
OBSSTA 132.2773 34.7269 0 -6.49847 5.42941 -0.763254871 2 2 5
OBSSTA 132.5402 34.6788 0 -8.73276 4.77063 -1.163581883 2 2 5
OBSSTA 133.1075 34.6725 0 -7.84885 6.11563 0.235426382 2 2 5
OBSSTA 132.824 34.5713 0 -8.11161 7.21403 -0.800429961 2 2 5
OBSSTA 133.0098 34.3787 0 -10.3789 8.73151 2.06286652 2 2 5
OBSSTA 131.4165 34.4399 0 -6.14313 4.8958 0.119159306 2 2 5
OBSSTA 130.9431 34.2946 0 -6.14076 4.41436 -0.49199836 2 2 5
OBSSTA 131.5628 34.2837 0 -7.32281 6.92498 -1.065294973 2 2 5
OBSSTA 131.9533 34.2591 0 -8.83676 4.82847 1.060557741 2 2 5
OBSSTA 131.3461 34.1895 0 -7.43312 5.21226 0.12667362 2 2 5
OBSSTA 131.5308 34.0572 0 -9.04509 5.77604 0.224816026 2 2 5
OBSSTA 131.286 33.9777 0 -9.41041 5.29295 -0.208546757 2 2 5
OBSSTA 132.1044 33.9751 0 -12.7559 8.2787 2.400127772 2 2 5
OBSSTA 134.3142 34.4724 0 -10.0586 6.15146 0.061649654 2 2 5
OBSSTA 132.9902 34.0779 0 -14.2597 9.96334 3.850824512 2 2 5
OBSSTA 133.2013 33.9212 0 -19.5419 11.8641 3.640343755 2 2 5
OBSSTA 130.2508 33.5361 0 -3.85122 0.385947 -2.179977016 2 2 5
OBSSTA 130.522 33.5004 0 -9.58151 2.61672 -2.280124631 2 2 5
OBSSTA 130.5646 33.2059 0 -7.46522 -0.0262606 -1.673399206 2 2 5
OBSSTA 130.2687 33.2749 0 -4.90741 0.884773 -0.29868939 2 2 5
OBSSTA 130.0942 33.0985 0 -4.75204 0.197618 -0.199277981 2 2 5
OBSSTA 129.4821 34.6556 0 -2.42072 2.84673 0.949475866 2 2 5
OBSSTA 129.3115 34.2682 0 -1.62132 2.93917 0.996490946 2 2 5
OBSSTA 129.7347 33.7427 0 -2.09953 2.24543 0.189415526 2 2 5
OBSSTA 129.537 33.3622 0 -1.48237 2.26691 0.875777353 2 2 5
OBSSTA 129.6907 33.0631 0 -3.21091 0.745781 0.957085535 2 2 5
OBSSTA 130.2713 32.8707 0 -6.29146 -2.45641 -0.890797287 2 2 5
OBSSTA 130.5477 32.9335 0 -7.2627 0.0659803 -0.47456331 2 2 5
OBSSTA 131.1689 33.4962 0 -11.3233 4.89852 0.421742367 2 2 5
OBSSTA 131.3473 33.254 0 -16.2665 3.24823 -0.68180399 2 2 5
OBSSTA 133.3397 35.436 0 -3.35088 4.03431 -0.296348361 2 2 5
OBSSTA 133.1379 35.5635 0 -4.98517 6.01371 -2.286111825 2 2 5
OBSSTA 132.4573 34.8927 0 -6.08564 4.27176 -0.846029421 2 2 5
OBSSTA 132.0136 34.5711 0 -6.08535 5.21838 -1.066073819 2 2 5
OBSSTA 131.8643 34.4397 0 -7.7154 5.57982 0.560764918 2 2 5
OBSSTA 133.564 35.1697 0 -5.65471 2.95029 0.258241282 2 2 5
OBSSTA 132.8516 34.8116 0 -5.8159 4.73574 -1.323686752 2 2 5
OBSSTA 132.1947 34.3703 0 -9.08812 7.02895 0.79087074 2 2 5
OBSSTA 132.4555 34.2609 0 -10.6344 8.10977 0.67573964 2 2 5
OBSSTA 132.8844 34.2101 0 -11.8883 9.42278 2.56827932 2 2 5
OBSSTA 131.1524 34.7643 0 -4.33866 4.11768 -0.61895016 2 2 5
OBSSTA 131.1762 34.3421 0 -7.18801 4.31533 -0.010613351 2 2 5
OBSSTA 131.0657 34.1798 0 -6.65022 4.62658 0.359190335 2 2 5
OBSSTA 132.3583 33.9099 0 -14.0435 9.07615 4.17035276 2 2 5
OBSSTA 134.605 34.1718 0 -17.5281 8.27444 2.045921814 2 2 5
OBSSTA 133.1891 34.2524 0 -11.0341 8.35166 2.700385372 2 2 5
OBSSTA 132.7817 33.9595 0 -15.3955 10.5727 5.057825271 2 2 5
OBSSTA 131.0165 33.6974 0 -9.16362 4.37029 -1.895565251 2 2 5
OBSSTA 130.7012 33.3272 0 -7.65232 1.76801 -1.206920713 2 2 5
OBSSTA 129.9401 33.196 0 -3.93276 1.92859 0.079609306 2 2 5
OBSSTA 129.69 33.2661 0 -2.55356 1.25443 0.216435785 2 2 5
OBSSTA 129.1255 33.2558 0 -0.48018 1.74874 0.764785601 2 2 5
OBSSTA 130.1664 32.7957 0 -5.03186 -1.88653 0.107791882 2 2 5
OBSSTA 131.0629 33.122 0 -12.3918 2.66659 -0.966064909 2 2 5
OBSSTA 130.7486 33.0113 0 -8.58351 0.48026 0.018353104 2 2 5
OBSSTA 131.3566 33.5371 0 -12.8531 6.00966 1.54503498 2 2 5
OBSSTA 131.5884 33.3499 0 -18.5629 5.75379 3.565187968 2 2 5
OBSSTA 131.1211 33.2703 0 -11.851 3.19518 2.118450566 2 2 5
OBSSTA 130.9157 33.1906 0 -9.07733 1.39472 -0.01689142 2 2 5
OBSSTA 134.6597 34.8641 0 -8.76541 4.24589 -0.175431695 2 2 5
OBSSTA 133.2881 34.4504 0 -9.97753 7.93904 1.03785549 2 2 5
OBSSTA 132.8202 34.3349 0 -9.10217 6.77005 1.43143347 2 2 5
OBSSTA 132.2191 34.1912 0 -11.7791 6.57232 0.575193481 2 2 5
OBSSTA 129.9549 33.3722 0 -3.36381 1.85764 0.160319401 2 2 5
OBSSTA 130.4445 33.3465 0 -6.18867 0.821463 -1.748149341 2 2 5
OBSSTA 129.9897 32.9456 0 -5.01869 -0.995789 0.320391796 2 2 5
OBSSTA 130.465 33.0974 0 -5.93577 0.835674 -0.473014251 2 2 5
OBSSTA 129.7207 32.8396 0 -3.49217 -1.28127 0.221456517 2 2 5
OBSSTA 131.2068 33.1278 0 -18.9399 -0.518057 -5.625244255 2 2 5
OBSSTA 132.5752778 34.34027778 0 -9.15353 8.304612 3.183747137 2 2 5
OBSSTA 132.6838889 33.7225 0 -20.53163 10.378812 5.118147137 2 2 5
OBSSTA 133.874987 34.039739 0 -19.47607321 13.36610107 -0.298138572 2 2 5
OBSSTA 133.925503 34.164168 0 -14.71967321 9.376701071 4.491861428 2 2 5
OBSSTA 133.527982 34.548798 0 -8.402973214 7.561801071 4.701861428 2 2 5
OBSSTA 133.998677 34.445455 0 -9.700473214 9.247501071 -2.308138572 2 2 5
OBSSTA 133.780673 34.3834 0 -9.304373214 8.975001071 -1.728138572 2 2 5
OBSSTA 134.241979 34.254579 0 -13.17167321 7.310001071 0.581861428 2 2 5
OBSSTA 133.715063 34.217394 0 -13.39627321 10.73420107 3.011861428 2 2 5
OBSSTA 133.647517 34.068075 0 -17.52307321 11.63330107 4.751861428 2 2 5
OBSSTA 133.734499 35.002962 0 -5.887273214 4.064401071 0.651861428 2 2 5
OBSSTA 133.598087 34.809693 0 -8.080073214 7.202701071 -0.998138572 2 2 5
OBSSTA 133.929046 34.791385 0 -9.582873214 1.476701071 2.871861428 2 2 5
OBSSTA 134.165758 34.657724 0 -8.107273214 4.289301071 -2.898138572 2 2 5
OBSSTA 133.796731 34.438569 0 -9.664673214 8.765201071 0.881861428 2 2 5
OBSSTA 133.396273 34.993365 0 -5.584673214 4.150001071 1.401861428 2 2 5
OBSSTA 133.757014 34.579147 0 -7.657073214 6.564701071 2.271861428 2 2 5
BACKARC 134.393428 34.217798 0 -14.85917321 8.131401071 2.581861428 2 2 5
FOREARC 133.4618 33.8184 0 -21.2745 12.5299 4.339198992 1 1 5
OBSSTA 135.9283 33.877 0 -27.6803 5.69803 1.386250892 1 1 5
OBSSTA 135.8548 34.242 0 -23.4076 3.60909 1.480481036 1 1 5
OBSSTA 135.554 33.9408 0 -25.4427 5.2886 3.667449847 1 1 5
OBSSTA 135.8821 33.6688 0 -31.0159 7.07327 -0.873409235 1 1 5
OBSSTA 135.5338 33.6583 0 -31.5756 8.79641 0.717605721 1 1 5
OBSSTA 134.4573 33.9937 0 -21.3643 8.82743 3.823394118 1 1 5
OBSSTA 134.2112 33.9346 0 -23.8132 13.506 1.035609789 1 1 5
OBSSTA 133.9218 33.8749 0 -26.7097 13.2943 3.245590637 1 1 5
OBSSTA 132.7985 33.6427 0 -22.532 11.1555 6.023417256 1 1 5
OBSSTA 132.7437 33.3051 0 -28.8772 13.2233 4.477569402 1 1 5
OBSSTA 132.6336 33.0961 0 -32.4095 14.2161 1.202283793 1 1 5
OBSSTA 133.531 33.6258 0 -27.7193 16.1036 5.238632214 1 1 5
OBSSTA 133.1545 33.607 0 -25.4076 13.8027 6.163448358 1 1 5
OBSSTA 134.0993 33.4971 0 -37.8699 18.0396 1.048222617 1 1 5
OBSSTA 133.0895 33.4167 0 -29.7241 15.6032 6.398031841 1 1 5
OBSSTA 134.2055 33.3949 0 -42.3627 19.4731 -1.764564536 1 1 5
OBSSTA 132.9721 33.1931 0 -33.8295 16.259 2.74387988 1 1 5
OBSSTA 133.1053 33.0818 0 -36.6463 18.0525 2.233757892 1 1 5
OBSSTA 132.8315 32.9611 0 -38.3806 17.2048 -0.960487283 1 1 5
OBSSTA 132.5554 32.7386 0 -35.349 19.1834 -3.831408068 1 1 5
OBSSTA 130.8727 32.9959 0 -9.06534 0.090952 -0.861209291 1 1 5
OBSSTA 130.7484 32.7092 0 -10.7187 -4.50644 0.109650934 1 1 5
OBSSTA 130.8273 32.3961 0 -10.6721 -4.39722 1.504315546 1 1 5
OBSSTA 130.9864 32.2924 0 -11.1659 -4.06366 1.653756951 1 1 5
OBSSTA 131.7484 33.0962 0 -25.567 3.8381 2.585423872 1 1 5
OBSSTA 132.039 32.9364 0 -23.3966 8.62586 0.066642103 1 1 5
OBSSTA 131.4415 32.8989 0 -20.2179 4.3073 -0.696664033 1 1 5
OBSSTA 131.3647 32.5279 0 -21.7963 2.7402 -4.651144409 1 1 5
OBSSTA 131.583 32.3162 0 -11.9858 -1.83066 -1.960355904 1 1 5
OBSSTA 131.3475 32.1119 0 -13.2776 -0.881211 1.969648463 1 1 5
OBSSTA 131.2545 32.0018 0 -11.108 -2.44786 2.514714753 1 1 5
OBSSTA 135.2215 34.1577 0 -21.2481 5.62206 3.774886844 1 1 5
OBSSTA 135.7644 33.4834 0 -36.8921 9.82946 -3.293514346 1 1 5
OBSSTA 134.626 33.9269 0 -24.4755 10.5537 3.779156197 1 1 5
OBSSTA 133.2418 33.2729 0 -35.1548 17.7262 4.318921949 1 1 5
OBSSTA 132.9664 32.7557 0 -39.811 22.397 -2.845392062 1 1 5
OBSSTA 132.2812 33.469 0 -22.3757 8.78006 3.49954234 1 1 5
OBSSTA 131.8764 32.9246 0 -24.2091 7.20925 3.650955504 1 1 5
OBSSTA 130.6456 32.5464 0 -9.18536 -3.56035 0.213389941 1 1 5
OBSSTA 131.6323 32.4454 0 -18.5292 4.4573 2.793361805 1 1 5
OBSSTA 131.4697 32.0218 0 -12.7191 1.36725 -0.188817262 1 1 5
OBSSTA 136.0109 33.7413 0 -29.6518 6.85005 0.816606156 1 1 5
OBSSTA 135.7042 34.3883 0 -19.078 3.83486 0.591621311 1 1 5
OBSSTA 135.9637 34.0382 0 -24.9522 4.98418 2.323070419 1 1 5
OBSSTA 135.358 34.2561 0 -20.2199 5.94019 7.288582958 1 1 5
OBSSTA 135.5901 34.2218 0 -18.3076 4.474 2.581927347 1 1 5
OBSSTA 135.3849 33.9617 0 -25.9689 5.65937 2.321003612 1 1 5
OBSSTA 135.5084 33.7855 0 -28.1528 8.47897 2.257649176 1 1 5
OBSSTA 135.3962 33.7443 0 -28.8359 8.51194 1.197896445 1 1 5
OBSSTA 135.5992 33.5056 0 -36.7544 11.1032 -1.886096552 1 1 5
OBSSTA 134.5601 34.0599 0 -20.5065 9.64371 3.549689303 1 1 5
OBSSTA 134.6678 33.8302 0 -27.649 11.596 2.689198317 1 1 5
OBSSTA 134.533 33.7251 0 -29.8599 12.7646 0.506358708 1 1 5
OBSSTA 134.372 33.6185 0 -33.6611 15.6497 1.867883338 1 1 5
OBSSTA 132.9379 33.5692 0 -25.4418 12.4587 6.828226339 1 1 5
OBSSTA 132.6934 33.4468 0 -29.3386 9.50482 1.090006015 1 1 5
OBSSTA 132.5618 32.9639 0 -33.6403 15.5059 -3.113137556 1 1 5
OBSSTA 133.2809 33.4684 0 -31.3598 16.8958 4.765551231 1 1 5
OBSSTA 133.403 33.4077 0 -33.3695 18.3219 4.62681086 1 1 5
OBSSTA 132.7927 33.1716 0 -32.6389 15.1099 1.478000989 1 1 5
OBSSTA 132.9992 32.9912 0 -38.2958 18.6181 1.764781075 1 1 5
OBSSTA 132.7037 32.8406 0 -37.6074 19.2466 -3.576199903 1 1 5
OBSSTA 130.1546 32.6369 0 -6.05162 -3.3673 0.557414622 1 1 5
OBSSTA 130.7648 32.8421 0 -9.37563 -1.46093 -0.108883584 1 1 5
OBSSTA 131.0993 32.7407 0 -14.7972 -0.739237 -0.212928465 1 1 5
OBSSTA 131.7981 33.2394 0 -22.6582 6.89852 4.238606442 1 1 5
OBSSTA 131.2861 33.009 0 -18.4534 -0.527375 -0.924054207 1 1 5
OBSSTA 131.5878 32.9869 0 -21.8122 4.38832 1.877537967 1 1 5
OBSSTA 131.7568 32.704 0 -22.2006 8.20687 0.757243698 1 1 5
OBSSTA 131.3276 32.6848 0 -18.2653 0.107765 0.34670251 1 1 5
OBSSTA 131.1489 32.4566 0 -13.5348 -1.77995 -1.674095772 1 1 5
OBSSTA 131.1852 32.2459 0 -15.9459 -3.8123 0.054162803 1 1 5
OBSSTA 131.5158 32.1704 0 -15.4771 2.14481 2.828396196 1 1 5
OBSSTA 135.5283 34.3118 0 -19.1416 5.69333 3.797228185 1 1 5
OBSSTA 135.1677 34.0254 0 -22.3703 3.38812 -3.643013967 1 1 5
OBSSTA 135.4962 33.5544 0 -34.9381 11.2893 -0.464127658 1 1 5
OBSSTA 132.5438 33.1776 0 -29.1443 12.7386 -0.594171977 1 1 5
OBSSTA 133.2285 33.3269 0 -33.6739 18.1418 5.354385194 1 1 5
OBSSTA 133.1286 33.2154 0 -34.5566 17.2947 3.802727951 1 1 5
OBSSTA 130.336 32.793 0 -7.39593 -2.14123 -1.18457436 1 1 5
OBSSTA 130.2167 32.7123 0 -5.69937 -2.28831 0.361589983 1 1 5
OBSSTA 130.3523 32.7226 0 -6.83999 -2.76655 -1.497642263 1 1 5
OBSSTA 130.2907 32.6607 0 -6.92119 -2.35335 0.120769962 1 1 5
OBSSTA 130.7949 32.5767 0 -10.9027 -3.4304 0.379784444 1 1 5
OBSSTA 131.0934 32.9507 0 -15.7854 -1.64726 -2.856394063 1 1 5
OBSSTA 131.1321 32.845 0 -17.1132 -0.255671 -2.630571328 1 1 5
OBSSTA 131.5795 33.2284 0 -21.5927 4.24731 1.00056153 1 1 5
OBSSTA 131.5307 32.557 0 -18.5063 3.07418 2.015440791 1 1 5
OBSSTA 131.334 32.3844 0 -15.2188 0.058641 0.978380133 1 1 5
OBSSTA 131.486 32.0691 0 -12.9262 -1.15104 -0.668137141 1 1 5
OBSSTA 130.4304 32.5817 0 -8.26725 -3.015 -0.524196723 1 1 5
OBSSTA 135.7352 33.9695 0 -25.4015 5.12206 3.507770092 1 1 5
OBSSTA 135.7088 33.6372 0 -32.3292 7.8824 -0.194841755 1 1 5
OBSSTA 132.0461 33.368 0 -23.6247 9.88745 5.102904194 1 1 5
OBSSTA 132.4753 33.3844 0 -24.8051 11.6975 4.234720092 1 1 5
OBSSTA 133.3626 33.7043 0 -24.5849 14.2391 4.953245135 1 1 5
OBSSTA 132.9116 33.7965 0 -20.8805 11.8181 4.454657173 1 1 5
OBSSTA 133.5780556 33.52888889 0 -31.34013 18.076112 7.021647137 1 1 5
OBSSTA 132.2811111 33.46888889 0 -20.97473 6.631912 7.166247137 1 1 5
OBSSTA 133.5380556 33.93861111 0 -21.42263 8.477812 -4.386652863 1 1 5
OBSSTA 134.122128 33.315893 0 -42.69947321 22.08880107 2.181861428 1 1 5
OBSSTA 134.301467 33.789531 0 -26.67667321 13.08060107 4.661861428 1 1 5
OBSSTA 134.35197 34.09699 0 -18.17347321 9.641101071 1.091861428 1 1 5
OBSSTA 134.23023 34.038417 0 -19.25077321 9.619901071 1.851861428 1 1 5
OBSSTA 133.681285 33.936674 0 -21.21817321 12.15380107 2.581861428 1 1 5
OBSSTA 134.389104 33.878931 0 -25.42527321 10.95140107 -2.238138572 1 1 5
OBSSTA 134.058194 33.877515 0 -23.19747321 15.02810107 -0.418138572 1 1 5
OBSSTA 133.655772 33.766976 0 -26.02417321 14.03340107 2.871861428 1 1 5
OBSSTA 133.805026 33.654153 0 -30.00547321 16.24530107 4.801861428 1 1 5
OBSSTA 134.280804 33.52776 0 -37.54027321 15.51040107 -3.818138572 1 1 5
OBSSTA 133.903648 33.505735 0 -37.46547321 17.97640107 2.041861428 1 1 5
OBSSTA 134.007135 33.427795 0 -40.85317321 19.31760107 -0.158138572 1 1 5
OBSSTA 134.049178 34.0515 0 -18.13517321 10.19800107 0.991861428 1 1 5
SEAKUM1 137.00 33.67 0 -36 7 0 1 1 5
SEAKUM2 136.67 33.43 0 -42 10 0 1 1 5
SEAKUM3 136.36 33.33 0 -39 10 0 1 1 5
SEASIOW 135.57 33.16 0 -44 16 0 1 1 5
SEAMRT1 134.94 33.35 0 -33 10 0 1 1 5
SEAMRT2 134.81 32.87 0 -38 10 0 1 1 5
SEATOS1 133.67 32.82 0 -47 28 0 1 1 5
SEATOS2 134.03 32.43 0 -42 24 0 1 1 5
SEAASZ1 133.22 32.37 0 -41 19 0 1 1 5
SEAASZ2 133.58 31.93 0 -39 17 0 1 1 5
SEAHYG1 132.42 32.38 0 -31 21 0 1 1 5
SEAHYG2 132.49 31.97 0 -20 3 0 1 1 5
