ALPA -72.9177550 11.5279842 0 9.893 13.627 0 0.925 0.912 90
BAAP -73.5540104 4.0718023 0 -4.423 10.514 0 0.484 0.327 90
BACO -75.6919259 9.4024376 0 13.327 8.015 0 1.311 1.513 90
BAPA -74.6575068 5.4664156 0 3.434 14.627 0 0.675 0.285 90
BASO -77.3932290 6.2029697 0 6.661 15.307 0 0.986 0.425 90
BOBG -73.3575513 8.3124450 0 6.785 14.992 0 0.638 0.523 90
BUGT -76.9957962 3.8256858 0 6.303 15.352 0 1.118 0.307 90
CAPI -72.4277553 5.3514239 0 -1.988 11.274 0 0.748 0.432 90
CIA1 -76.3574241 3.5052886 0 3.988 14.233 0 2.683 0.996 90
CN35 -81.3629181 13.3754951 0 10.236 6.573 0 0.915 1.035 90
CN37 -75.2631729 10.7925772 0 7.918 14.976 0 2.010 2.313 90
CN38 -71.9880240 12.2218215 0 10.297 13.338 0 0.879 0.615 90
CORO -75.2878523 9.3280879 0 13.124 12.624 0 1.399 0.525 90
CUC1 -72.5128112 7.9322753 0 7.950 13.017 0 1.585 0.555 90
GUAP -77.8946778 2.5744795 0 6.600 12.892 0 0.769 0.284 90
MALO -81.6061353 4.0032456 0 49.283 14.215 0 0.807 0.319 90
MECE -73.7120141 7.1072475 0 4.406 14.993 0 0.827 0.598 90
MITU -70.2321246 1.2607814 0 -4.475 11.547 0 1.098 0.347 90
MZAL -75.4705229 5.0299951 0 0.891 17.527 0 0.501 1.005 90
OCEL -71.6158105 4.2711822 0 -4.791 11.676 0 0.477 0.317 90
PAL1 -73.1891351 7.1362411 0 3.462 14.728 0 0.599 0.533 90
POVA -76.6147419 2.4490895 0 5.286 12.981 0 0.548 0.356 90
PUIN -67.9033388 3.8512001 0 -4.921 12.061 0 0.874 1.497 90
QUIL -77.2909463 1.3939256 0 5.392 14.340 0 0.891 0.374 90
SAN0 -81.7157194 12.5804502 0 11.482 6.242 0 0.814 0.569 90
SEL1 -75.5291230 6.1908697 0 5.635 14.821 0 1.155 0.280 90
TICU -69.9393839 -4.1870838 0 -2.812 11.196 0 1.525 0.147 90
TONE -76.1393069 6.3244264 0 4.608 15.703 0 0.584 0.315 90
TUCO -78.7477005 1.8148530 0 14.659 13.106 0 0.554 0.159 90
UWAS -72.3913324 6.4507143 0 1.230 13.002 0 0.499 0.300 90
VBUV -73.8589332 5.5332074 0 3.559 15.334 0 0.624 0.396 90
VDPR -73.2478245 10.4358057 0 8.433 15.146 0 0.433 0.385 90
VMAG -74.8473174 9.2867418 0 7.831 13.692 0 0.733 0.503 90
VNEI -75.2553032 3.0622465 0 -0.793 13.990 0 0.739 0.410 90
VORA -76.7218048 7.8184405 0 14.436 11.226 0 2.208 1.652 90
VOTU -74.7103010 7.0186505 0 6.139 14.930 0 0.341 0.571 90
VPIJ -75.1066897 4.3966879 0 3.203 14.868 0 1.181 0.287 90
VPOL -74.8608430 10.7937721 0 6.855 16.306 0 1.499 0.976 90
VROS -74.3233266 4.8470474 0 1.895 15.251 0 0.530 0.257 90
VSJG -72.6389685 2.5325122 0 -3.258 10.539 0 1.523 0.266 90
VSJP -75.8355581 4.7811779 0 2.651 15.631 0 0.797 0.362 90
BOGT -74.0809374 4.6400743 0 0.379 15.121 0 0.540 0.393 90
GLPS -90.3036645 -0.7429983 0 50.432 10.420 0 0.111 0.081 90
RIOP -78.6511048 -1.6505950 0 -0.231 6.031 0 0.549 0.378 90
AUCA -76.8827320 -0.6408170 0 -2.015 9.759 0 0.547 0.223 90
BAEZ -77.8865372 -0.4590513 0 -1.847 10.566 0 1.268 0.941 90
COEC -77.7869827 0.7160679 0 4.771 12.712 0 1.187 0.625 90
ESMR -79.7243697 0.9346491 0 17.826 16.873 0 0.768 0.373 90
SNLR -78.8470029 1.2925162 0 11.448 10.581 0 0.366 0.280 90
ACP1 -79.9498567 9.3713923 0 16.796 11.536 0 0.246 0.269 90
ACP6 -79.4078206 9.2384763 0 16.664 12.052 0 0.644 0.589 90
CN28 -79.0337167 8.6250641 0 17.678 13.738 0 0.369 0.364 90
CN33 -80.3266648 8.4872397 0 18.054 8.911 0 3.032 1.469 90
