132.989908517684 33.9433586248800 -15
132.812961720230 33.8687984516224 -15
133.011062220779 33.9041793124399 -7.49999999998937
132.989908517684 33.9433586248800 -15
>
133.011062220779 33.9041793124399 -7.49999999998937
132.812961720230 33.8687984516224 -15
132.833951546449 33.8300242258112 -7.49999999999653
133.011062220779 33.9041793124399 -7.49999999998937
>
133.011062220779 33.9041793124399 -7.49999999998937
132.833951546449 33.8300242258112 -7.49999999999653
132.854925698651 33.7912500000000 0
133.011062220779 33.9041793124399 -7.49999999998937
>
132.854925698651 33.7912500000000 0
133.032200000000 33.8650000000000 0
133.011062220779 33.9041793124399 -7.49999999998937
132.854925698651 33.7912500000000 0
>
132.812961720230 33.8687984516224 -15
132.636336125179 33.7942382783640 -15
132.657160134657 33.7558691391818 -7.50000000000370
132.812961720230 33.8687984516224 -15
>
132.657160134657 33.7558691391818 -7.50000000000370
132.833951546449 33.8300242258112 -7.49999999999653
132.812961720230 33.8687984516224 -15
132.657160134657 33.7558691391818 -7.50000000000370
>
132.833951546449 33.8300242258112 -7.49999999999653
132.657160134657 33.7558691391818 -7.50000000000370
132.854925698651 33.7912500000000 0
132.833951546449 33.8300242258112 -7.49999999999653
>
132.854925698651 33.7912500000000 0
132.657160134657 33.7558691391818 -7.50000000000370
132.677968720838 33.7174999999996 0
132.854925698651 33.7912500000000 0
>
132.636336125179 33.7942382783640 -15
132.460030007693 33.7196781051056 -15
132.657160134657 33.7558691391818 -7.50000000000370
132.636336125179 33.7942382783640 -15
>
132.657160134657 33.7558691391818 -7.50000000000370
132.460030007693 33.7196781051056 -15
132.480686280079 33.6817140525527 -7.50000000001087
132.657160134657 33.7558691391818 -7.50000000000370
>
132.657160134657 33.7558691391818 -7.50000000000370
132.480686280079 33.6817140525527 -7.50000000001087
132.501327380634 33.6437499999997 0
132.657160134657 33.7558691391818 -7.50000000000370
>
132.501327380634 33.6437499999997 0
132.677968720838 33.7174999999996 0
132.657160134657 33.7558691391818 -7.50000000000370
132.501327380634 33.6437499999997 0
>
132.460030007693 33.7196781051056 -15
132.284041651112 33.6451179318483 -15
132.304528285427 33.6075589659243 -7.50000000001804
132.460030007693 33.7196781051056 -15
>
132.304528285427 33.6075589659243 -7.50000000001804
132.480686280079 33.6817140525527 -7.50000000001087
132.460030007693 33.7196781051056 -15
132.304528285427 33.6075589659243 -7.50000000001804
>
132.480686280079 33.6817140525527 -7.50000000001087
132.304528285427 33.6075589659243 -7.50000000001804
132.501327380634 33.6437499999997 0
132.480686280079 33.6817140525527 -7.50000000001087
>
132.501327380634 33.6437499999997 0
132.304528285427 33.6075589659243 -7.50000000001804
132.325000000000 33.5700000000000 0
132.501327380634 33.6437499999997 0
>
133.683690424568 34.0861907640126 -15
133.516404176760 34.0520547810752 -15
133.692447343718 34.0430953820064 -7.50000000001306
133.683690424568 34.0861907640126 -15
>
133.692447343718 34.0430953820064 -7.50000000001306
133.516404176760 34.0520547810752 -15
133.525077664915 34.0091523905377 -7.50000000001310
133.692447343718 34.0430953820064 -7.50000000001306
>
133.692447343718 34.0430953820064 -7.50000000001306
133.525077664915 34.0091523905377 -7.50000000001310
133.533746890402 33.9662500000000 0
133.692447343718 34.0430953820064 -7.50000000001306
>
133.533746890402 33.9662500000000 0
133.701200000000 34 0
133.692447343718 34.0430953820064 -7.50000000001306
133.533746890402 33.9662500000000 0
>
133.516404176760 34.0520547810752 -15
133.349255434819 34.0179187981379 -15
133.357844552692 33.9752093990689 -7.50000000001314
133.516404176760 34.0520547810752 -15
>
133.357844552692 33.9752093990689 -7.50000000001314
133.525077664915 34.0091523905377 -7.50000000001310
133.516404176760 34.0520547810752 -15
133.357844552692 33.9752093990689 -7.50000000001314
>
133.525077664915 34.0091523905377 -7.50000000001310
133.357844552692 33.9752093990689 -7.50000000001314
133.533746890402 33.9662500000000 0
133.525077664915 34.0091523905377 -7.50000000001310
>
133.533746890402 33.9662500000000 0
133.357844552692 33.9752093990689 -7.50000000001314
133.366429409901 33.9324999999997 0
133.533746890402 33.9662500000000 0
>
133.349255434819 34.0179187981379 -15
133.182243856096 33.9837828152006 -15
133.357844552692 33.9752093990689 -7.50000000001314
133.349255434819 34.0179187981379 -15
>
133.357844552692 33.9752093990689 -7.50000000001314
133.182243856096 33.9837828152006 -15
133.190747668627 33.9412664076003 -7.50000000001318
133.357844552692 33.9752093990689 -7.50000000001314
>
133.357844552692 33.9752093990689 -7.50000000001314
133.190747668627 33.9412664076003 -7.50000000001318
133.199247224272 33.8987499999999 0
133.357844552692 33.9752093990689 -7.50000000001314
>
133.199247224272 33.8987499999999 0
133.366429409901 33.9324999999997 0
133.357844552692 33.9752093990689 -7.50000000001314
133.199247224272 33.8987499999999 0
>
133.182243856096 33.9837828152006 -15
133.015369098691 33.9496468322632 -15
133.023786675027 33.9073234161317 -7.50000000001322
133.182243856096 33.9837828152006 -15
>
133.023786675027 33.9073234161317 -7.50000000001322
133.190747668627 33.9412664076003 -7.50000000001318
133.182243856096 33.9837828152006 -15
133.023786675027 33.9073234161317 -7.50000000001322
>
133.190747668627 33.9412664076003 -7.50000000001318
133.023786675027 33.9073234161317 -7.50000000001322
133.199247224272 33.8987499999999 0
133.190747668627 33.9412664076003 -7.50000000001318
>
133.199247224272 33.8987499999999 0
133.023786675027 33.9073234161317 -7.50000000001322
133.032200000000 33.8650000000000 0
133.199247224272 33.8987499999999 0
>
133.683690424568 34.0861907640126 -15
133.692447343718 34.0430953820064 -7.50000000001306
133.844192049089 34.1152362933540 -15
133.683690424568 34.0861907640126 -15
>
133.844192049089 34.1152362933540 -15
133.692447343718 34.0430953820064 -7.50000000001306
133.852840182788 34.0726181466770 -7.50000000001314
133.844192049089 34.1152362933540 -15
>
133.844192049089 34.1152362933540 -15
133.852840182788 34.0726181466770 -7.50000000001314
134.013347074612 34.1021409113478 -7.50000000001322
133.844192049089 34.1152362933540 -15
>
134.013347074612 34.1021409113478 -7.50000000001322
134.004806095814 34.1442818226955 -15
133.844192049089 34.1152362933540 -15
134.013347074612 34.1021409113478 -7.50000000001322
>
134.004806095814 34.1442818226955 -15
134.013347074612 34.1021409113478 -7.50000000001322
134.165532803835 34.1733273520369 -15
134.004806095814 34.1442818226955 -15
>
134.165532803835 34.1733273520369 -15
134.013347074612 34.1021409113478 -7.50000000001322
134.173968265692 34.1316636760185 -7.50000000001330
134.165532803835 34.1733273520369 -15
>
133.692447343718 34.0430953820064 -7.50000000001306
133.701200000000 34 0
133.861484238399 34.0299999999999 0
133.692447343718 34.0430953820064 -7.50000000001306
>
133.861484238399 34.0299999999999 0
133.852840182788 34.0726181466770 -7.50000000001314
133.692447343718 34.0430953820064 -7.50000000001306
133.861484238399 34.0299999999999 0
>
133.852840182788 34.0726181466770 -7.50000000001314
133.861484238399 34.0299999999999 0
134.013347074612 34.1021409113478 -7.50000000001322
133.852840182788 34.0726181466770 -7.50000000001314
>
134.013347074612 34.1021409113478 -7.50000000001322
133.861484238399 34.0299999999999 0
134.021884153729 34.0599999999999 0
134.013347074612 34.1021409113478 -7.50000000001322
>
134.013347074612 34.1021409113478 -7.50000000001322
134.021884153729 34.0599999999999 0
134.182400000000 34.0900000000000 0
134.013347074612 34.1021409113478 -7.50000000001322
>
134.182400000000 34.0900000000000 0
134.173968265692 34.1316636760185 -7.50000000001330
134.013347074612 34.1021409113478 -7.50000000001322
134.182400000000 34.0900000000000 0
>
134.685730977427 34.2739386701680 -15
134.512190394422 34.2404015641244 -15
134.694067176099 34.2319693350839 -7.49999999998924
134.685730977427 34.2739386701680 -15
>
134.694067176099 34.2319693350839 -7.49999999998924
134.512190394422 34.2404015641244 -15
134.520560358601 34.1985341153953 -7.49999999999726
134.694067176099 34.2319693350839 -7.49999999998924
>
134.694067176099 34.2319693350839 -7.49999999998924
134.520560358601 34.1985341153953 -7.49999999999726
134.528926828529 34.1566666666662 0
134.694067176099 34.2319693350839 -7.49999999998924
>
134.528926828529 34.1566666666662 0
134.702400000000 34.1900000000000 0
134.694067176099 34.2319693350839 -7.49999999998924
134.528926828529 34.1566666666662 0
>
134.512190394422 34.2404015641244 -15
134.338791118420 34.2068644580807 -15
134.347194169432 34.1650988957068 -7.50000000000528
134.512190394422 34.2404015641244 -15
>
134.347194169432 34.1650988957068 -7.50000000000528
134.520560358601 34.1985341153953 -7.49999999999726
134.512190394422 34.2404015641244 -15
134.347194169432 34.1650988957068 -7.50000000000528
>
134.520560358601 34.1985341153953 -7.49999999999726
134.347194169432 34.1650988957068 -7.50000000000528
134.528926828529 34.1566666666662 0
134.520560358601 34.1985341153953 -7.49999999999726
>
134.528926828529 34.1566666666662 0
134.347194169432 34.1650988957068 -7.50000000000528
134.355593608607 34.1233333333329 0
134.528926828529 34.1566666666662 0
>
134.338791118420 34.2068644580807 -15
134.165532803835 34.1733273520369 -15
134.347194169432 34.1650988957068 -7.50000000000528
134.338791118420 34.2068644580807 -15
>
134.347194169432 34.1650988957068 -7.50000000000528
134.165532803835 34.1733273520369 -15
134.173968265692 34.1316636760185 -7.50000000001330
134.347194169432 34.1650988957068 -7.50000000000528
>
134.347194169432 34.1650988957068 -7.50000000000528
134.173968265692 34.1316636760185 -7.50000000001330
134.182400000000 34.0900000000000 0
134.347194169432 34.1650988957068 -7.50000000000528
>
134.182400000000 34.0900000000000 0
134.355593608607 34.1233333333329 0
134.347194169432 34.1650988957068 -7.50000000000528
134.182400000000 34.0900000000000 0
