138.642000 35.106000 0
138.642000 35.100000 0
138.643000 35.092000 0
138.643000 35.084000 0
138.643000 35.078000 0
138.644000 35.072000 0
138.644000 35.067000 0
138.645000 35.061000 0
138.645000 35.055000 0
138.646000 35.047000 0
138.646000 35.042000 0
138.647000 35.033000 0
138.647000 35.027000 0
138.648000 35.018000 0
138.648000 35.013000 0
138.647000 35.006000 0
138.647000 35.001000 0
138.648000 34.996000 0
138.648000 34.991000 0
138.648000 34.983000 0
138.647000 34.975000 0
138.647000 34.966000 0
138.646000 34.958000 0
138.646000 34.951000 0
138.643000 34.942000 0
138.641000 34.934000 0
138.639000 34.924000 0
138.640000 34.916000 0
138.640000 34.908000 0
138.639000 34.902000 0
138.639000 34.895000 0
138.638000 34.888000 0
138.639000 34.880000 0
138.638000 34.872000 0
138.634000 34.864000 0
138.631000 34.857000 0
138.628000 34.851000 0
138.625000 34.845000 0
138.623000 34.838000 0
138.622000 34.833000 0
138.622000 34.828000 0
138.622000 34.823000 0
138.621000 34.816000 0
138.622000 34.809000 0
138.623000 34.803000 0
138.623000 34.795000 0
138.622000 34.791000 0
138.621000 34.781000 0
138.618000 34.774000 0
138.615000 34.768000 0
138.611000 34.762000 0
138.606000 34.754000 0
138.603000 34.747000 0
138.598000 34.739000 0
138.594000 34.732000 0
138.591000 34.724000 0
138.589000 34.716000 0
138.588000 34.707000 0
138.588000 34.698000 0
138.588000 34.690000 0
138.587000 34.681000 0
138.587000 34.673000 0
138.587000 34.663000 0
138.588000 34.656000 0
138.587000 34.645000 0
138.587000 34.634000 0
138.586000 34.626000 0
138.587000 34.614000 0
138.586000 34.604000 0
138.585000 34.594000 0
138.581000 34.586000 0
138.579000 34.576000 0
138.578000 34.565000 0
138.576000 34.553000 0
138.575000 34.541000 0
138.574000 34.528000 0
138.573000 34.513000 0
138.570000 34.497000 0
138.571000 34.480000 0
138.566000 34.464000 0
138.565000 34.451000 0
138.562000 34.439000 0
138.557000 34.425000 0
138.552000 34.412000 0
138.546000 34.405000 0
138.539000 34.393000 0
138.530000 34.384000 0
138.521000 34.378000 0
138.512000 34.367000 0
138.503000 34.358000 0
138.497000 34.346000 0
138.489000 34.334000 0
138.485000 34.322000 0
138.483000 34.313000 0
138.483000 34.301000 0
138.483000 34.291000 0
138.485000 34.281000 0
138.488000 34.272000 0
138.490000 34.263000 0
138.490000 34.253000 0
138.493000 34.242000 0
138.494000 34.229000 0
138.494000 34.217000 0
138.494000 34.206000 0
138.494000 34.192000 0
138.494000 34.184000 0
138.495000 34.172000 0
138.494000 34.160000 0
138.493000 34.145000 0
138.490000 34.128000 0
138.489000 34.113000 0
138.486000 34.095000 0
138.483000 34.082000 0
138.478000 34.068000 0
138.475000 34.056000 0
138.468000 34.040000 0
138.460000 34.026000 0
138.453000 34.016000 0
138.448000 34.008000 0
138.443000 34.002000 0
138.438000 33.994000 0
138.432000 33.988000 0
138.426000 33.982000 0
138.420000 33.976000 0
138.413000 33.969000 0
138.404000 33.959000 0
138.393000 33.950000 0
138.384000 33.941000 0
138.375000 33.934000 0
138.368000 33.927000 0
138.359000 33.921000 0
138.353000 33.915000 0
138.344000 33.907000 0
138.337000 33.902000 0
138.328000 33.896000 0
138.319000 33.889000 0
138.310000 33.883000 0
138.301000 33.877000 0
138.293000 33.871000 0
138.285000 33.867000 0
138.279000 33.861000 0
138.270000 33.856000 0
138.262000 33.849000 0
138.252000 33.843000 0
138.244000 33.836000 0
138.235000 33.830000 0
138.228000 33.825000 0
138.218000 33.820000 0
138.209000 33.814000 0
138.199000 33.808000 0
138.190000 33.804000 0
138.180000 33.798000 0
138.171000 33.795000 0
138.161000 33.788000 0
138.153000 33.783000 0
138.142000 33.776000 0
138.132000 33.768000 0
138.122000 33.761000 0
138.114000 33.753000 0
138.108000 33.746000 0
138.100000 33.735000 0
138.090000 33.724000 0
138.082000 33.714000 0
138.074000 33.706000 0
138.065000 33.695000 0
138.058000 33.687000 0
138.052000 33.681000 0
138.044000 33.673000 0
138.038000 33.667000 0
138.032000 33.661000 0
138.026000 33.655000 0
138.016000 33.648000 0
138.010000 33.644000 0
138.004000 33.639000 0
138.001000 33.636000 0
137.996000 33.632000 0
137.986000 33.626000 0
137.978000 33.620000 0
137.966000 33.610000 0
137.958000 33.606000 0
137.946000 33.599000 0
137.936000 33.593000 0
137.926000 33.586000 0
137.917000 33.579000 0
137.906000 33.570000 0
137.899000 33.565000 0
137.887000 33.559000 0
137.875000 33.551000 0
137.863000 33.544000 0
137.849000 33.531000 0
137.841000 33.521000 0
137.836000 33.512000 0
137.831000 33.503000 0
137.827000 33.493000 0
137.823000 33.484000 0
137.820000 33.478000 0
137.815000 33.469000 0
137.812000 33.460000 0
137.809000 33.452000 0
137.802000 33.443000 0
137.795000 33.434000 0
137.788000 33.428000 0
137.780000 33.420000 0
137.771000 33.414000 0
137.756000 33.406000 0
137.744000 33.402000 0
137.734000 33.400000 0
137.722000 33.398000 0
137.709000 33.394000 0
137.700000 33.391000 0
137.687000 33.391000 0
137.673000 33.389000 0
137.663000 33.388000 0
137.652000 33.385000 0
137.636000 33.381000 0
137.621000 33.375000 0
137.612000 33.370000 0
137.603000 33.364000 0
137.595000 33.358000 0
137.583000 33.349000 0
137.574000 33.339000 0
137.568000 33.330000 0
137.561000 33.320000 0
137.552000 33.311000 0
137.543000 33.304000 0
137.529000 33.299000 0
137.519000 33.298000 0
137.505000 33.295000 0
137.491000 33.293000 0
137.476000 33.290000 0
137.463000 33.287000 0
137.447000 33.282000 0
137.432000 33.275000 0
137.420000 33.269000 0
137.411000 33.265000 0
137.399000 33.258000 0
137.387000 33.249000 0
137.372000 33.241000 0
137.355000 33.235000 0
137.341000 33.234000 0
137.327000 33.236000 0
137.310000 33.232000 0
137.292000 33.225000 0
137.280000 33.217000 0
137.268000 33.211000 0
137.255000 33.207000 0
137.241000 33.204000 0
137.230000 33.200000 0
137.217000 33.199000 0
137.207000 33.197000 0
137.199000 33.195000 0
137.193000 33.194000 0
137.187000 33.189000 0
137.181000 33.183000 0
137.175000 33.176000 0
137.169000 33.168000 0
137.169000 33.168000 0
137.162000 33.162000 0
137.156000 33.155000 0
137.151000 33.148000 0
137.146000 33.138000 0
137.139000 33.130000 0
137.130000 33.116000 0
137.125000 33.106000 0
137.118000 33.098000 0
137.113000 33.091000 0
137.104000 33.081000 0
137.095000 33.074000 0
137.085000 33.067000 0
137.074000 33.063000 0
137.060000 33.057000 0
137.050000 33.055000 0
137.041000 33.053000 0
137.031000 33.052000 0
137.020000 33.051000 0
137.010000 33.049000 0
137.004000 33.047000 0
137.000000 33.047000 0
136.984000 33.042000 0
136.971000 33.037000 0
136.960000 33.031000 0
136.949000 33.026000 0
136.939000 33.022000 0
136.925000 33.017000 0
136.910000 33.014000 0
136.899000 33.010000 0
136.888000 33.008000 0
136.875000 33.005000 0
136.864000 33.001000 0
136.858000 33.001000 0
136.845000 32.993000 0
136.832000 32.986000 0
136.820000 32.979000 0
136.808000 32.972000 0
136.796000 32.965000 0
136.788000 32.960000 0
136.779000 32.954000 0
136.769000 32.948000 0
136.757000 32.941000 0
136.744000 32.934000 0
136.732000 32.928000 0
136.719000 32.921000 0
136.705000 32.915000 0
136.690000 32.908000 0
136.676000 32.902000 0
136.658000 32.894000 0
136.641000 32.887000 0
136.621000 32.879000 0
136.601000 32.871000 0
136.585000 32.864000 0
136.570000 32.859000 0
136.555000 32.851000 0
136.526000 32.842000 0
136.503000 32.833000 0
136.483000 32.825000 0
136.462000 32.818000 0
136.439000 32.810000 0
136.414000 32.804000 0
136.398000 32.803000 0
136.382000 32.806000 0
136.366000 32.808000 0
136.345000 32.808000 0
136.329000 32.807000 0
136.311000 32.806000 0
136.287000 32.801000 0
136.263000 32.795000 0
136.246000 32.792000 0
136.235000 32.790000 0
136.227000 32.787000 0
136.217000 32.781000 0
136.211000 32.773000 0
136.202000 32.763000 0
136.193000 32.756000 0
136.181000 32.748000 0
136.164000 32.743000 0
136.149000 32.741000 0
136.138000 32.742000 0
136.123000 32.742000 0
136.105000 32.742000 0
136.092000 32.740000 0
136.075000 32.736000 0
136.064000 32.732000 0
136.053000 32.730000 0
136.043000 32.725000 0
136.034000 32.721000 0
136.023000 32.717000 0
136.013000 32.714000 0
136.005000 32.711000 0
135.995000 32.708000 0
135.981000 32.705000 0
135.966000 32.701000 0
135.953000 32.697000 0
135.940000 32.692000 0
135.927000 32.689000 0
135.911000 32.686000 0
135.901000 32.684000 0
135.890000 32.684000 0
135.879000 32.686000 0
135.866000 32.688000 0
135.852000 32.691000 0
135.840000 32.694000 0
135.827000 32.694000 0
135.816000 32.694000 0
135.802000 32.692000 0
135.789000 32.689000 0
135.773000 32.683000 0
135.761000 32.680000 0
135.751000 32.675000 0
135.739000 32.670000 0
135.726000 32.666000 0
135.714000 32.660000 0
135.702000 32.657000 0
135.686000 32.653000 0
135.669000 32.652000 0
135.647000 32.650000 0
135.625000 32.649000 0
135.599000 32.647000 0
135.578000 32.646000 0
135.557000 32.645000 0
135.539000 32.645000 0
135.509000 32.647000 0
135.484000 32.647000 0
135.464000 32.647000 0
135.447000 32.649000 0
135.431000 32.647000 0
135.417000 32.644000 0
135.410000 32.642000 0
135.406000 32.639000 0
135.398000 32.635000 0
135.389000 32.630000 0
135.381000 32.626000 0
135.369000 32.623000 0
135.357000 32.621000 0
135.345000 32.624000 0
135.337000 32.628000 0
135.324000 32.633000 0
135.314000 32.637000 0
135.301000 32.640000 0
135.293000 32.640000 0
135.282000 32.638000 0
135.275000 32.636000 0
135.267000 32.632000 0
135.257000 32.628000 0
135.249000 32.625000 0
135.236000 32.622000 0
135.222000 32.622000 0
135.211000 32.623000 0
135.199000 32.624000 0
135.186000 32.627000 0
135.182000 32.628000 0
135.171000 32.629000 0
135.159000 32.629000 0
135.150000 32.625000 0
135.144000 32.619000 0
135.139000 32.614000 0
135.133000 32.606000 0
135.127000 32.597000 0
135.120000 32.591000 0
135.114000 32.583000 0
135.109000 32.580000 0
135.106000 32.577000 0
135.097000 32.574000 0
135.090000 32.571000 0
135.079000 32.568000 0
135.069000 32.563000 0
135.054000 32.559000 0
135.042000 32.557000 0
135.033000 32.555000 0
135.022000 32.553000 0
135.011000 32.551000 0
135.003000 32.547000 0
134.999000 32.543000 0
134.990000 32.540000 0
134.983000 32.534000 0
134.978000 32.528000 0
134.974000 32.521000 0
134.972000 32.515000 0
134.970000 32.508000 0
134.969000 32.499000 0
134.970000 32.492000 0
134.972000 32.487000 0
134.975000 32.480000 0
134.980000 32.472000 0
134.983000 32.463000 0
134.985000 32.456000 0
134.985000 32.447000 0
134.980000 32.438000 0
134.976000 32.431000 0
134.972000 32.424000 0
134.967000 32.416000 0
134.960000 32.409000 0
134.955000 32.403000 0
134.948000 32.395000 0
134.939000 32.387000 0
134.933000 32.381000 0
134.924000 32.375000 0
134.914000 32.369000 0
134.905000 32.363000 0
134.891000 32.356000 0
134.878000 32.344000 0
134.866000 32.337000 0
134.853000 32.327000 0
134.841000 32.318000 0
134.828000 32.307000 0
134.818000 32.299000 0
134.805000 32.291000 0
134.785000 32.283000 0
134.769000 32.279000 0
134.756000 32.276000 0
134.743000 32.273000 0
134.726000 32.270000 0
134.703000 32.266000 0
134.690000 32.264000 0
134.681000 32.260000 0
134.677000 32.256000 0
134.669000 32.250000 0
134.660000 32.243000 0
134.650000 32.238000 0
134.640000 32.232000 0
134.633000 32.224000 0
134.628000 32.217000 0
134.622000 32.211000 0
134.617000 32.206000 0
134.611000 32.202000 0
134.603000 32.201000 0
134.592000 32.199000 0
134.579000 32.197000 0
134.572000 32.196000 0
134.560000 32.191000 0
134.546000 32.188000 0
134.539000 32.186000 0
134.528000 32.181000 0
134.515000 32.178000 0
134.502000 32.171000 0
134.493000 32.166000 0
134.482000 32.163000 0
134.467000 32.161000 0
134.452000 32.158000 0
134.439000 32.156000 0
134.428000 32.152000 0
134.417000 32.147000 0
134.405000 32.141000 0
134.390000 32.131000 0
134.382000 32.121000 0
134.372000 32.114000 0
134.362000 32.106000 0
134.352000 32.100000 0
134.345000 32.096000 0
134.337000 32.093000 0
134.328000 32.093000 0
134.320000 32.093000 0
134.309000 32.089000 0
134.309000 32.089000 0
134.299000 32.083000 0
134.287000 32.074000 0
134.277000 32.066000 0
134.269000 32.057000 0
134.264000 32.051000 0
134.259000 32.041000 0
134.256000 32.034000 0
134.253000 32.028000 0
134.246000 32.019000 0
134.240000 32.012000 0
134.234000 32.008000 0
134.231000 32.002000 0
134.226000 31.995000 0
134.220000 31.990000 0
134.213000 31.984000 0
134.206000 31.978000 0
134.198000 31.971000 0
134.189000 31.965000 0
134.177000 31.960000 0
134.167000 31.955000 0
134.159000 31.951000 0
134.148000 31.946000 0
134.138000 31.941000 0
134.127000 31.936000 0
134.118000 31.933000 0
134.105000 31.928000 0
134.095000 31.923000 0
134.082000 31.918000 0
134.072000 31.912000 0
134.060000 31.907000 0
134.046000 31.899000 0
134.036000 31.894000 0
134.026000 31.888000 0
134.017000 31.884000 0
134.005000 31.879000 0
133.990000 31.869000 0
133.981000 31.864000 0
133.964000 31.859000 0
133.947000 31.852000 0
133.932000 31.847000 0
133.916000 31.840000 0
133.902000 31.833000 0
133.890000 31.826000 0
133.878000 31.819000 0
133.863000 31.810000 0
133.846000 31.799000 0
133.830000 31.789000 0
133.819000 31.783000 0
133.803000 31.776000 0
133.787000 31.768000 0
133.770000 31.760000 0
133.752000 31.751000 0
133.733000 31.740000 0
133.713000 31.730000 0
133.697000 31.721000 0
133.681000 31.713000 0
133.669000 31.704000 0
133.656000 31.698000 0
133.644000 31.691000 0
133.632000 31.689000 0
133.618000 31.687000 0
133.610000 31.682000 0
133.601000 31.676000 0
133.588000 31.665000 0
133.578000 31.657000 0
133.574000 31.651000 0
133.568000 31.641000 0
133.561000 31.636000 0
133.552000 31.632000 0
133.542000 31.631000 0
133.529000 31.632000 0
133.519000 31.631000 0
133.513000 31.629000 0
133.506000 31.625000 0
133.498000 31.619000 0
133.493000 31.611000 0
133.493000 31.605000 0
133.484000 31.600000 0
133.473000 31.593000 0
133.460000 31.586000 0
133.446000 31.581000 0
133.434000 31.576000 0
133.424000 31.570000 0
133.414000 31.563000 0
133.402000 31.557000 0
133.387000 31.554000 0
133.375000 31.550000 0
133.362000 31.543000 0
133.352000 31.537000 0
133.340000 31.529000 0
133.330000 31.523000 0
133.320000 31.515000 0
133.313000 31.510000 0
133.309000 31.502000 0
133.303000 31.492000 0
133.300000 31.482000 0
133.296000 31.471000 0
133.294000 31.458000 0
133.291000 31.446000 0
133.288000 31.432000 0
133.284000 31.417000 0
133.281000 31.405000 0
133.275000 31.396000 0
133.270000 31.387000 0
133.270000 31.380000 0
133.272000 31.371000 0
133.274000 31.362000 0
133.270000 31.350000 0
133.266000 31.337000 0
133.262000 31.325000 0
133.264000 31.315000 0
133.263000 31.304000 0
133.256000 31.289000 0
133.253000 31.279000 0
133.249000 31.271000 0
133.240000 31.261000 0
133.231000 31.249000 0
133.219000 31.234000 0
133.210000 31.220000 0
133.199000 31.204000 0
133.190000 31.190000 0
133.174000 31.177000 0
133.161000 31.173000 0
133.147000 31.168000 0
133.135000 31.162000 0
133.124000 31.155000 0
133.109000 31.149000 0
133.100000 31.145000 0
133.091000 31.137000 0
133.078000 31.128000 0
133.065000 31.120000 0
133.049000 31.113000 0
133.036000 31.104000 0
133.029000 31.093000 0
133.023000 31.080000 0
132.300000 31.000000 -10
131.550000 30.900000 -20
131.275000 31.000000 -30
131.100000 31.200000 -40
131.200000 31.700000 -50
131.300000 32.000000 -50
131.400000 32.300000 -50
131.450000 32.400000 -50
131.600000 32.600000 -50
131.700000 32.800000 -50
131.730000 32.900000 -50
131.900000 33.250000 -50
132.000000 33.500000 -50
132.050000 33.700000 -50
132.060000 33.900000 -50
132.060000 33.900000 -50
132.100000 34.100000 -50
132.150000 34.200000 -50
132.200000 34.275000 -50
132.300000 34.400000 -50
132.400000 34.450000 -50
132.500000 34.500000 -50
132.600000 34.525000 -50
132.700000 34.540000 -50
133.000000 34.550000 -50
133.100000 34.550000 -50
133.200000 34.535000 -50
133.300000 34.510000 -50
133.400000 34.500000 -50
133.500000 34.500000 -50
133.600000 34.500000 -50
133.600000 34.500000 -50
133.700000 34.550000 -50
133.800000 34.580000 -50
133.900000 34.630000 -50
134.000000 34.650000 -50
134.100000 34.680000 -50
134.200000 34.685000 -50
134.300000 34.695000 -50
134.400000 34.690000 -50
134.500000 34.680000 -50
134.600000 34.650000 -50
134.700000 34.620000 -50
134.850000 34.550000 -50
134.900000 34.520000 -50
134.970000 34.450000 -50
135.025000 34.400000 -50
135.100000 34.320000 -50
135.200000 34.230000 -50
135.250000 34.200000 -50
135.300000 34.190000 -50
135.400000 34.180000 -50
135.500000 34.190000 -50
135.600000 34.230000 -50
135.700000 34.300000 -50
135.725000 34.400000 -50
135.750000 34.700000 -50
135.770000 34.800000 -50
135.800000 34.900000 -50
135.870000 35.000000 -50
135.950000 35.100000 -50
135.960000 35.200000 -50
135.970000 35.300000 -50
135.925000 35.400000 -50
135.900000 35.500000 -50
135.890000 35.600000 -50
135.880000 35.700000 -50
135.900000 35.750000 -50
135.930000 35.800000 -50
136.000000 35.860000 -50
136.100000 35.900000 -50
136.200000 35.925000 -50
136.300000 35.920000 -50
136.400000 35.900000 -50
136.500000 35.875000 -50
136.700000 35.800000 -50
136.900000 35.700000 -50
136.900000 35.700000 -50
137.000000 35.660000 -50
137.100000 35.610000 -50
137.200000 35.570000 -50
137.300000 35.525000 -50
137.400000 35.500000 -50
137.500000 35.490000 -50
137.600000 35.500000 -50
137.600000 35.500000 -50
137.900000 35.550000 -50
138.100000 35.610000 -50
138.300000 35.610000 -40
138.500000 35.600000 -30
138.600000 35.540000 -20
138.650000 35.375000 -10
138.642000 35.106000 0
