138.575 35.2 -10
138.56 35.1 -10
138.55 35.0 -10
138.530000 34.900000 -10
138.520000 34.820000 -10
138.500000 34.743000 -10
138.480000 34.700000 -10
138.460000 34.652000 -10
138.440000 34.610000 -10
138.420000 34.580000 -10
138.400000 34.540000 -10
138.380000 34.508000 -10
138.360000 34.478000 -10
138.340000 34.447000 -10
138.320000 34.422000 -10
138.300000 34.400000 -10
138.280000 34.377000 -10
138.260000 34.355000 -10
138.240000 34.332000 -10
138.220000 34.315000 -10
138.47 35.4 -20
138.45 35.3 -20
138.42 35.2 -20
138.39 35.1 -20
138.35 35.03 -20
138.3 34.97 -20
138.2 34.91 -20
138.1 34.86 -20
138.0 34.81 -20
137.9 34.76 -20
137.8 34.725 -20
137.7 34.7 -20
137.6 34.695 -20
137.5 34.685 -20
137.4 34.66 -20
137.3 34.63 -20
137.2 34.59 -20
137.1 34.55 -20
137.0 34.45 -20
136.9 34.27 -20
136.8 34.15 -20
136.7 34.1 -20
136.6 34.04 -20
136.5 33.95 -20
136.4 33.9 -20
136.3 33.84 -20
136.2 33.79 -20
136.1 33.74 -20
136.0 33.68 -20
135.9 33.62 -20
135.8 33.59 -20
135.7 33.55 -20
135.6 33.53 -20
135.5 33.52 -20
135.4 33.5 -20
135.3 33.49 -20
135.2 33.49 -20
135.1 33.495 -20
135.0 33.515 -20
134.9 33.56 -20
134.8 33.6 -20
134.7 33.66 -20
134.6 33.7 -20
134.5 33.7 -20
134.4 33.68 -20
134.3 33.66 -20
134.2 33.63 -20
134.1 33.56 -20
134.0 33.48 -20
133.9 33.43 -20
133.8 33.37 -20
133.7 33.32 -20
133.6 33.3 -20
133.5 33.275 -20
133.4 33.24 -20
133.2 33.2 -20
133.0 33.12 -20
132.8 33.025 -20
132.6 32.9 -20
132.46 32.8 -20
132.3 32.6 -20
132.1 32.435 -20
131.9 32.2 -20
131.8 31.9 -20
131.7 31.6 -20
131.6 31.3 -20
131.57 31.2 -20
131.55 30.9 -20
138.25 35.4 -30
138.2 35.35 -30
138.14 35.3 -30
138.0 35.2 -30
137.9 35.14 -30
137.8 35.085 -30
137.7 35.05 -30
137.6 35.03 -30
137.5 35.02 -30
137.4 35.005 -30
137.3 35.0 -30
137.2 35.005 -30
137.1 35.01 -30
137.0 35.045 -30
136.9 35.05 -30
136.8 35.02 -30
136.73 34.95 -30
136.7 34.9 -30
136.65 34.8 -30
136.62 34.7 -30
136.6 34.65 -30
136.5 34.57 -30
136.4 34.49 -30
136.3 34.4 -30
136.2 34.21 -30
136.1 34.1 -30
136.0 34.01 -30
135.9 33.94 -30
135.8 33.9 -30
135.7 33.86 -30
135.6 33.83 -30
135.5 33.825 -30
135.4 33.83 -30
135.3 33.84 -30
135.2 33.86 -30
135.1 33.9 -30
135.0 33.95 -30
134.9 34.0 -30
134.8 34.04 -30
134.7 34.075 -30
134.6 34.08 -30
134.5 34.09 -30
134.4 34.095 -30
134.3 34.075 -30
134.2 34.05 -30
134.1 34.025 -30
134.0 34.0 -30
133.9 33.99 -30
133.8 33.98 -30
133.7 33.97 -30
133.6 33.92 -30
133.5 33.88 -30
133.4 33.835 -30
133.3 33.775 -30
133.2 33.7 -30
133.1 33.64 -30
133.0 33.6 -30
132.9 33.55 -30
132.7 33.46 -30
132.55 33.25 -30
132.4 33.15 -30
132.3 33.1 -30
132.2 33.03 -30
132.1 32.9 -30
131.93 32.55 -30
131.8 32.4 -30
131.73 32.3 -30
131.7 32.2 -30
131.6 31.85 -30
131.45 31.5 -30
131.3 31.25 -30
131.275 31.0 -30
138.1 35.52 -40
138.05 35.5 -40
137.9 35.425 -40
137.8 35.37 -40
137.7 35.32 -40
137.55 35.28 -40
137.5 35.275 -40
137.4 35.28 -40
137.3 35.3 -40
137.2 35.325 -40
137.1 35.37 -40
137.0 35.42 -40
136.9 35.47 -40
136.1 34.8 -40
136.0 34.65 -40
135.9 34.45 -40
135.8 34.2 -40
135.7 34.1 -40
135.6 34.04 -40
135.5 34.01 -40
135.4 34.0 -40
135.3 34.01 -40
135.2 34.05 -40
135.1 34.1 -40
135.0 34.2 -40
134.9 34.28 -40
134.8 34.35 -40
134.7 34.39 -40
134.6 34.4 -40
134.5 34.41 -40
134.4 34.41 -40
134.3 34.4 -40
134.2 34.38 -40
134.1 34.34 -40
134.0 34.31 -40
133.9 34.295 -40
133.8 34.28 -40
133.7 34.28 -40
133.6 34.285 -40
133.5 34.27 -40
133.4 34.22 -40
133.3 34.185 -40
133.2 34.17 -40
133.1 34.23 -40
133.0 34.27 -40
132.9 34.3 -40
132.8 34.32 -40
132.7 34.3 -40
132.6 34.25 -40
132.5 34.2 -40
132.4 34.13 -40
132.3 34.05 -40
132.25 34.0 -40
132.22 33.9 -40
132.2 33.8 -40
132.21 33.7 -40
132.215 33.6 -40
132.21 33.5 -40
132.15 33.4 -40
132.1 33.32 -40
132.025 33.2 -40
131.975 33.1 -40
131.86 32.8 -40
131.71 32.5 -40
131.6 32.35 -40
131.5 32.15 -40
131.385 31.8 -40
131.25 31.55 -40
131.13 31.3 -40
131.1 31.2 -40
131.08 31.05 -40
136.8 35.53 -40
136.7 35.6 -40
136.6 35.67 -40
136.5 35.725 -40
136.4 35.76 -40
136.3 35.77 -40
136.2 35.76 -40
136.1 35.7 -40
136.06 35.6 -40
136.055 35.55 -40
136.06 35.5 -40
136.07 35.4 -40
136.08 35.3 -40
136.11 35.2 -40
136.13 35.1 -40
136.15 35.0 -40
136.7 35.8 -50
136.5 35.875 -50
136.4 35.9 -50
136.3 35.92 -50
136.2 35.925 -50
136.1 35.9 -50
136.0 35.86 -50
135.93 35.8 -50
135.9 35.75 -50
135.88 35.7 -50
135.89 35.6 -50
135.9 35.5 -50
135.925 35.4 -50
135.97 35.3 -50
135.3 34.19 -50
135.25 34.2 -50
135.2 34.23 -50
135.1 34.32 -50
135.025 34.4 -50
134.97 34.45 -50
134.9 34.52 -50
134.85 34.55 -50
134.7 34.62 -50
134.6 34.65 -50
134.5 34.68 -50
134.4 34.69 -50
134.3 34.695 -50
134.2 34.685 -50
133.6 34.5 -50
133.5 34.5 -50
133.4 34.5 -50
133.3 34.51 -50
133.2 34.535 -50
133.1 34.55 -50
133.0 34.55 -50
137.5 35.49 -50
137.4 35.5 -50
137.3 35.525 -50
137.2 35.57 -50
137.1 35.61 -50
137.0 35.66 -50
136.9 35.7 -50
135.96 35.2 -50
135.95 35.1 -50
135.87 35.0 -50
135.8 34.9 -50
135.77 34.8 -50
135.75 34.7 -50
135.725 34.4 -50
135.7 34.3 -50
135.6 34.23 -50
135.5 34.19 -50
135.4 34.18 -50
134.1 34.68 -50
134.0 34.65 -50
133.9 34.63 -50
133.8 34.58 -50
133.7 34.55 -50
132.06 33.9 -50
132.05 33.7 -50
132.0 33.5 -50
131.9 33.25 -50
131.73 32.9 -50
131.7 32.8 -50
131.6 32.6 -50
131.45 32.4 -50
131.4 32.3 -50
131.3 32.0 -50
131.2 31.7 -50
131.01 31.35 -50
130.91 31.08 -50
138.4 35.75 -60
138.2 35.7 -60
138.0 35.67 -60
137.8 35.65 -60
137.6 35.63 -60
137.5 35.64 -60
137.4 35.65 -60
137.3 35.67 -60
137.2 35.7 -60
137.0 35.78 -60
135.65 34.65 -60
135.64 34.5 -60
135.6 34.45 -60
135.5 34.38 -60
135.4 34.35 -60
135.3 34.325 -60
135.2 34.34 -60
130.95 31.5 -60
130.9 31.4 -60
130.775 31.12 -60
156.3 47.984 0
156.28 47.96 0
156.266 47.946 0
156.243 47.926 0
156.226 47.91 0
156.2 47.888 0
156.177 47.867 0
156.147 47.844 0
156.112 47.822 0
156.076 47.802 0
156.046 47.778 0
156.019 47.757 0
155.996 47.74 0
155.966 47.723 0
155.938 47.701 0
155.911 47.682 0
155.891 47.666 0
155.862 47.65 0
155.841 47.633 0
155.82 47.618 0
155.797 47.609 0
155.772 47.593 0
155.742 47.573 0
155.711 47.552 0
155.686 47.538 0
155.653 47.515 0
155.625 47.501 0
155.592 47.481 0
155.563 47.463 0
155.539 47.448 0
155.513 47.435 0
155.481 47.418 0
155.452 47.402 0
155.424 47.386 0
155.393 47.367 0
155.363 47.351 0
155.338 47.329 0
155.317 47.319 0
155.295 47.294 0
155.273 47.278 0
155.248 47.258 0
155.22 47.233 0
155.195 47.213 0
155.169 47.192 0
155.145 47.172 0
155.116 47.147 0
155.098 47.131 0
155.082 47.111 0
155.056 47.093 0
155.037 47.073 0
155.018 47.054 0
155.007 47.035 0
154.995 47.024 0
154.975 47.002 0
154.958 46.975 0
154.938 46.943 0
154.915 46.916 0
154.897 46.886 0
154.879 46.858 0
154.858 46.831 0
154.841 46.801 0
154.821 46.772 0
154.796 46.748 0
154.771 46.721 0
154.75 46.702 0
154.73 46.679 0
154.705 46.656 0
154.681 46.634 0
154.654 46.613 0
154.633 46.591 0
154.613 46.575 0
154.589 46.555 0
154.568 46.539 0
154.545 46.522 0
154.519 46.508 0
154.49 46.492 0
154.45 46.467 0
154.406 46.445 0
154.368 46.42 0
154.338 46.4 0
154.296 46.371 0
154.266 46.351 0
154.234 46.332 0
154.197 46.31 0
154.161 46.294 0
154.12 46.266 0
154.085 46.247 0
154.053 46.229 0
154.026 46.202 0
154.006 46.191 0
153.984 46.161 0
153.955 46.139 0
153.947 46.125 0
153.931 46.114 0
153.922 46.095 0
153.908 46.076 0
153.893 46.052 0
153.888 46.037 0
153.882 46.019 0
153.874 46.004 0
153.864 45.986 0
153.845 45.97 0
153.816 45.944 0
153.786 45.922 0
153.748 45.897 0
153.7 45.869 0
153.65 45.842 0
153.562 45.794 0
153.532 45.781 0
153.485 45.757 0
153.47 45.747 0
153.43 45.724 0
153.401 45.704 0
153.362 45.683 0
153.326 45.66 0
153.294 45.633 0
153.254 45.608 0
153.21 45.584 0
153.169 45.564 0
153.131 45.543 0
153.088 45.52 0
153.052 45.5 0
153.019 45.475 0
152.977 45.444 0
152.941 45.42 0
152.901 45.399 0
152.843 45.368 0
152.785 45.345 0
152.739 45.319 0
152.686 45.299 0
152.631 45.268 0
152.591 45.243 0
152.549 45.214 0
152.517 45.199 0
152.481 45.173 0
152.437 45.147 0
152.402 45.123 0
152.377 45.104 0
152.334 45.075 0
152.302 45.056 0
152.271 45.037 0
152.25 45.019 0
152.224 45.01 0
152.206 45 0
152.193 44.989 0
152.162 44.966 0
152.132 44.947 0
152.098 44.919 0
152.058 44.892 0
152.03 44.864 0
151.997 44.836 0
151.965 44.818 0
151.93 44.791 0
151.883 44.762 0
151.855 44.746 0
151.802 44.726 0
151.776 44.712 0
151.744 44.693 0
151.711 44.681 0
151.685 44.662 0
151.645 44.642 0
151.598 44.616 0
151.558 44.59 0
151.518 44.568 0
151.486 44.553 0
151.458 44.537 0
151.424 44.515 0
151.387 44.494 0
151.344 44.468 0
151.308 44.449 0
151.274 44.432 0
151.242 44.417 0
151.202 44.398 0
151.162 44.381 0
151.121 44.361 0
151.099 44.352 0
151.052 44.329 0
151.02 44.312 0
150.98 44.288 0
150.952 44.27 0
150.926 44.255 0
150.898 44.243 0
150.874 44.23 0
150.837 44.215 0
150.8 44.202 0
150.762 44.185 0
150.733 44.176 0
150.707 44.167 0
150.677 44.161 0
150.646 44.152 0
150.61 44.141 0
150.586 44.136 0
150.561 44.13 0
150.531 44.121 0
150.502 44.116 0
150.48 44.109 0
150.461 44.103 0
150.435 44.096 0
150.411 44.091 0
150.391 44.083 0
150.373 44.074 0
150.356 44.07 0
150.338 44.054 0
150.31 44.036 0
150.285 44.023 0
150.249 44.004 0
150.223 43.991 0
150.198 43.981 0
150.175 43.965 0
150.156 43.954 0
150.133 43.945 0
150.109 43.937 0
150.09 43.928 0
150.064 43.919 0
150.047 43.906 0
150.028 43.898 0
150.014 43.887 0
149.999 43.879 0
149.98 43.872 0
149.961 43.862 0
149.943 43.849 0
149.922 43.838 0
149.907 43.826 0
149.885 43.812 0
149.865 43.798 0
149.848 43.789 0
149.822 43.773 0
149.795 43.757 0
149.764 43.74 0
149.726 43.723 0
149.688 43.701 0
149.659 43.681 0
149.632 43.66 0
149.592 43.636 0
149.561 43.616 0
149.527 43.599 0
149.488 43.576 0
149.45 43.549 0
149.431 43.536 0
149.404 43.521 0
149.38 43.502 0
149.36 43.487 0
149.338 43.472 0
149.314 43.458 0
149.299 43.448 0
149.28 43.437 0
149.253 43.422 0
149.235 43.412 0
149.216 43.403 0
149.197 43.395 0
149.182 43.386 0
149.157 43.375 0
149.128 43.362 0
149.106 43.345 0
149.088 43.326 0
149.069 43.313 0
149.054 43.302 0
149.034 43.294 0
149.007 43.279 0
148.98 43.268 0
148.957 43.255 0
148.934 43.241 0
148.916 43.23 0
148.899 43.221 0
148.874 43.208 0
148.857 43.197 0
148.839 43.184 0
148.821 43.176 0
148.801 43.167 0
148.771 43.154 0
148.75 43.146 0
148.72 43.135 0
148.687 43.122 0
148.659 43.109 0
148.634 43.098 0
148.606 43.089 0
148.575 43.076 0
148.555 43.062 0
148.533 43.049 0
148.5 43.033 0
148.472 43.02 0
148.449 43.006 0
148.42 42.992 0
148.397 42.98 0
148.366 42.968 0
148.334 42.952 0
148.306 42.944 0
148.273 42.932 0
148.246 42.921 0
148.218 42.908 0
148.201 42.896 0
148.183 42.884 0
148.168 42.876 0
148.154 42.859 0
148.143 42.848 0
148.137 42.838 0
148.132 42.824 0
148.125 42.808 0
148.117 42.797 0
148.109 42.782 0
148.097 42.77 0
148.085 42.755 0
148.07 42.741 0
148.057 42.727 0
148.047 42.714 0
148.035 42.702 0
148.024 42.689 0
148.015 42.679 0
148.002 42.667 0
148 42.648 0
147.995 42.646 0
147.992 42.644 0
147.989 42.641 0
147.986 42.639 0
147.984 42.637 0
147.981 42.635 0
147.979 42.633 0
147.975 42.63 0
147.974 42.628 0
147.971 42.626 0
147.968 42.623 0
147.965 42.621 0
147.964 42.618 0
147.96 42.614 0
147.957 42.611 0
147.956 42.609 0
147.954 42.606 0
147.952 42.604 0
147.948 42.601 0
147.946 42.599 0
147.944 42.596 0
147.941 42.593 0
147.939 42.591 0
147.937 42.589 0
147.933 42.584 0
147.93 42.582 0
147.927 42.579 0
147.924 42.577 0
147.92 42.573 0
147.917 42.571 0
147.915 42.567 0
147.911 42.564 0
147.908 42.56 0
147.906 42.557 0
147.903 42.554 0
147.9 42.552 0
147.897 42.549 0
147.893 42.546 0
147.889 42.543 0
147.885 42.54 0
147.88 42.538 0
147.877 42.534 0
147.873 42.532 0
147.869 42.528 0
147.866 42.525 0
147.863 42.525 0
147.858 42.521 0
147.854 42.518 0
147.849 42.513 0
147.845 42.51 0
147.84 42.507 0
147.836 42.504 0
147.831 42.501 0
147.827 42.498 0
147.817 42.492 0
147.809 42.487 0
147.804 42.485 0
147.797 42.481 0
147.79 42.476 0
147.784 42.472 0
147.776 42.468 0
147.77 42.465 0
147.765 42.461 0
147.759 42.457 0
147.753 42.453 0
147.747 42.45 0
147.743 42.447 0
147.737 42.442 0
147.732 42.439 0
147.727 42.436 0
147.721 42.433 0
147.716 42.43 0
147.709 42.427 0
147.701 42.425 0
147.694 42.422 0
147.688 42.42 0
147.681 42.418 0
147.676 42.417 0
147.671 42.415 0
147.664 42.415 0
147.657 42.412 0
147.651 42.411 0
147.643 42.41 0
147.634 42.409 0
147.627 42.409 0
147.619 42.409 0
147.611 42.407 0
147.607 42.407 0
147.598 42.406 0
147.588 42.406 0
147.581 42.405 0
147.575 42.404 0
147.567 42.402 0
147.56 42.403 0
147.554 42.401 0
147.549 42.4 0
147.542 42.399 0
147.534 42.397 0
147.525 42.395 0
147.516 42.393 0
147.509 42.391 0
147.502 42.39 0
147.494 42.389 0
147.482 42.387 0
147.474 42.385 0
147.466 42.385 0
147.459 42.384 0
147.451 42.385 0
147.443 42.385 0
147.436 42.385 0
147.425 42.385 0
147.419 42.385 0
147.412 42.385 0
147.405 42.385 0
147.401 42.385 0
147.393 42.385 0
147.386 42.385 0
147.377 42.385 0
147.37 42.384 0
147.363 42.383 0
147.357 42.383 0
147.346 42.383 0
147.337 42.384 0
147.324 42.383 0
147.313 42.384 0
147.304 42.384 0
147.292 42.384 0
147.283 42.384 0
147.275 42.385 0
147.265 42.385 0
147.254 42.384 0
147.243 42.384 0
147.233 42.385 0
147.225 42.385 0
147.214 42.386 0
147.207 42.385 0
147.198 42.386 0
147.19 42.386 0
147.179 42.388 0
147.167 42.388 0
147.159 42.388 0
147.15 42.388 0
147.143 42.387 0
147.137 42.387 0
147.128 42.386 0
147.119 42.384 0
147.111 42.382 0
147.1 42.378 0
147.091 42.375 0
147.083 42.37 0
147.075 42.368 0
147.069 42.365 0
147.062 42.363 0
147.053 42.359 0
147.045 42.353 0
147.038 42.349 0
147.031 42.344 0
147.025 42.338 0
147.021 42.333 0
147.018 42.329 0
147.013 42.324 0
147.009 42.317 0
147.005 42.313 0
147.003 42.308 0
147.001 42.304 0
147 42.301 0
146.998 42.298 0
146.995 42.294 0
146.993 42.291 0
146.991 42.287 0
146.989 42.284 0
146.988 42.28 0
146.986 42.277 0
146.984 42.274 0
146.982 42.27 0
146.98 42.266 0
146.978 42.262 0
146.977 42.259 0
146.976 42.255 0
146.974 42.251 0
146.973 42.246 0
146.97 42.242 0
146.969 42.237 0
146.968 42.232 0
146.967 42.227 0
146.966 42.22 0
146.963 42.214 0
146.962 42.208 0
146.959 42.203 0
146.957 42.197 0
146.955 42.191 0
146.953 42.188 0
146.949 42.182 0
146.944 42.176 0
146.94 42.171 0
146.935 42.165 0
146.93 42.161 0
146.926 42.158 0
146.922 42.154 0
146.915 42.149 0
146.91 42.146 0
146.904 42.14 0
146.9 42.137 0
146.893 42.132 0
146.887 42.128 0
146.882 42.124 0
146.877 42.121 0
146.871 42.117 0
146.864 42.113 0
146.855 42.109 0
146.845 42.104 0
146.84 42.101 0
146.83 42.096 0
146.821 42.093 0
146.813 42.089 0
146.801 42.085 0
146.793 42.08 0
146.786 42.077 0
146.78 42.073 0
146.776 42.069 0
146.771 42.064 0
146.765 42.058 0
146.759 42.051 0
146.754 42.045 0
146.748 42.038 0
146.743 42.033 0
146.736 42.029 0
146.731 42.025 0
146.723 42.02 0
146.714 42.016 0
146.706 42.014 0
146.699 42.013 0
146.694 42.012 0
146.687 42.01 0
146.681 42.01 0
146.674 42.008 0
146.665 42.007 0
146.657 42.005 0
146.652 42.003 0
146.644 42.002 0
146.64 42.001 0
146.628 41.999 0
146.623 41.997 0
146.615 41.993 0
146.61 41.991 0
146.603 41.988 0
146.598 41.984 0
146.593 41.981 0
146.588 41.978 0
146.581 41.973 0
146.575 41.971 0
146.568 41.968 0
146.562 41.964 0
146.554 41.96 0
146.546 41.956 0
146.537 41.952 0
146.529 41.947 0
146.521 41.943 0
146.51 41.936 0
146.503 41.931 0
146.497 41.927 0
146.489 41.922 0
146.48 41.917 0
146.473 41.914 0
146.466 41.91 0
146.458 41.905 0
146.45 41.901 0
146.441 41.895 0
146.433 41.891 0
146.426 41.887 0
146.413 41.881 0
146.406 41.876 0
146.399 41.872 0
146.393 41.868 0
146.385 41.862 0
146.379 41.857 0
146.372 41.851 0
146.367 41.846 0
146.36 41.84 0
146.355 41.834 0
146.348 41.829 0
146.342 41.823 0
146.335 41.819 0
146.331 41.814 0
146.322 41.809 0
146.311 41.802 0
146.301 41.797 0
146.293 41.793 0
146.284 41.787 0
146.275 41.783 0
146.267 41.779 0
146.259 41.775 0
146.252 41.772 0
146.243 41.769 0
146.238 41.766 0
146.231 41.763 0
146.224 41.759 0
146.218 41.756 0
146.212 41.754 0
146.203 41.75 0
146.195 41.746 0
146.187 41.743 0
146.18 41.739 0
146.173 41.737 0
146.165 41.732 0
146.155 41.728 0
146.148 41.724 0
146.141 41.721 0
146.134 41.718 0
146.129 41.714 0
146.121 41.709 0
146.114 41.704 0
146.105 41.699 0
146.097 41.694 0
146.089 41.691 0
146.081 41.686 0
146.073 41.682 0
146.066 41.677 0
146.059 41.672 0
146.053 41.67 0
146.047 41.667 0
146.038 41.665 0
146.033 41.662 0
146.026 41.66 0
146.018 41.658 0
146.012 41.656 0
146.005 41.655 0
145.999 41.651 0
145.993 41.649 0
145.986 41.648 0
145.978 41.647 0
145.971 41.646 0
145.961 41.644 0
145.951 41.643 0
145.941 41.642 0
145.931 41.641 0
145.921 41.64 0
145.914 41.638 0
145.903 41.637 0
145.896 41.635 0
145.883 41.633 0
145.876 41.631 0
145.867 41.628 0
145.858 41.624 0
145.849 41.622 0
145.838 41.619 0
145.828 41.614 0
145.821 41.612 0
145.811 41.607 0
145.804 41.602 0
145.797 41.596 0
145.79 41.592 0
145.785 41.586 0
145.778 41.579 0
145.77 41.575 0
145.763 41.571 0
145.755 41.566 0
145.747 41.562 0
145.735 41.557 0
145.722 41.553 0
145.71 41.549 0
145.698 41.547 0
145.685 41.545 0
145.673 41.542 0
145.665 41.541 0
145.653 41.538 0
145.646 41.537 0
145.633 41.535 0
145.621 41.532 0
145.611 41.53 0
145.605 41.529 0
145.594 41.527 0
145.582 41.525 0
145.572 41.522 0
145.56 41.518 0
145.546 41.514 0
145.536 41.51 0
145.526 41.503 0
145.516 41.498 0
145.506 41.493 0
145.499 41.487 0
145.49 41.48 0
145.482 41.472 0
145.476 41.467 0
145.467 41.459 0
145.462 41.454 0
145.456 41.449 0
145.45 41.443 0
145.446 41.435 0
145.444 41.429 0
145.44 41.423 0
145.437 41.415 0
145.434 41.409 0
145.429 41.403 0
145.425 41.397 0
145.421 41.392 0
145.414 41.385 0
145.41 41.38 0
145.405 41.375 0
145.401 41.372 0
145.396 41.367 0
145.391 41.363 0
145.386 41.359 0
145.378 41.355 0
145.372 41.351 0
145.362 41.347 0
145.357 41.343 0
145.35 41.339 0
145.34 41.334 0
145.333 41.33 0
145.325 41.325 0
145.318 41.322 0
145.309 41.317 0
145.302 41.312 0
145.294 41.308 0
145.287 41.304 0
145.281 41.301 0
145.27 41.298 0
145.26 41.293 0
145.248 41.289 0
145.24 41.285 0
145.234 41.283 0
145.224 41.277 0
145.215 41.271 0
145.205 41.268 0
145.195 41.264 0
145.187 41.26 0
145.177 41.256 0
145.171 41.253 0
145.163 41.25 0
145.155 41.247 0
145.148 41.244 0
145.141 41.241 0
145.132 41.238 0
145.125 41.234 0
145.117 41.231 0
145.111 41.228 0
145.104 41.226 0
145.097 41.224 0
145.088 41.22 0
145.078 41.216 0
145.071 41.214 0
145.061 41.21 0
145.053 41.208 0
145.045 41.205 0
145.033 41.202 0
145.026 41.2 0
145.018 41.199 0
145.012 41.196 0
145.003 41.193 0
145 41.192 0
144.995 41.191 0
144.991 41.19 0
144.987 41.188 0
144.984 41.187 0
144.98 41.185 0
144.977 41.184 0
144.975 41.184 0
144.971 41.182 0
144.966 41.18 0
144.962 41.178 0
144.957 41.177 0
144.952 41.175 0
144.945 41.173 0
144.94 41.17 0
144.935 41.168 0
144.928 41.165 0
144.924 41.163 0
144.919 41.161 0
144.913 41.159 0
144.908 41.156 0
144.903 41.153 0
144.899 41.151 0
144.895 41.149 0
144.889 41.146 0
144.884 41.143 0
144.879 41.141 0
144.874 41.138 0
144.87 41.136 0
144.865 41.134 0
144.86 41.131 0
144.854 41.128 0
144.85 41.126 0
144.845 41.123 0
144.84 41.12 0
144.833 41.115 0
144.828 41.112 0
144.823 41.107 0
144.82 41.104 0
144.816 41.1 0
144.813 41.096 0
144.809 41.092 0
144.804 41.087 0
144.802 41.084 0
144.799 41.08 0
144.794 41.075 0
144.789 41.07 0
144.785 41.066 0
144.781 41.061 0
144.776 41.057 0
144.772 41.051 0
144.768 41.047 0
144.762 41.041 0
144.758 41.035 0
144.753 41.029 0
144.749 41.024 0
144.745 41.018 0
144.74 41.014 0
144.735 41.009 0
144.733 41.005 0
144.73 41.001 0
144.729 40.997 0
144.727 40.991 0
144.725 40.986 0
144.721 40.979 0
144.716 40.972 0
144.712 40.965 0
144.708 40.959 0
144.703 40.954 0
144.699 40.951 0
144.693 40.947 0
144.689 40.944 0
144.681 40.94 0
144.675 40.939 0
144.668 40.935 0
144.662 40.931 0
144.657 40.927 0
144.652 40.923 0
144.648 40.918 0
144.645 40.915 0
144.641 40.91 0
144.639 40.904 0
144.639 40.898 0
144.638 40.892 0
144.639 40.887 0
144.64 40.882 0
144.643 40.876 0
144.645 40.872 0
144.647 40.866 0
144.648 40.858 0
144.647 40.85 0
144.649 40.843 0
144.649 40.834 0
144.648 40.825 0
144.648 40.818 0
144.649 40.809 0
144.649 40.802 0
144.65 40.796 0
144.651 40.79 0
144.651 40.785 0
144.651 40.779 0
144.651 40.774 0
144.65 40.768 0
144.649 40.761 0
144.648 40.755 0
144.644 40.749 0
144.64 40.742 0
144.636 40.736 0
144.633 40.729 0
144.63 40.722 0
144.627 40.715 0
144.624 40.707 0
144.619 40.698 0
144.615 40.69 0
144.612 40.684 0
144.608 40.678 0
144.604 40.673 0
144.602 40.669 0
144.599 40.664 0
144.596 40.661 0
144.593 40.654 0
144.589 40.645 0
144.586 40.639 0
144.582 40.629 0
144.58 40.62 0
144.578 40.613 0
144.575 40.607 0
144.572 40.599 0
144.57 40.592 0
144.568 40.584 0
144.565 40.576 0
144.562 40.568 0
144.558 40.559 0
144.554 40.552 0
144.55 40.543 0
144.545 40.533 0
144.541 40.525 0
144.536 40.518 0
144.531 40.511 0
144.528 40.506 0
144.522 40.499 0
144.519 40.496 0
144.513 40.491 0
144.506 40.485 0
144.499 40.477 0
144.493 40.471 0
144.485 40.464 0
144.478 40.458 0
144.467 40.45 0
144.461 40.445 0
144.453 40.437 0
144.445 40.43 0
144.436 40.423 0
144.43 40.419 0
144.424 40.414 0
144.42 40.409 0
144.415 40.402 0
144.41 40.397 0
144.403 40.391 0
144.397 40.387 0
144.391 40.382 0
144.386 40.373 0
144.384 40.365 0
144.383 40.355 0
144.384 40.345 0
144.389 40.335 0
144.395 40.327 0
144.397 40.322 0
144.4 40.317 0
144.402 40.312 0
144.406 40.305 0
144.408 40.299 0
144.41 40.29 0
144.41 40.282 0
144.41 40.272 0
144.409 40.264 0
144.407 40.256 0
144.406 40.25 0
144.404 40.241 0
144.402 40.235 0
144.399 40.227 0
144.394 40.221 0
144.391 40.216 0
144.385 40.211 0
144.38 40.206 0
144.375 40.201 0
144.369 40.194 0
144.364 40.19 0
144.357 40.183 0
144.351 40.178 0
144.345 40.172 0
144.341 40.166 0
144.336 40.159 0
144.331 40.151 0
144.328 40.144 0
144.325 40.139 0
144.321 40.131 0
144.319 40.125 0
144.318 40.118 0
144.318 40.111 0
144.319 40.103 0
144.321 40.095 0
144.322 40.085 0
144.321 40.076 0
144.321 40.068 0
144.319 40.059 0
144.318 40.052 0
144.317 40.045 0
144.316 40.037 0
144.312 40.027 0
144.309 40.018 0
144.307 40.012 0
144.305 40.006 0
144.305 40.001 0
144.304 39.997 0
144.303 39.993 0
144.303 39.987 0
144.303 39.982 0
144.302 39.977 0
144.304 39.971 0
144.305 39.966 0
144.307 39.962 0
144.31 39.957 0
144.313 39.952 0
144.318 39.947 0
144.325 39.939 0
144.33 39.934 0
144.333 39.93 0
144.338 39.925 0
144.343 39.918 0
144.346 39.914 0
144.35 39.909 0
144.353 39.903 0
144.355 39.898 0
144.357 39.893 0
144.358 39.889 0
144.359 39.882 0
144.359 39.876 0
144.358 39.872 0
144.356 39.867 0
144.356 39.863 0
144.354 39.859 0
144.353 39.853 0
144.351 39.849 0
144.349 39.843 0
144.347 39.839 0
144.344 39.835 0
144.341 39.83 0
144.336 39.823 0
144.332 39.818 0
144.328 39.812 0
144.323 39.807 0
144.319 39.803 0
144.315 39.797 0
144.312 39.791 0
144.309 39.785 0
144.307 39.78 0
144.304 39.773 0
144.301 39.765 0
144.301 39.756 0
144.3 39.75 0
144.3 39.744 0
144.3 39.74 0
144.302 39.736 0
144.303 39.732 0
144.302 39.728 0
144.301 39.724 0
144.3 39.72 0
144.297 39.713 0
144.294 39.708 0
144.292 39.703 0
144.288 39.697 0
144.285 39.691 0
144.282 39.686 0
144.28 39.681 0
144.278 39.676 0
144.276 39.671 0
144.275 39.662 0
144.274 39.656 0
144.271 39.65 0
144.269 39.643 0
144.267 39.638 0
144.264 39.631 0
144.262 39.625 0
144.26 39.618 0
144.258 39.612 0
144.255 39.605 0
144.253 39.6 0
144.251 39.594 0
144.248 39.587 0
144.245 39.581 0
144.241 39.573 0
144.237 39.566 0
144.235 39.559 0
144.232 39.554 0
144.23 39.547 0
144.228 39.542 0
144.227 39.532 0
144.225 39.524 0
144.224 39.517 0
144.224 39.512 0
144.223 39.505 0
144.221 39.497 0
144.221 39.49 0
144.221 39.483 0
144.223 39.475 0
144.224 39.469 0
144.226 39.462 0
144.226 39.457 0
144.226 39.453 0
144.226 39.449 0
144.225 39.443 0
144.225 39.438 0
144.225 39.433 0
144.225 39.429 0
144.224 39.424 0
144.222 39.42 0
144.222 39.413 0
144.221 39.406 0
144.22 39.401 0
144.219 39.394 0
144.218 39.387 0
144.217 39.382 0
144.215 39.376 0
144.213 39.368 0
144.213 39.361 0
144.212 39.354 0
144.211 39.346 0
144.21 39.339 0
144.21 39.333 0
144.21 39.326 0
144.209 39.319 0
144.209 39.314 0
144.208 39.308 0
144.206 39.301 0
144.206 39.294 0
144.206 39.287 0
144.207 39.28 0
144.208 39.27 0
144.208 39.263 0
144.209 39.255 0
144.209 39.249 0
144.21 39.241 0
144.21 39.235 0
144.208 39.226 0
144.21 39.219 0
144.21 39.214 0
144.211 39.206 0
144.21 39.2 0
144.21 39.194 0
144.211 39.191 0
144.212 39.186 0
144.212 39.178 0
144.212 39.172 0
144.211 39.164 0
144.211 39.158 0
144.211 39.151 0
144.211 39.145 0
144.209 39.139 0
144.208 39.132 0
144.208 39.126 0
144.206 39.117 0
144.206 39.112 0
144.206 39.105 0
144.206 39.098 0
144.206 39.091 0
144.204 39.081 0
144.206 39.075 0
144.207 39.066 0
144.208 39.059 0
144.208 39.054 0
144.209 39.049 0
144.211 39.042 0
144.212 39.037 0
144.213 39.031 0
144.214 39.025 0
144.216 39.021 0
144.217 39.015 0
144.218 39.008 0
144.218 39.003 0
144.217 38.999 0
144.217 38.994 0
144.216 38.986 0
144.216 38.979 0
144.215 38.973 0
144.214 38.967 0
144.215 38.96 0
144.215 38.953 0
144.216 38.944 0
144.214 38.935 0
144.214 38.928 0
144.212 38.922 0
144.21 38.915 0
144.208 38.909 0
144.206 38.903 0
144.202 38.896 0
144.198 38.89 0
144.195 38.882 0
144.193 38.878 0
144.191 38.873 0
144.188 38.867 0
144.185 38.862 0
144.182 38.857 0
144.18 38.853 0
144.175 38.847 0
144.171 38.841 0
144.166 38.834 0
144.162 38.828 0
144.158 38.824 0
144.153 38.817 0
144.151 38.812 0
144.149 38.805 0
144.149 38.8 0
144.148 38.795 0
144.146 38.791 0
144.146 38.784 0
144.146 38.777 0
144.147 38.771 0
144.146 38.764 0
144.145 38.757 0
144.141 38.751 0
144.139 38.746 0
144.136 38.74 0
144.132 38.732 0
144.129 38.725 0
144.124 38.716 0
144.122 38.709 0
144.12 38.704 0
144.118 38.698 0
144.117 38.692 0
144.115 38.688 0
144.115 38.681 0
144.114 38.674 0
144.113 38.668 0
144.112 38.663 0
144.109 38.655 0
144.107 38.649 0
144.104 38.643 0
144.102 38.636 0
144.101 38.632 0
144.098 38.625 0
144.097 38.621 0
144.094 38.614 0
144.093 38.609 0
144.09 38.6 0
144.088 38.594 0
144.087 38.588 0
144.085 38.582 0
144.084 38.574 0
144.082 38.568 0
144.081 38.561 0
144.08 38.554 0
144.08 38.548 0
144.081 38.54 0
144.081 38.53 0
144.082 38.523 0
144.084 38.516 0
144.086 38.509 0
144.088 38.503 0
144.089 38.496 0
144.09 38.491 0
144.092 38.484 0
144.092 38.475 0
144.094 38.47 0
144.096 38.466 0
144.099 38.461 0
144.101 38.455 0
144.102 38.45 0
144.103 38.444 0
144.102 38.435 0
144.101 38.428 0
144.099 38.421 0
144.097 38.414 0
144.095 38.409 0
144.092 38.402 0
144.091 38.396 0
144.09 38.388 0
144.088 38.38 0
144.088 38.37 0
144.087 38.365 0
144.087 38.36 0
144.086 38.352 0
144.087 38.346 0
144.085 38.338 0
144.083 38.333 0
144.079 38.326 0
144.077 38.319 0
144.074 38.312 0
144.071 38.306 0
144.068 38.3 0
144.065 38.289 0
144.06 38.277 0
144.056 38.27 0
144.053 38.262 0
144.048 38.256 0
144.044 38.251 0
144.04 38.245 0
144.036 38.239 0
144.033 38.233 0
144.029 38.225 0
144.025 38.219 0
144.023 38.215 0
144.019 38.209 0
144.016 38.203 0
144.014 38.199 0
144.012 38.193 0
144.009 38.188 0
144.007 38.182 0
144.007 38.177 0
144.005 38.17 0
144.003 38.163 0
144.003 38.155 0
144.002 38.149 0
144 38.143 0
143.999 38.134 0
143.998 38.131 0
143.997 38.125 0
143.997 38.117 0
143.997 38.107 0
143.996 38.099 0
143.995 38.09 0
143.994 38.079 0
143.994 38.07 0
143.994 38.061 0
143.994 38.052 0
143.993 38.045 0
143.993 38.038 0
143.993 38.03 0
143.993 38.021 0
143.992 38.014 0
143.991 38.006 0
143.99 37.999 0
143.99 37.993 0
143.991 37.989 0
143.99 37.984 0
143.991 37.978 0
143.99 37.974 0
143.992 37.968 0
143.992 37.961 0
143.992 37.955 0
143.991 37.948 0
143.991 37.945 0
143.989 37.941 0
143.988 37.937 0
143.988 37.932 0
143.985 37.924 0
143.982 37.918 0
143.98 37.913 0
143.979 37.907 0
143.976 37.9 0
143.974 37.893 0
143.973 37.888 0
143.969 37.882 0
143.966 37.874 0
143.963 37.867 0
143.961 37.86 0
143.959 37.854 0
143.958 37.848 0
143.955 37.84 0
143.953 37.837 0
143.95 37.831 0
143.945 37.825 0
143.941 37.82 0
143.938 37.815 0
143.933 37.81 0
143.928 37.804 0
143.925 37.798 0
143.921 37.793 0
143.918 37.788 0
143.915 37.783 0
143.911 37.778 0
143.908 37.771 0
143.904 37.765 0
143.901 37.757 0
143.899 37.752 0
143.895 37.743 0
143.892 37.736 0
143.89 37.727 0
143.887 37.722 0
143.883 37.715 0
143.881 37.709 0
143.878 37.704 0
143.876 37.696 0
143.873 37.691 0
143.873 37.685 0
143.871 37.676 0
143.869 37.669 0
143.868 37.663 0
143.867 37.657 0
143.865 37.649 0
143.862 37.642 0
143.862 37.637 0
143.859 37.63 0
143.858 37.625 0
143.855 37.617 0
143.851 37.61 0
143.848 37.604 0
143.845 37.601 0
143.842 37.595 0
143.837 37.589 0
143.833 37.584 0
143.83 37.578 0
143.826 37.574 0
143.823 37.571 0
143.818 37.566 0
143.814 37.561 0
143.809 37.555 0
143.806 37.551 0
143.802 37.548 0
143.796 37.544 0
143.791 37.541 0
143.789 37.535 0
143.786 37.533 0
143.783 37.531 0
143.78 37.526 0
143.777 37.523 0
143.772 37.521 0
143.769 37.517 0
143.766 37.514 0
143.762 37.51 0
143.76 37.506 0
143.757 37.501 0
143.755 37.495 0
143.753 37.491 0
143.752 37.485 0
143.751 37.48 0
143.749 37.475 0
143.748 37.47 0
143.747 37.465 0
143.746 37.461 0
143.746 37.456 0
143.745 37.45 0
143.745 37.442 0
143.746 37.437 0
143.744 37.43 0
143.744 37.422 0
143.744 37.415 0
143.742 37.41 0
143.741 37.405 0
143.74 37.398 0
143.738 37.392 0
143.736 37.386 0
143.735 37.382 0
143.733 37.377 0
143.731 37.372 0
143.729 37.366 0
143.726 37.36 0
143.725 37.355 0
143.723 37.351 0
143.721 37.346 0
143.719 37.341 0
143.715 37.338 0
143.714 37.331 0
143.71 37.328 0
143.708 37.324 0
143.705 37.321 0
143.703 37.315 0
143.701 37.312 0
143.699 37.309 0
143.695 37.304 0
143.693 37.3 0
143.691 37.296 0
143.689 37.294 0
143.687 37.29 0
143.685 37.287 0
143.684 37.283 0
143.682 37.28 0
143.678 37.275 0
143.676 37.272 0
143.674 37.267 0
143.672 37.265 0
143.67 37.259 0
143.669 37.256 0
143.668 37.251 0
143.665 37.245 0
143.664 37.24 0
143.663 37.235 0
143.66 37.231 0
143.658 37.225 0
143.657 37.221 0
143.654 37.214 0
143.652 37.207 0
143.649 37.203 0
143.647 37.198 0
143.645 37.193 0
143.644 37.19 0
143.642 37.187 0
143.64 37.183 0
143.637 37.179 0
143.633 37.175 0
143.628 37.172 0
143.624 37.169 0
143.621 37.165 0
143.618 37.162 0
143.614 37.158 0
143.61 37.154 0
143.608 37.151 0
143.605 37.147 0
143.604 37.142 0
143.6 37.137 0
143.594 37.132 0
143.588 37.127 0
143.584 37.122 0
143.581 37.117 0
143.575 37.111 0
143.569 37.104 0
143.565 37.1 0
143.558 37.094 0
143.555 37.089 0
143.55 37.084 0
143.547 37.08 0
143.541 37.074 0
143.537 37.07 0
143.533 37.065 0
143.53 37.059 0
143.524 37.052 0
143.52 37.045 0
143.517 37.039 0
143.515 37.035 0
143.514 37.03 0
143.511 37.024 0
143.507 37.019 0
143.502 37.014 0
143.5 37.01 0
143.494 37.006 0
143.493 37.003 0
143.492 37.002 0
143.489 37 0
143.486 36.995 0
143.483 36.991 0
143.48 36.986 0
143.478 36.982 0
143.476 36.977 0
143.472 36.972 0
143.469 36.967 0
143.466 36.96 0
143.461 36.953 0
143.457 36.946 0
143.453 36.939 0
143.452 36.935 0
143.448 36.93 0
143.445 36.925 0
143.442 36.92 0
143.438 36.916 0
143.433 36.911 0
143.429 36.906 0
143.424 36.901 0
143.421 36.896 0
143.417 36.891 0
143.413 36.885 0
143.408 36.878 0
143.404 36.873 0
143.4 36.866 0
143.397 36.862 0
143.395 36.855 0
143.394 36.849 0
143.391 36.843 0
143.387 36.838 0
143.384 36.83 0
143.381 36.824 0
143.377 36.82 0
143.374 36.815 0
143.37 36.808 0
143.365 36.801 0
143.359 36.796 0
143.353 36.792 0
143.347 36.786 0
143.342 36.78 0
143.337 36.773 0
143.331 36.768 0
143.327 36.763 0
143.322 36.757 0
143.319 36.752 0
143.315 36.746 0
143.314 36.742 0
143.309 36.735 0
143.306 36.728 0
143.303 36.722 0
143.299 36.715 0
143.294 36.709 0
143.288 36.701 0
143.282 36.696 0
143.279 36.691 0
143.274 36.685 0
143.268 36.678 0
143.262 36.67 0
143.256 36.664 0
143.25 36.659 0
143.244 36.654 0
143.238 36.649 0
143.232 36.643 0
143.225 36.638 0
143.22 36.632 0
143.211 36.626 0
143.204 36.62 0
143.198 36.615 0
143.19 36.607 0
143.182 36.599 0
143.172 36.592 0
143.166 36.584 0
143.161 36.579 0
143.156 36.572 0
143.148 36.568 0
143.143 36.562 0
143.137 36.556 0
143.132 36.551 0
143.127 36.546 0
143.122 36.542 0
143.118 36.538 0
143.113 36.532 0
143.11 36.529 0
143.103 36.524 0
143.099 36.519 0
143.092 36.515 0
143.086 36.51 0
143.081 36.506 0
143.076 36.503 0
143.072 36.497 0
143.068 36.493 0
143.065 36.488 0
143.061 36.483 0
143.057 36.478 0
143.052 36.473 0
143.049 36.468 0
143.046 36.465 0
143.044 36.462 0
143.04 36.456 0
143.037 36.45 0
143.033 36.446 0
143.028 36.441 0
143.023 36.433 0
143.019 36.428 0
143.017 36.421 0
143.013 36.415 0
143.01 36.411 0
143.007 36.405 0
143.005 36.4 0
143.001 36.397 0
143.001 36.394 0
142.998 36.392 0
142.993 36.388 0
142.99 36.384 0
142.987 36.381 0
142.983 36.374 0
142.98 36.371 0
142.977 36.368 0
142.973 36.365 0
142.97 36.361 0
142.965 36.357 0
142.961 36.352 0
142.957 36.348 0
142.952 36.345 0
142.948 36.341 0
142.943 36.336 0
142.939 36.332 0
142.937 36.328 0
142.933 36.323 0
142.93 36.318 0
142.927 36.311 0
142.923 36.305 0
142.92 36.298 0
142.917 36.293 0
142.914 36.288 0
142.911 36.281 0
142.907 36.275 0
142.902 36.269 0
142.9 36.263 0
142.896 36.258 0
142.893 36.253 0
142.889 36.247 0
142.885 36.241 0
142.881 36.234 0
142.878 36.229 0
142.874 36.223 0
142.871 36.216 0
142.869 36.209 0
142.865 36.204 0
142.863 36.199 0
142.859 36.193 0
142.855 36.188 0
142.85 36.182 0
142.846 36.178 0
142.841 36.172 0
142.836 36.166 0
142.832 36.16 0
142.827 36.155 0
142.821 36.149 0
142.816 36.142 0
142.81 36.138 0
142.807 36.133 0
142.801 36.127 0
142.795 36.122 0
142.791 36.116 0
142.786 36.111 0
142.781 36.106 0
142.774 36.102 0
142.769 36.097 0
142.766 36.092 0
142.761 36.085 0
142.756 36.078 0
142.752 36.073 0
142.746 36.069 0
142.743 36.065 0
142.737 36.06 0
142.734 36.057 0
142.727 36.053 0
142.719 36.049 0
142.712 36.044 0
142.706 36.04 0
142.701 36.038 0
142.692 36.035 0
142.683 36.032 0
142.676 36.031 0
142.671 36.03 0
142.664 36.028 0
142.659 36.025 0
142.654 36.022 0
142.65 36.019 0
142.645 36.016 0
142.641 36.012 0
142.635 36.009 0
142.631 36.004 0
142.627 36.001 0
142.625 35.999 0
142.622 35.999 0
142.618 35.995 0
142.615 35.993 0
142.61 35.988 0
142.607 35.985 0
142.602 35.98 0
142.598 35.976 0
142.593 35.973 0
142.588 35.969 0
142.583 35.964 0
142.577 35.956 0
142.573 35.952 0
142.569 35.947 0
142.564 35.943 0
142.56 35.939 0
142.556 35.937 0
142.552 35.932 0
142.548 35.93 0
142.544 35.926 0
142.54 35.921 0
142.537 35.918 0
142.533 35.915 0
142.529 35.912 0
142.526 35.908 0
142.52 35.903 0
142.516 35.899 0
142.512 35.894 0
142.508 35.891 0
142.504 35.886 0
142.5 35.882 0
142.495 35.877 0
142.492 35.874 0
142.488 35.869 0
142.483 35.865 0
142.48 35.862 0
142.476 35.857 0
142.475 35.853 0
142.472 35.85 0
142.469 35.847 0
142.467 35.843 0
142.465 35.84 0
142.462 35.835 0
142.461 35.832 0
142.457 35.825 0
142.454 35.821 0
142.452 35.818 0
142.449 35.813 0
142.446 35.808 0
142.445 35.803 0
142.444 35.801 0
142.443 35.795 0
142.441 35.792 0
142.441 35.787 0
142.438 35.782 0
142.436 35.776 0
142.435 35.772 0
142.434 35.768 0
142.433 35.761 0
142.431 35.754 0
142.43 35.749 0
142.431 35.744 0
142.429 35.737 0
142.429 35.731 0
142.428 35.726 0
142.427 35.721 0
142.427 35.716 0
142.426 35.711 0
142.425 35.706 0
142.424 35.701 0
142.422 35.696 0
142.421 35.691 0
142.415 35.685 0
142.413 35.682 0
142.412 35.678 0
142.408 35.673 0
142.405 35.667 0
142.4 35.663 0
142.399 35.659 0
142.396 35.656 0
142.394 35.651 0
142.392 35.648 0
142.391 35.645 0
142.389 35.642 0
142.387 35.636 0
142.385 35.634 0
142.383 35.63 0
142.381 35.627 0
142.378 35.624 0
142.376 35.619 0
142.374 35.615 0
142.372 35.612 0
142.37 35.609 0
142.367 35.605 0
142.364 35.601 0
142.362 35.598 0
142.36 35.593 0
142.357 35.59 0
142.355 35.586 0
142.353 35.582 0
142.353 35.578 0
142.351 35.574 0
142.35 35.569 0
142.349 35.564 0
142.349 35.557 0
142.349 35.554 0
142.349 35.551 0
142.349 35.546 0
142.349 35.541 0
142.349 35.539 0
142.348 35.535 0
142.347 35.53 0
142.347 35.527 0
142.347 35.523 0
142.345 35.519 0
142.343 35.514 0
142.34 35.508 0
142.339 35.507 0
142.336 35.504 0
142.331 35.503 0
142.322 35.498 0
142.318 35.494 0
142.313 35.491 0
142.307 35.486 0
142.302 35.482 0
142.294 35.476 0
142.29 35.471 0
142.285 35.464 0
142.278 35.457 0
142.272 35.451 0
142.267 35.447 0
142.262 35.442 0
142.257 35.437 0
142.25 35.428 0
142.244 35.422 0
142.239 35.415 0
142.235 35.408 0
142.231 35.403 0
142.227 35.397 0
142.222 35.388 0
142.219 35.382 0
142.217 35.374 0
142.214 35.365 0
142.213 35.355 0
142.213 35.346 0
142.212 35.338 0
142.211 35.328 0
142.211 35.321 0
142.211 35.31 0
142.211 35.296 0
142.209 35.286 0
142.208 35.277 0
142.206 35.267 0
142.206 35.259 0
142.206 35.252 0
142.204 35.244 0
142.203 35.238 0
142.201 35.231 0
142.199 35.225 0
142.198 35.219 0
142.193 35.212 0
142.19 35.205 0
142.186 35.196 0
142.183 35.189 0
142.179 35.177 0
142.178 35.171 0
142.176 35.163 0
142.171 35.152 0
142.166 35.14 0
142.166 35.13 0
142.164 35.121 0
142.164 35.111 0
142.163 35.1 0
142.162 35.089 0
142.162 35.077 0
142.161 35.068 0
142.162 35.058 0
142.161 35.049 0
142.16 35.041 0
142.159 35.03 0
142.159 35.02 0
142.158 35.013 0
142.158 35.005 0
142.16 34.995 0
142.16 34.991 0
142.159 34.985 0
142.16 34.979 0
142.159 34.971 0
142.159 34.964 0
142.159 34.958 0
142.159 34.951 0
142.159 34.942 0
142.159 34.934 0
142.158 34.926 0
142.157 34.919 0
142.157 34.911 0
142.157 34.903 0
142.156 34.893 0
142.155 34.884 0
142.153 34.875 0
142.152 34.869 0
142.151 34.864 0
142.148 34.857 0
142.146 34.849 0
142.143 34.842 0
142.14 34.834 0
142.137 34.829 0
142.136 34.824 0
142.132 34.818 0
142.128 34.813 0
142.123 34.808 0
142.118 34.802 0
142.116 34.798 0
142.111 34.791 0
142.107 34.783 0
142.104 34.779 0
142.1 34.771 0
142.097 34.764 0
142.092 34.756 0
142.088 34.749 0
142.086 34.743 0
142.084 34.738 0
142.082 34.73 0
142.079 34.721 0
142.078 34.716 0
142.077 34.708 0
142.077 34.7 0
142.077 34.692 0
142.077 34.682 0
142.079 34.67 0
142.084 34.658 0
142.087 34.648 0
142.09 34.639 0
142.094 34.627 0
142.097 34.616 0
142.1 34.605 0
142.101 34.592 0
142.099 34.584 0
142.096 34.574 0
142.091 34.565 0
142.086 34.558 0
142.081 34.55 0
142.077 34.542 0
142.072 34.533 0
142.066 34.525 0
142.06 34.516 0
142.055 34.506 0
142.05 34.497 0
142.044 34.487 0
142.039 34.473 0
142.032 34.458 0
142.027 34.444 0
142.023 34.438 0
142.02 34.432 0
142.016 34.426 0
142.01 34.417 0
142.008 34.412 0
142.004 34.405 0
142.001 34.401 0
141.997 34.39 0
141.993 34.382 0
141.989 34.372 0
141.985 34.361 0
141.98 34.351 0
141.977 34.34 0
141.973 34.334 0
141.967 34.322 0
141.961 34.31 0
141.958 34.301 0
141.954 34.291 0
141.952 34.281 0
141.947 34.269 0
141.944 34.261 0
141.941 34.251 0
141.939 34.242 0
141.937 34.236 0
141.934 34.228 0
141.932 34.224 0
141.93 34.216 0
141.929 34.209 0
141.932 34.199 0
141.931 34.189 0
141.934 34.181 0
141.937 34.174 0
141.941 34.167 0
141.946 34.161 0
141.949 34.154 0
141.953 34.147 0
141.956 34.138 0
141.958 34.131 0
141.959 34.122 0
141.96 34.115 0
141.96 34.107 0
141.96 34.099 0
141.957 34.088 0
141.955 34.081 0
141.952 34.071 0
141.949 34.065 0
141.947 34.06 0
141.946 34.054 0
141.943 34.047 0
141.939 34.04 0
141.936 34.033 0
141.934 34.027 0
141.932 34.02 0
141.93 34.014 0
141.928 34.007 0
141.926 34 0
141.924 33.996 0
141.923 33.99 0
141.92 33.983 0
141.917 33.975 0
141.914 33.965 0
141.912 33.956 0
141.91 33.948 0
141.909 33.939 0
141.908 33.932 0
141.908 33.924 0
141.907 33.917 0
141.907 33.908 0
141.907 33.901 0
141.907 33.894 0
141.908 33.888 0
141.91 33.88 0
141.91 33.872 0
141.913 33.865 0
141.913 33.853 0
141.915 33.843 0
141.917 33.834 0
141.919 33.825 0
141.922 33.815 0
141.923 33.806 0
141.928 33.797 0
141.932 33.787 0
141.938 33.776 0
141.943 33.768 0
141.948 33.76 0
141.951 33.752 0
141.955 33.743 0
141.959 33.738 0
141.963 33.73 0
141.966 33.722 0
141.969 33.714 0
141.972 33.704 0
141.974 33.695 0
141.974 33.685 0
141.975 33.676 0
141.976 33.667 0
141.976 33.656 0
141.978 33.643 0
141.978 33.634 0
141.977 33.626 0
141.977 33.619 0
141.978 33.612 0
141.977 33.599 0
141.975 33.589 0
141.973 33.581 0
141.973 33.571 0
141.973 33.562 0
141.972 33.554 0
141.973 33.546 0
141.974 33.537 0
141.975 33.531 0
141.978 33.521 0
141.979 33.513 0
141.982 33.504 0
141.986 33.496 0
141.991 33.489 0
141.999 33.481 0
142.006 33.474 0
142.014 33.465 0
142.02 33.46 0
142.026 33.454 0
142.033 33.447 0
142.039 33.439 0
142.042 33.431 0
142.047 33.423 0
142.051 33.414 0
142.054 33.405 0
142.06 33.394 0
142.062 33.381 0
142.064 33.373 0
142.064 33.365 0
142.065 33.356 0
142.067 33.343 0
142.069 33.335 0
142.071 33.326 0
142.072 33.317 0
142.074 33.307 0
142.075 33.299 0
142.076 33.288 0
142.077 33.275 0
142.078 33.263 0
142.08 33.253 0
142.083 33.24 0
142.083 33.225 0
142.084 33.214 0
142.085 33.202 0
142.086 33.19 0
142.089 33.18 0
142.092 33.17 0
142.093 33.162 0
142.094 33.151 0
142.095 33.144 0
142.096 33.129 0
142.096 33.12 0
142.097 33.107 0
142.098 33.094 0
142.098 33.083 0
142.099 33.071 0
142.1 33.06 0
142.101 33.051 0
142.102 33.041 0
142.103 33.031 0
142.104 33.023 0
142.104 33.013 0
142.105 33.006 0
142.105 33 0
142.105 32.994 0
142.105 32.988 0
142.105 32.98 0
142.105 32.974 0
142.104 32.964 0
142.102 32.957 0
142.101 32.948 0
142.1 32.938 0
142.097 32.927 0
142.093 32.914 0
142.089 32.903 0
142.086 32.895 0
142.082 32.887 0
142.078 32.879 0
142.072 32.866 0
142.068 32.854 0
142.063 32.845 0
142.058 32.834 0
142.055 32.824 0
142.052 32.814 0
142.049 32.804 0
142.047 32.794 0
142.045 32.783 0
142.042 32.774 0
142.04 32.765 0
142.036 32.752 0
142.036 32.743 0
142.035 32.733 0
142.035 32.722 0
142.034 32.711 0
142.035 32.701 0
142.036 32.689 0
142.04 32.676 0
142.043 32.661 0
142.047 32.65 0
142.053 32.635 0
142.061 32.619 0
142.071 32.604 0
142.079 32.59 0
142.086 32.578 0
142.094 32.568 0
142.104 32.556 0
142.112 32.546 0
142.12 32.536 0
142.128 32.526 0
142.136 32.516 0
142.144 32.508 0
142.15 32.499 0
142.157 32.489 0
142.165 32.475 0
142.171 32.465 0
142.179 32.454 0
142.187 32.444 0
142.192 32.434 0
142.197 32.425 0
142.202 32.416 0
142.207 32.404 0
142.21 32.394 0
142.211 32.38 0
142.212 32.37 0
142.213 32.357 0
142.214 32.346 0
142.212 32.332 0
142.21 32.321 0
142.206 32.31 0
142.199 32.298 0
142.192 32.285 0
142.185 32.274 0
142.178 32.265 0
142.171 32.256 0
142.164 32.248 0
142.158 32.24 0
142.153 32.231 0
142.149 32.221 0
142.144 32.207 0
142.139 32.193 0
142.136 32.179 0
142.132 32.165 0
142.131 32.154 0
142.129 32.143 0
142.128 32.134 0
142.127 32.12 0
142.126 32.108 0
142.124 32.094 0
142.123 32.083 0
142.122 32.072 0
142.123 32.059 0
142.121 32.049 0
142.121 32.036 0
142.12 32.024 0
142.121 32.015 0
142.121 32.004 0
142.121 31.999 0
142.127 31.959 0
142.128 31.935 0
142.133 31.904 0
142.133 31.881 0
142.133 31.853 0
142.134 31.828 0
142.134 31.8 0
142.139 31.779 0
142.141 31.76 0
142.147 31.733 0
142.153 31.712 0
142.162 31.693 0
142.168 31.666 0
142.175 31.641 0
142.179 31.62 0
142.178 31.594 0
142.175 31.57 0
142.175 31.55 0
142.173 31.522 0
142.173 31.507 0
142.174 31.491 0
142.176 31.482 0
142.179 31.459 0
142.185 31.441 0
142.188 31.423 0
142.197 31.394 0
142.206 31.372 0
142.212 31.345 0
142.217 31.323 0
142.223 31.297 0
142.228 31.266 0
142.233 31.237 0
142.23 31.187 0
142.224 31.156 0
142.224 31.13 0
142.221 31.099 0
142.219 31.074 0
142.217 31.051 0
142.221 31.032 0
142.223 31.017 0
142.227 31.005 0
142.235 30.976 0
142.25 30.944 0
142.268 30.91 0
142.28 30.879 0
142.292 30.849 0
142.298 30.825 0
142.307 30.803 0
142.317 30.775 0
142.333 30.739 0
142.344 30.711 0
142.352 30.689 0
142.356 30.66 0
142.367 30.623 0
142.375 30.58 0
142.382 30.541 0
142.384 30.502 0
142.39 30.472 0
142.395 30.44 0
142.403 30.403 0
142.405 30.374 0
142.405 30.343 0
142.405 30.312 0
142.4 30.29 0
142.397 30.28 0
142.4 30.272 0
142.401 30.259 0
142.419 30.232 0
142.447 30.209 0
142.485 30.172 0
142.502 30.145 0
142.519 30.119 0
142.531 30.099 0
142.538 30.078 0
142.546 30.056 0
142.558 30.033 0
142.564 30.016 0
142.571 30.002 0
142.575 29.952 0
142.582 29.928 0
142.59 29.911 0
142.593 29.896 0
142.602 29.868 0
142.603 29.845 0
142.607 29.82 0
142.609 29.789 0
142.612 29.757 0
142.61 29.722 0
142.613 29.694 0
142.617 29.666 0
142.624 29.63 0
142.631 29.601 0
142.643 29.568 0
142.657 29.537 0
142.677 29.504 0
142.704 29.469 0
142.736 29.436 0
142.766 29.401 0
142.791 29.364 0
142.807 29.332 0
142.823 29.288 0
142.838 29.251 0
142.845 29.211 0
142.85 29.173 0
142.867 29.126 0
142.878 29.091 0
142.891 29.053 0
142.91 29.014 0
142.921 28.986 0
142.937 28.955 0
142.952 28.925 0
142.967 28.89 0
142.987 28.856 0
143.001 28.83 0
143.021 28.788 0
143.038 28.758 0
143.062 28.711 0
143.091 28.669 0
143.117 28.624 0
143.139 28.583 0
143.17 28.528 0
143.183 28.501 0
143.196 28.474 0
143.202 28.454 0
143.213 28.425 0
143.227 28.378 0
143.234 28.342 0
143.242 28.311 0
143.247 28.274 0
143.253 28.238 0
143.258 28.2 0
143.258 28.158 0
143.261 28.124 0
143.262 28.086 0
143.267 28.047 0
143.275 27.993 0
143.293 27.947 0
143.314 27.901 0
143.336 27.86 0
143.363 27.832 0
143.384 27.798 0
143.409 27.75 0
143.426 27.709 0
143.441 27.661 0
143.453 27.607 0
143.455 27.572 0
143.458 27.54 0
143.458 27.503 0
143.455 27.464 0
143.446 27.428 0
143.438 27.395 0
143.43 27.366 0
143.417 27.33 0
143.401 27.294 0
143.384 27.257 0
143.377 27.229 0
143.368 27.183 0
143.368 27.151 0
143.365 27.111 0
143.35 27.066 0
143.343 27.029 0
143.333 26.979 0
143.325 26.938 0
143.323 26.905 0
143.323 26.878 0
143.315 26.839 0
143.316 26.812 0
143.316 26.789 0
143.315 26.764 0
143.313 26.739 0
143.309 26.711 0
143.303 26.684 0
143.288 26.657 0
143.283 26.634 0
143.278 26.612 0
143.274 26.578 0
143.265 26.536 0
143.258 26.492 0
143.244 26.444 0
143.235 26.401 0
143.228 26.358 0
143.215 26.304 0
143.205 26.23 0
143.196 26.175 0
143.187 26.14 0
143.18 26.088 0
143.171 26.044 0
143.163 25.996 0
143.152 25.935 0
143.144 25.89 0
143.139 25.839 0
143.132 25.787 0
143.126 25.74 0
143.127 25.688 0
143.124 25.64 0
143.126 25.59 0
143.133 25.529 0
143.144 25.488 0
143.159 25.449 0
143.182 25.412 0
143.2 25.372 0
143.22 25.333 0
143.232 25.289 0
143.247 25.251 0
143.249 25.211 0
143.254 25.178 0
143.254 25.131 0
143.256 25.093 0
143.263 25.043 0
143.272 25.011 0
143.277 24.999 0
143.279 24.984 0
143.289 24.954 0
143.306 24.911 0
143.319 24.867 0
143.332 24.826 0
143.346 24.791 0
143.356 24.747 0
143.354 24.717 0
143.36 24.681 0
143.366 24.649 0
143.375 24.623 0
143.389 24.588 0
143.402 24.563 0
143.415 24.536 0
143.426 24.512 0
143.425 24.486 0
143.425 24.457 0
143.426 24.424 0
143.421 24.385 0
143.409 24.358 0
143.397 24.328 0
143.388 24.302 0
143.38 24.272 0
143.391 24.254 0
143.402 24.245 0
143.415 24.229 0
143.435 24.216 0
143.459 24.199 0
143.489 24.185 0
143.523 24.174 0
143.554 24.168 0
143.584 24.159 0
143.617 24.15 0
143.649 24.138 0
143.68 24.123 0
143.707 24.097 0
143.737 24.066 0
143.778 24.024 0
143.803 23.999 0
143.829 23.979 0
143.854 23.954 0
143.879 23.936 0
143.918 23.906 0
143.954 23.872 0
143.997 23.838 0
144.033 23.816 0
144.069 23.793 0
144.11 23.767 0
144.15 23.737 0
144.182 23.719 0
144.21 23.691 0
144.23 23.669 0
144.262 23.643 0
144.285 23.616 0
144.319 23.588 0
144.353 23.556 0
144.385 23.527 0
144.42 23.498 0
144.443 23.474 0
144.471 23.449 0
144.504 23.419 0
144.542 23.387 0
144.588 23.352 0
144.639 23.307 0
144.688 23.265 0
144.72 23.233 0
144.753 23.206 0
144.784 23.175 0
144.812 23.147 0
144.844 23.117 0
144.872 23.095 0
144.895 23.074 0
144.925 23.052 0
144.956 23.027 0
144.98 23.004 0
145.017 22.984 0
145.044 22.963 0
145.074 22.948 0
145.104 22.935 0
145.122 22.922 0
145.16 22.897 0
145.188 22.872 0
145.216 22.846 0
145.247 22.822 0
145.273 22.797 0
145.304 22.77 0
145.331 22.746 0
145.357 22.712 0
145.384 22.683 0
145.412 22.658 0
145.442 22.633 0
145.482 22.596 0
145.512 22.574 0
145.539 22.554 0
145.573 22.53 0
145.606 22.51 0
145.645 22.481 0
145.683 22.459 0
145.719 22.436 0
145.775 22.408 0
145.817 22.38 0
145.86 22.355 0
145.91 22.328 0
145.954 22.302 0
146.013 22.261 0
146.065 22.227 0
146.097 22.206 0
146.127 22.187 0
146.161 22.166 0
146.198 22.137 0
146.234 22.111 0
146.273 22.08 0
146.308 22.059 0
146.34 22.036 0
146.383 22.005 0
146.42 21.968 0
146.461 21.937 0
146.499 21.902 0
146.55 21.858 0
146.584 21.82 0
146.612 21.789 0
146.641 21.76 0
146.672 21.718 0
146.691 21.686 0
146.716 21.648 0
146.733 21.614 0
146.752 21.577 0
146.771 21.541 0
146.78 21.515 0
146.795 21.481 0
146.801 21.45 0
146.808 21.416 0
146.806 21.39 0
146.805 21.366 0
146.803 21.342 0
146.8 21.317 0
146.801 21.289 0
146.797 21.263 0
146.794 21.231 0
146.789 21.203 0
146.784 21.177 0
146.779 21.143 0
146.784 21.109 0
146.782 21.082 0
146.783 21.049 0
146.784 21.017 0
146.784 20.972 0
146.784 20.93 0
146.787 20.891 0
146.79 20.85 0
146.796 20.81 0
146.798 20.771 0
146.8 20.734 0
146.811 20.708 0
146.827 20.683 0
146.846 20.669 0
146.866 20.647 0
146.892 20.624 0
146.917 20.604 0
146.952 20.579 0
146.984 20.544 0
147.017 20.504 0
147.046 20.467 0
147.068 20.425 0
147.082 20.383 0
147.097 20.337 0
147.112 20.288 0
147.13 20.236 0
147.152 20.175 0
147.164 20.149 0
147.177 20.124 0
147.201 20.092 0
147.213 20.069 0
147.229 20.047 0
147.244 20.028 0
147.252 20.017 0
139.189 35.254 0
139.192 35.251 0
139.193 35.249 0
139.195 35.246 0
139.197 35.243 0
139.2 35.24 0
139.202 35.237 0
139.204 35.235 0
139.207 35.231 0
139.21 35.229 0
139.212 35.226 0
139.215 35.223 0
139.219 35.221 0
139.222 35.218 0
139.223 35.215 0
139.226 35.211 0
139.228 35.209 0
139.231 35.206 0
139.234 35.202 0
139.237 35.198 0
139.241 35.194 0
139.243 35.19 0
139.245 35.187 0
139.248 35.183 0
139.251 35.179 0
139.253 35.176 0
139.256 35.173 0
139.259 35.169 0
139.261 35.166 0
139.264 35.162 0
139.268 35.158 0
139.271 35.155 0
139.275 35.152 0
139.279 35.147 0
139.283 35.144 0
139.286 35.138 0
139.29 35.133 0
139.293 35.129 0
139.297 35.124 0
139.302 35.118 0
139.305 35.115 0
139.31 35.11 0
139.315 35.104 0
139.319 35.1 0
139.322 35.096 0
139.33 35.088 0
139.335 35.083 0
139.339 35.078 0
139.342 35.074 0
139.344 35.07 0
139.344 35.067 0
139.346 35.063 0
139.346 35.059 0
139.346 35.055 0
139.345 35.05 0
139.344 35.045 0
139.344 35.039 0
139.343 35.036 0
139.341 35.034 0
139.34 35.031 0
139.339 35.027 0
139.338 35.023 0
139.336 35.019 0
139.334 35.016 0
139.333 35.014 0
139.332 35.011 0
139.332 35.009 0
139.331 35.006 0
139.33 35.004 0
139.329 35.001 0
139.328 34.994 0
139.328 34.99 0
139.327 34.988 0
139.328 34.985 0
139.328 34.982 0
139.328 34.978 0
139.328 34.975 0
139.328 34.972 0
139.33 34.968 0
139.331 34.962 0
139.333 34.959 0
139.335 34.955 0
139.336 34.951 0
139.338 34.946 0
139.341 34.941 0
139.343 34.937 0
139.345 34.934 0
139.348 34.93 0
139.351 34.926 0
139.354 34.922 0
139.358 34.917 0
139.362 34.912 0
139.367 34.908 0
139.372 34.903 0
139.377 34.9 0
139.382 34.895 0
139.388 34.893 0
139.395 34.889 0
139.402 34.885 0
139.408 34.882 0
139.415 34.879 0
139.423 34.877 0
139.431 34.875 0
139.436 34.873 0
139.442 34.871 0
139.448 34.867 0
139.453 34.866 0
139.459 34.863 0
139.467 34.859 0
139.475 34.856 0
139.481 34.852 0
139.489 34.849 0
139.495 34.845 0
139.501 34.841 0
139.506 34.838 0
139.514 34.833 0
139.523 34.829 0
139.532 34.826 0
139.539 34.822 0
139.546 34.819 0
139.553 34.817 0
139.559 34.814 0
139.565 34.809 0
139.571 34.804 0
139.577 34.796 0
139.581 34.791 0
139.584 34.785 0
139.587 34.779 0
139.588 34.772 0
139.59 34.766 0
139.593 34.759 0
139.597 34.751 0
139.6 34.743 0
139.603 34.736 0
139.607 34.727 0
139.61 34.722 0
139.615 34.717 0
139.621 34.712 0
139.627 34.706 0
139.633 34.703 0
139.638 34.7 0
139.643 34.697 0
139.649 34.695 0
139.655 34.694 0
139.661 34.692 0
139.666 34.691 0
139.674 34.689 0
139.68 34.688 0
139.687 34.687 0
139.694 34.686 0
139.705 34.685 0
139.715 34.684 0
139.725 34.683 0
139.734 34.681 0
139.743 34.68 0
139.751 34.677 0
139.764 34.677 0
139.773 34.676 0
139.781 34.675 0
139.795 34.673 0
139.803 34.673 0
139.816 34.671 0
139.829 34.67 0
139.838 34.668 0
139.848 34.668 0
139.856 34.668 0
139.865 34.671 0
139.875 34.673 0
139.886 34.676 0
139.893 34.68 0
139.902 34.684 0
139.913 34.688 0
139.93 34.692 0
139.939 34.694 0
139.947 34.695 0
139.954 34.696 0
139.963 34.698 0
139.969 34.699 0
139.977 34.701 0
139.984 34.704 0
139.989 34.709 0
139.993 34.711 0
140 34.716 0
140.005 34.719 0
140.009 34.722 0
140.014 34.726 0
140.021 34.73 0
140.03 34.739 0
140.038 34.746 0
140.047 34.751 0
140.054 34.756 0
140.064 34.759 0
140.071 34.762 0
140.078 34.765 0
140.085 34.767 0
140.094 34.771 0
140.101 34.772 0
140.106 34.772 0
140.115 34.771 0
140.123 34.768 0
140.13 34.766 0
140.138 34.763 0
140.145 34.76 0
140.151 34.756 0
140.157 34.753 0
140.165 34.749 0
140.171 34.745 0
140.176 34.742 0
140.181 34.739 0
140.183 34.737 0
140.191 34.732 0
140.2 34.73 0
140.208 34.728 0
140.215 34.725 0
140.225 34.723 0
140.234 34.722 0
140.244 34.721 0
140.253 34.72 0
140.26 34.72 0
140.269 34.72 0
140.275 34.72 0
140.282 34.718 0
140.287 34.716 0
140.293 34.714 0
140.299 34.711 0
140.304 34.708 0
140.309 34.706 0
140.314 34.703 0
140.318 34.699 0
140.321 34.696 0
140.327 34.693 0
140.335 34.689 0
140.343 34.686 0
140.349 34.683 0
140.355 34.68 0
140.361 34.677 0
140.366 34.674 0
140.372 34.67 0
140.381 34.668 0
140.387 34.666 0
140.393 34.662 0
140.402 34.66 0
140.409 34.656 0
140.416 34.653 0
140.423 34.649 0
140.429 34.645 0
140.436 34.641 0
140.448 34.636 0
140.457 34.631 0
140.464 34.627 0
140.471 34.625 0
140.477 34.622 0
140.485 34.62 0
140.492 34.617 0
140.499 34.614 0
140.504 34.612 0
140.511 34.609 0
140.516 34.607 0
140.522 34.605 0
140.527 34.602 0
140.532 34.599 0
140.538 34.596 0
140.546 34.594 0
140.554 34.59 0
140.562 34.586 0
140.567 34.585 0
140.573 34.582 0
140.58 34.58 0
140.586 34.578 0
140.593 34.575 0
140.599 34.572 0
140.606 34.569 0
140.612 34.566 0
140.62 34.562 0
140.625 34.559 0
140.628 34.555 0
140.633 34.55 0
140.639 34.547 0
140.642 34.544 0
140.65 34.539 0
140.656 34.535 0
140.663 34.531 0
140.671 34.526 0
140.678 34.52 0
140.687 34.518 0
140.697 34.516 0
140.706 34.515 0
140.712 34.515 0
140.72 34.515 0
140.727 34.518 0
140.733 34.518 0
140.74 34.519 0
140.749 34.519 0
140.757 34.521 0
140.767 34.522 0
140.775 34.523 0
140.787 34.524 0
140.795 34.525 0
140.803 34.525 0
140.808 34.525 0
140.816 34.522 0
140.825 34.521 0
140.836 34.518 0
140.844 34.517 0
140.85 34.513 0
140.856 34.509 0
140.86 34.507 0
140.865 34.504 0
140.87 34.501 0
140.876 34.5 0
140.885 34.5 0
140.895 34.501 0
140.904 34.503 0
140.912 34.505 0
140.919 34.508 0
140.926 34.511 0
140.931 34.514 0
140.939 34.515 0
140.945 34.517 0
140.952 34.518 0
140.958 34.517 0
140.962 34.518 0
140.966 34.516 0
140.973 34.515 0
140.98 34.512 0
140.986 34.509 0
140.991 34.505 0
140.995 34.504 0
140.997 34.502 0
141.002 34.502 0
141.009 34.498 0
141.017 34.495 0
141.025 34.494 0
141.036 34.492 0
141.047 34.492 0
141.053 34.493 0
141.059 34.493 0
141.064 34.494 0
141.075 34.495 0
141.083 34.496 0
141.093 34.499 0
141.099 34.5 0
141.107 34.502 0
141.116 34.504 0
141.126 34.504 0
141.133 34.506 0
141.143 34.506 0
141.155 34.508 0
141.165 34.508 0
141.177 34.508 0
141.186 34.506 0
141.197 34.506 0
141.208 34.504 0
141.216 34.501 0
141.227 34.498 0
141.239 34.493 0
141.25 34.488 0
141.258 34.483 0
141.269 34.476 0
141.283 34.469 0
141.289 34.465 0
141.297 34.459 0
141.302 34.455 0
141.307 34.45 0
141.313 34.445 0
141.321 34.438 0
141.329 34.431 0
141.336 34.424 0
141.343 34.419 0
141.35 34.413 0
141.359 34.407 0
141.369 34.399 0
141.374 34.395 0
141.383 34.387 0
141.39 34.379 0
141.398 34.371 0
141.405 34.365 0
141.412 34.357 0
141.423 34.346 0
141.432 34.34 0
141.444 34.333 0
141.453 34.326 0
141.459 34.321 0
141.469 34.317 0
141.478 34.311 0
141.488 34.307 0
141.498 34.301 0
141.51 34.296 0
141.519 34.293 0
141.529 34.289 0
141.543 34.285 0
141.558 34.284 0
141.567 34.283 0
141.579 34.282 0
141.586 34.282 0
141.595 34.282 0
141.605 34.282 0
141.614 34.282 0
141.625 34.283 0
141.634 34.285 0
141.646 34.286 0
141.655 34.287 0
141.664 34.286 0
141.676 34.284 0
141.688 34.283 0
141.7 34.281 0
141.71 34.278 0
141.718 34.275 0
141.727 34.273 0
141.738 34.269 0
141.75 34.266 0
141.76 34.261 0
141.772 34.257 0
141.781 34.255 0
141.792 34.251 0
141.804 34.248 0
141.812 34.245 0
141.823 34.241 0
141.833 34.238 0
141.843 34.233 0
141.852 34.229 0
141.862 34.226 0
141.871 34.223 0
141.879 34.22 0
141.887 34.218 0
141.898 34.214 0
141.906 34.212 0
141.913 34.21 0
141.919 34.209 0
141.926 34.208 0
138.642 35.106 0
138.642 35.1 0
138.643 35.092 0
138.643 35.084 0
138.643 35.078 0
138.644 35.072 0
138.644 35.067 0
138.645 35.061 0
138.645 35.055 0
138.646 35.047 0
138.646 35.042 0
138.647 35.033 0
138.647 35.027 0
138.648 35.018 0
138.648 35.013 0
138.647 35.006 0
138.647 35.001 0
138.648 34.996 0
138.648 34.991 0
138.648 34.983 0
138.647 34.975 0
138.647 34.966 0
138.646 34.958 0
138.646 34.951 0
138.643 34.942 0
138.641 34.934 0
138.639 34.924 0
138.64 34.916 0
138.64 34.908 0
138.639 34.902 0
138.639 34.895 0
138.638 34.888 0
138.639 34.88 0
138.638 34.872 0
138.634 34.864 0
138.631 34.857 0
138.628 34.851 0
138.625 34.845 0
138.623 34.838 0
138.622 34.833 0
138.622 34.828 0
138.622 34.823 0
138.621 34.816 0
138.622 34.809 0
138.623 34.803 0
138.623 34.795 0
138.622 34.791 0
138.621 34.781 0
138.618 34.774 0
138.615 34.768 0
138.611 34.762 0
138.606 34.754 0
138.603 34.747 0
138.598 34.739 0
138.594 34.732 0
138.591 34.724 0
138.589 34.716 0
138.588 34.707 0
138.588 34.698 0
138.588 34.69 0
138.587 34.681 0
138.587 34.673 0
138.587 34.663 0
138.588 34.656 0
138.587 34.645 0
138.587 34.634 0
138.586 34.626 0
138.587 34.614 0
138.586 34.604 0
138.585 34.594 0
138.581 34.586 0
138.579 34.576 0
138.578 34.565 0
138.576 34.553 0
138.575 34.541 0
138.574 34.528 0
138.573 34.513 0
138.57 34.497 0
138.571 34.48 0
138.566 34.464 0
138.565 34.451 0
138.562 34.439 0
138.557 34.425 0
138.552 34.412 0
138.546 34.405 0
138.539 34.393 0
138.53 34.384 0
138.521 34.378 0
138.512 34.367 0
138.503 34.358 0
138.497 34.346 0
138.489 34.334 0
138.485 34.322 0
138.483 34.313 0
138.483 34.301 0
138.483 34.291 0
138.485 34.281 0
138.488 34.272 0
138.49 34.263 0
138.49 34.253 0
138.493 34.242 0
138.494 34.229 0
138.494 34.217 0
138.494 34.206 0
138.494 34.192 0
138.494 34.184 0
138.495 34.172 0
138.494 34.16 0
138.493 34.145 0
138.49 34.128 0
138.489 34.113 0
138.486 34.095 0
138.483 34.082 0
138.478 34.068 0
138.475 34.056 0
138.468 34.04 0
138.46 34.026 0
138.453 34.016 0
138.448 34.008 0
138.443 34.002 0
138.438 33.994 0
138.432 33.988 0
138.426 33.982 0
138.42 33.976 0
138.413 33.969 0
138.404 33.959 0
138.393 33.95 0
138.384 33.941 0
138.375 33.934 0
138.368 33.927 0
138.359 33.921 0
138.353 33.915 0
138.344 33.907 0
138.337 33.902 0
138.328 33.896 0
138.319 33.889 0
138.31 33.883 0
138.301 33.877 0
138.293 33.871 0
138.285 33.867 0
138.279 33.861 0
138.27 33.856 0
138.262 33.849 0
138.252 33.843 0
138.244 33.836 0
138.235 33.83 0
138.228 33.825 0
138.218 33.82 0
138.209 33.814 0
138.199 33.808 0
138.19 33.804 0
138.18 33.798 0
138.171 33.795 0
138.161 33.788 0
138.153 33.783 0
138.142 33.776 0
138.132 33.768 0
138.122 33.761 0
138.114 33.753 0
138.108 33.746 0
138.1 33.735 0
138.09 33.724 0
138.082 33.714 0
138.074 33.706 0
138.065 33.695 0
138.058 33.687 0
138.052 33.681 0
138.044 33.673 0
138.038 33.667 0
138.032 33.661 0
138.026 33.655 0
138.016 33.648 0
138.01 33.644 0
138.004 33.639 0
138.001 33.636 0
137.996 33.632 0
137.986 33.626 0
137.978 33.62 0
137.966 33.61 0
137.958 33.606 0
137.946 33.599 0
137.936 33.593 0
137.926 33.586 0
137.917 33.579 0
137.906 33.57 0
137.899 33.565 0
137.887 33.559 0
137.875 33.551 0
137.863 33.544 0
137.849 33.531 0
137.841 33.521 0
137.836 33.512 0
137.831 33.503 0
137.827 33.493 0
137.823 33.484 0
137.82 33.478 0
137.815 33.469 0
137.812 33.46 0
137.809 33.452 0
137.802 33.443 0
137.795 33.434 0
137.788 33.428 0
137.78 33.42 0
137.771 33.414 0
137.756 33.406 0
137.744 33.402 0
137.734 33.4 0
137.722 33.398 0
137.709 33.394 0
137.7 33.391 0
137.687 33.391 0
137.673 33.389 0
137.663 33.388 0
137.652 33.385 0
137.636 33.381 0
137.621 33.375 0
137.612 33.37 0
137.603 33.364 0
137.595 33.358 0
137.583 33.349 0
137.574 33.339 0
137.568 33.33 0
137.561 33.32 0
137.552 33.311 0
137.543 33.304 0
137.529 33.299 0
137.519 33.298 0
137.505 33.295 0
137.491 33.293 0
137.476 33.29 0
137.463 33.287 0
137.447 33.282 0
137.432 33.275 0
137.42 33.269 0
137.411 33.265 0
137.399 33.258 0
137.387 33.249 0
137.372 33.241 0
137.355 33.235 0
137.341 33.234 0
137.327 33.236 0
137.31 33.232 0
137.292 33.225 0
137.28 33.217 0
137.268 33.211 0
137.255 33.207 0
137.241 33.204 0
137.23 33.2 0
137.217 33.199 0
137.207 33.197 0
137.199 33.195 0
137.193 33.194 0
137.187 33.189 0
137.181 33.183 0
137.175 33.176 0
137.169 33.168 0
137.162 33.162 0
137.156 33.155 0
137.151 33.148 0
137.146 33.138 0
137.139 33.13 0
137.13 33.116 0
137.125 33.106 0
137.118 33.098 0
137.113 33.091 0
137.104 33.081 0
137.095 33.074 0
137.085 33.067 0
137.074 33.063 0
137.06 33.057 0
137.05 33.055 0
137.041 33.053 0
137.031 33.052 0
137.02 33.051 0
137.01 33.049 0
137.004 33.047 0
137 33.047 0
136.984 33.042 0
136.971 33.037 0
136.96 33.031 0
136.949 33.026 0
136.939 33.022 0
136.925 33.017 0
136.91 33.014 0
136.899 33.01 0
136.888 33.008 0
136.875 33.005 0
136.864 33.001 0
136.858 33.001 0
136.845 32.993 0
136.832 32.986 0
136.82 32.979 0
136.808 32.972 0
136.796 32.965 0
136.788 32.96 0
136.779 32.954 0
136.769 32.948 0
136.757 32.941 0
136.744 32.934 0
136.732 32.928 0
136.719 32.921 0
136.705 32.915 0
136.69 32.908 0
136.676 32.902 0
136.658 32.894 0
136.641 32.887 0
136.621 32.879 0
136.601 32.871 0
136.585 32.864 0
136.57 32.859 0
136.555 32.851 0
136.526 32.842 0
136.503 32.833 0
136.483 32.825 0
136.462 32.818 0
136.439 32.81 0
136.414 32.804 0
136.398 32.803 0
136.382 32.806 0
136.366 32.808 0
136.345 32.808 0
136.329 32.807 0
136.311 32.806 0
136.287 32.801 0
136.263 32.795 0
136.246 32.792 0
136.235 32.79 0
136.227 32.787 0
136.217 32.781 0
136.211 32.773 0
136.202 32.763 0
136.193 32.756 0
136.181 32.748 0
136.164 32.743 0
136.149 32.741 0
136.138 32.742 0
136.123 32.742 0
136.105 32.742 0
136.092 32.74 0
136.075 32.736 0
136.064 32.732 0
136.053 32.73 0
136.043 32.725 0
136.034 32.721 0
136.023 32.717 0
136.013 32.714 0
136.005 32.711 0
135.995 32.708 0
135.981 32.705 0
135.966 32.701 0
135.953 32.697 0
135.94 32.692 0
135.927 32.689 0
135.911 32.686 0
135.901 32.684 0
135.89 32.684 0
135.879 32.686 0
135.866 32.688 0
135.852 32.691 0
135.84 32.694 0
135.827 32.694 0
135.816 32.694 0
135.802 32.692 0
135.789 32.689 0
135.773 32.683 0
135.761 32.68 0
135.751 32.675 0
135.739 32.67 0
135.726 32.666 0
135.714 32.66 0
135.702 32.657 0
135.686 32.653 0
135.669 32.652 0
135.647 32.65 0
135.625 32.649 0
135.599 32.647 0
135.578 32.646 0
135.557 32.645 0
135.539 32.645 0
135.509 32.647 0
135.484 32.647 0
135.464 32.647 0
135.447 32.649 0
135.431 32.647 0
135.417 32.644 0
135.41 32.642 0
135.406 32.639 0
135.398 32.635 0
135.389 32.63 0
135.381 32.626 0
135.369 32.623 0
135.357 32.621 0
135.345 32.624 0
135.337 32.628 0
135.324 32.633 0
135.314 32.637 0
135.301 32.64 0
135.293 32.64 0
135.282 32.638 0
135.275 32.636 0
135.267 32.632 0
135.257 32.628 0
135.249 32.625 0
135.236 32.622 0
135.222 32.622 0
135.211 32.623 0
135.199 32.624 0
135.186 32.627 0
135.182 32.628 0
135.171 32.629 0
135.159 32.629 0
135.15 32.625 0
135.144 32.619 0
135.139 32.614 0
135.133 32.606 0
135.127 32.597 0
135.12 32.591 0
135.114 32.583 0
135.109 32.58 0
135.106 32.577 0
135.097 32.574 0
135.09 32.571 0
135.079 32.568 0
135.069 32.563 0
135.054 32.559 0
135.042 32.557 0
135.033 32.555 0
135.022 32.553 0
135.011 32.551 0
135.003 32.547 0
134.999 32.543 0
134.99 32.54 0
134.983 32.534 0
134.978 32.528 0
134.974 32.521 0
134.972 32.515 0
134.97 32.508 0
134.969 32.499 0
134.97 32.492 0
134.972 32.487 0
134.975 32.48 0
134.98 32.472 0
134.983 32.463 0
134.985 32.456 0
134.985 32.447 0
134.98 32.438 0
134.976 32.431 0
134.972 32.424 0
134.967 32.416 0
134.96 32.409 0
134.955 32.403 0
134.948 32.395 0
134.939 32.387 0
134.933 32.381 0
134.924 32.375 0
134.914 32.369 0
134.905 32.363 0
134.891 32.356 0
134.878 32.344 0
134.866 32.337 0
134.853 32.327 0
134.841 32.318 0
134.828 32.307 0
134.818 32.299 0
134.805 32.291 0
134.785 32.283 0
134.769 32.279 0
134.756 32.276 0
134.743 32.273 0
134.726 32.27 0
134.703 32.266 0
134.69 32.264 0
134.681 32.26 0
134.677 32.256 0
134.669 32.25 0
134.66 32.243 0
134.65 32.238 0
134.64 32.232 0
134.633 32.224 0
134.628 32.217 0
134.622 32.211 0
134.617 32.206 0
134.611 32.202 0
134.603 32.201 0
134.592 32.199 0
134.579 32.197 0
134.572 32.196 0
134.56 32.191 0
134.546 32.188 0
134.539 32.186 0
134.528 32.181 0
134.515 32.178 0
134.502 32.171 0
134.493 32.166 0
134.482 32.163 0
134.467 32.161 0
134.452 32.158 0
134.439 32.156 0
134.428 32.152 0
134.417 32.147 0
134.405 32.141 0
134.39 32.131 0
134.382 32.121 0
134.372 32.114 0
134.362 32.106 0
134.352 32.1 0
134.345 32.096 0
134.337 32.093 0
134.328 32.093 0
134.32 32.093 0
134.309 32.089 0
134.299 32.083 0
134.287 32.074 0
134.277 32.066 0
134.269 32.057 0
134.264 32.051 0
134.259 32.041 0
134.256 32.034 0
134.253 32.028 0
134.246 32.019 0
134.24 32.012 0
134.234 32.008 0
134.231 32.002 0
134.226 31.995 0
134.22 31.99 0
134.213 31.984 0
134.206 31.978 0
134.198 31.971 0
134.189 31.965 0
134.177 31.96 0
134.167 31.955 0
134.159 31.951 0
134.148 31.946 0
134.138 31.941 0
134.127 31.936 0
134.118 31.933 0
134.105 31.928 0
134.095 31.923 0
134.082 31.918 0
134.072 31.912 0
134.06 31.907 0
134.046 31.899 0
134.036 31.894 0
134.026 31.888 0
134.017 31.884 0
134.005 31.879 0
133.99 31.869 0
133.981 31.864 0
133.964 31.859 0
133.947 31.852 0
133.932 31.847 0
133.916 31.84 0
133.902 31.833 0
133.89 31.826 0
133.878 31.819 0
133.863 31.81 0
133.846 31.799 0
133.83 31.789 0
133.819 31.783 0
133.803 31.776 0
133.787 31.768 0
133.77 31.76 0
133.752 31.751 0
133.733 31.74 0
133.713 31.73 0
133.697 31.721 0
133.681 31.713 0
133.669 31.704 0
133.656 31.698 0
133.644 31.691 0
133.632 31.689 0
133.618 31.687 0
133.61 31.682 0
133.601 31.676 0
133.588 31.665 0
133.578 31.657 0
133.574 31.651 0
133.568 31.641 0
133.561 31.636 0
133.552 31.632 0
133.542 31.631 0
133.529 31.632 0
133.519 31.631 0
133.513 31.629 0
133.506 31.625 0
133.498 31.619 0
133.493 31.611 0
133.493 31.605 0
133.484 31.6 0
133.473 31.593 0
133.46 31.586 0
133.446 31.581 0
133.434 31.576 0
133.424 31.57 0
133.414 31.563 0
133.402 31.557 0
133.387 31.554 0
133.375 31.55 0
133.362 31.543 0
133.352 31.537 0
133.34 31.529 0
133.33 31.523 0
133.32 31.515 0
133.313 31.51 0
133.309 31.502 0
133.303 31.492 0
133.3 31.482 0
133.296 31.471 0
133.294 31.458 0
133.291 31.446 0
133.288 31.432 0
133.284 31.417 0
133.281 31.405 0
133.275 31.396 0
133.27 31.387 0
133.27 31.38 0
133.272 31.371 0
133.274 31.362 0
133.27 31.35 0
133.266 31.337 0
133.262 31.325 0
133.264 31.315 0
133.263 31.304 0
133.256 31.289 0
133.253 31.279 0
133.249 31.271 0
133.24 31.261 0
133.231 31.249 0
133.219 31.234 0
133.21 31.22 0
133.199 31.204 0
133.19 31.19 0
133.174 31.177 0
133.161 31.173 0
133.147 31.168 0
133.135 31.162 0
133.124 31.155 0
133.109 31.149 0
133.1 31.145 0
133.091 31.137 0
133.078 31.128 0
133.065 31.12 0
133.049 31.113 0
133.036 31.104 0
133.029 31.093 0
133.023 31.08 0
133.014 31.069 0
133.002 31.062 0
132.988 31.056 0
132.974 31.046 0
132.961 31.042 0
132.946 31.04 0
132.929 31.041 0
132.91 31.039 0
132.899 31.036 0
132.888 31.032 0
132.871 31.027 0
132.858 31.02 0
132.849 31.014 0
132.838 31.007 0
132.83 31 0
132.823 30.986 0
132.818 30.98 0
132.814 30.973 0
132.81 30.964 0
132.805 30.949 0
132.802 30.937 0
132.799 30.926 0
132.796 30.915 0
132.793 30.904 0
132.787 30.893 0
132.78 30.882 0
132.774 30.875 0
132.765 30.868 0
132.758 30.865 0
132.749 30.861 0
132.743 30.854 0
132.738 30.848 0
132.735 30.836 0
132.738 30.823 0
132.742 30.811 0
132.746 30.8 0
132.747 30.786 0
132.747 30.777 0
132.742 30.763 0
132.738 30.754 0
132.729 30.743 0
132.721 30.737 0
132.712 30.724 0
132.703 30.708 0
132.695 30.692 0
132.689 30.677 0
132.683 30.661 0
132.679 30.648 0
132.675 30.634 0
132.67 30.618 0
132.667 30.595 0
132.663 30.579 0
132.659 30.555 0
132.659 30.536 0
132.657 30.515 0
132.655 30.494 0
132.653 30.478 0
132.654 30.457 0
132.652 30.444 0
132.651 30.426 0
132.648 30.413 0
132.646 30.399 0
132.646 30.384 0
132.646 30.369 0
132.646 30.361 0
132.645 30.349 0
132.644 30.331 0
132.643 30.32 0
132.641 30.309 0
132.638 30.298 0
132.634 30.287 0
132.628 30.275 0
132.621 30.264 0
132.611 30.254 0
132.604 30.246 0
132.595 30.238 0
132.579 30.228 0
132.565 30.224 0
132.551 30.221 0
132.533 30.219 0
132.515 30.221 0
132.497 30.224 0
132.478 30.23 0
132.465 30.23 0
132.451 30.229 0
132.439 30.225 0
132.424 30.217 0
132.415 30.211 0
132.407 30.2 0
132.397 30.187 0
132.386 30.168 0
132.378 30.154 0
132.371 30.142 0
132.361 30.129 0
132.351 30.119 0
132.336 30.11 0
132.32 30.101 0
132.303 30.092 0
132.29 30.085 0
132.276 30.079 0
132.263 30.073 0
132.245 30.067 0
132.225 30.059 0
132.204 30.047 0
132.193 30.035 0
132.184 30.021 0
132.178 30.01 0
132.175 29.999 0
132.17 29.987 0
132.163 29.97 0
132.157 29.958 0
132.151 29.943 0
132.144 29.927 0
132.141 29.91 0
132.14 29.893 0
132.14 29.877 0
132.14 29.863 0
132.142 29.849 0
132.147 29.832 0
132.154 29.813 0
132.16 29.794 0
132.168 29.776 0
132.173 29.761 0
132.177 29.743 0
132.179 29.724 0
132.178 29.711 0
132.176 29.699 0
132.171 29.685 0
132.164 29.671 0
132.152 29.655 0
132.143 29.64 0
132.136 29.622 0
132.128 29.607 0
132.122 29.594 0
132.119 29.581 0
132.117 29.569 0
132.12 29.548 0
132.122 29.535 0
132.12 29.515 0
132.119 29.5 0
132.116 29.483 0
132.111 29.47 0
132.1 29.457 0
132.09 29.444 0
132.075 29.43 0
132.063 29.42 0
132.052 29.412 0
132.042 29.407 0
132.03 29.398 0
132.019 29.388 0
132.011 29.378 0
132.004 29.368 0
131.999 29.358 0
131.992 29.347 0
131.988 29.336 0
131.985 29.325 0
131.983 29.314 0
131.981 29.302 0
131.981 29.288 0
131.984 29.277 0
131.987 29.265 0
131.989 29.252 0
131.989 29.237 0
131.989 29.225 0
131.989 29.213 0
131.987 29.2 0
131.984 29.189 0
131.981 29.177 0
131.975 29.165 0
131.969 29.154 0
131.962 29.141 0
131.954 29.129 0
131.945 29.117 0
131.939 29.107 0
131.931 29.101 0
131.925 29.094 0
131.911 29.09 0
131.885 29.068 0
131.867 29.051 0
131.854 29.034 0
131.836 29.013 0
131.811 28.993 0
131.787 28.968 0
131.761 28.948 0
131.738 28.926 0
131.72 28.899 0
131.696 28.877 0
131.671 28.859 0
131.64 28.833 0
131.617 28.813 0
131.592 28.795 0
131.56 28.774 0
131.539 28.759 0
131.521 28.744 0
131.505 28.73 0
131.487 28.714 0
131.471 28.7 0
131.455 28.682 0
131.433 28.665 0
131.411 28.637 0
131.398 28.615 0
131.381 28.594 0
131.365 28.573 0
131.349 28.549 0
131.326 28.523 0
131.308 28.505 0
131.288 28.488 0
131.259 28.463 0
131.233 28.443 0
131.215 28.429 0
131.195 28.418 0
131.175 28.406 0
131.142 28.392 0
131.119 28.379 0
131.087 28.364 0
131.064 28.347 0
131.051 28.332 0
131.033 28.321 0
131.018 28.308 0
131.001 28.292 0
130.995 28.289 0
130.979 28.267 0
130.969 28.253 0
130.962 28.233 0
130.945 28.214 0
130.922 28.195 0
130.891 28.169 0
130.885 28.162 0
130.864 28.137 0
130.849 28.114 0
130.835 28.1 0
130.816 28.08 0
130.803 28.053 0
130.784 28.029 0
130.765 28.008 0
130.743 27.978 0
130.725 27.956 0
130.71 27.943 0
130.698 27.931 0
130.679 27.911 0
130.662 27.895 0
130.643 27.879 0
130.632 27.858 0
130.624 27.844 0
130.613 27.826 0
130.609 27.809 0
130.608 27.789 0
130.613 27.775 0
130.624 27.756 0
130.635 27.732 0
130.651 27.71 0
130.671 27.687 0
130.693 27.666 0
130.709 27.645 0
130.725 27.627 0
130.741 27.61 0
130.752 27.594 0
130.762 27.579 0
130.765 27.563 0
130.767 27.547 0
130.77 27.527 0
130.767 27.516 0
130.767 27.491 0
130.755 27.458 0
130.749 27.428 0
130.741 27.393 0
130.74 27.365 0
130.737 27.348 0
130.738 27.317 0
130.735 27.295 0
130.734 27.27 0
130.731 27.248 0
130.732 27.222 0
130.721 27.188 0
130.714 27.162 0
130.702 27.134 0
130.692 27.111 0
130.681 27.093 0
130.661 27.062 0
130.643 27.038 0
130.622 27.017 0
130.604 26.997 0
130.581 26.983 0
130.552 26.97 0
130.53 26.968 0
130.518 26.964 0
130.503 26.961 0
130.481 26.961 0
130.461 26.957 0
130.435 26.954 0
130.414 26.942 0
130.395 26.939 0
130.374 26.931 0
130.347 26.915 0
130.319 26.901 0
130.297 26.887 0
130.273 26.874 0
130.246 26.856 0
130.228 26.839 0
130.206 26.822 0
130.185 26.805 0
130.172 26.788 0
130.155 26.773 0
130.141 26.756 0
130.122 26.739 0
130.103 26.718 0
130.089 26.699 0
130.071 26.68 0
130.05 26.662 0
130.038 26.648 0
130.02 26.631 0
130.009 26.614 0
130 26.605 0
129.989 26.6 0
129.97 26.579 0
129.939 26.553 0
129.915 26.533 0
129.891 26.515 0
129.865 26.491 0
129.841 26.469 0
129.821 26.445 0
129.803 26.426 0
129.783 26.401 0
129.766 26.387 0
129.743 26.362 0
129.72 26.34 0
129.695 26.317 0
129.672 26.297 0
129.644 26.274 0
129.612 26.251 0
129.583 26.234 0
129.556 26.209 0
129.536 26.19 0
129.51 26.162 0
129.494 26.134 0
129.471 26.107 0
129.45 26.077 0
129.432 26.046 0
129.415 26.023 0
129.397 26 0
129.385 25.972 0
129.37 25.947 0
129.351 25.929 0
129.327 25.902 0
129.304 25.879 0
129.277 25.859 0
129.253 25.841 0
129.23 25.824 0
129.205 25.807 0
129.189 25.793 0
129.164 25.77 0
129.136 25.751 0
129.114 25.727 0
129.096 25.713 0
129.077 25.687 0
129.051 25.666 0
129.026 25.642 0
129.004 25.616 0
128.977 25.597 0
128.953 25.578 0
128.929 25.556 0
128.909 25.539 0
128.886 25.512 0
128.865 25.487 0
128.852 25.473 0
128.832 25.458 0
128.82 25.443 0
128.802 25.426 0
128.79 25.411 0
128.773 25.4 0
128.748 25.392 0
128.724 25.386 0
128.702 25.384 0
128.674 25.376 0
128.64 25.366 0
128.612 25.357 0
128.579 25.343 0
128.554 25.329 0
128.53 25.315 0
128.505 25.299 0
128.48 25.285 0
128.452 25.266 0
128.424 25.246 0
128.385 25.217 0
128.354 25.194 0
128.326 25.175 0
128.29 25.148 0
128.253 25.12 0
128.223 25.098 0
128.19 25.073 0
128.158 25.053 0
128.124 25.037 0
128.1 25.02 0
128.081 25.006 0
128.065 24.995 0
128.053 24.981 0
128.023 24.959 0
127.989 24.928 0
127.975 24.909 0
127.959 24.878 0
127.939 24.857 0
127.914 24.831 0
127.884 24.799 0
127.856 24.764 0
127.823 24.738 0
127.789 24.717 0
127.752 24.697 0
127.718 24.679 0
127.673 24.668 0
127.635 24.664 0
127.598 24.666 0
127.567 24.663 0
127.539 24.656 0
127.506 24.646 0
127.479 24.623 0
127.442 24.592 0
127.415 24.57 0
127.382 24.548 0
127.349 24.521 0
127.319 24.496 0
127.288 24.471 0
127.264 24.447 0
127.236 24.42 0
127.218 24.4 0
127.192 24.367 0
127.171 24.337 0
127.157 24.315 0
127.129 24.286 0
127.097 24.249 0
127.07 24.21 0
127.049 24.171 0
127.033 24.142 0
127.008 24.115 0
126.985 24.091 0
126.958 24.077 0
126.934 24.071 0
126.915 24.065 0
126.88 24.054 0
126.845 24.042 0
126.812 24.032 0
126.787 24.021 0
126.75 24.002 0
126.718 23.987 0
126.694 23.974 0
126.666 23.955 0
126.632 23.928 0
126.614 23.907 0
126.595 23.887 0
126.575 23.862 0
126.546 23.837 0
126.515 23.807 0
126.471 23.785 0
126.426 23.768 0
126.38 23.755 0
126.337 23.747 0
126.299 23.741 0
126.254 23.73 0
126.209 23.714 0
126.163 23.7 0
126.133 23.679 0
126.088 23.652 0
126.051 23.632 0
126.027 23.614 0
126.001 23.592 0
125.965 23.565 0
125.941 23.544 0
125.923 23.525 0
125.903 23.505 0
125.881 23.485 0
125.873 23.48 0
125.85 23.467 0
125.813 23.452 0
125.772 23.436 0
125.735 23.426 0
125.697 23.415 0
125.665 23.409 0
125.615 23.397 0
125.539 23.383 0
125.491 23.373 0
125.444 23.359 0
125.399 23.346 0
125.344 23.335 0
125.291 23.313 0
125.251 23.288 0
125.212 23.273 0
125.161 23.262 0
125.109 23.254 0
125.068 23.254 0
125.023 23.26 0
124.983 23.264 0
124.943 23.261 0
124.898 23.258 0
124.856 23.254 0
124.824 23.245 0
124.783 23.243 0
124.743 23.236 0
124.713 23.232 0
124.682 23.225 0
124.651 23.217 0
124.622 23.207 0
124.595 23.204 0
124.567 23.2 0
124.528 23.187 0
124.499 23.18 0
124.457 23.169 0
124.428 23.16 0
124.384 23.148 0
124.356 23.15 0
124.317 23.149 0
124.281 23.143 0
124.244 23.141 0
124.202 23.141 0
124.17 23.139 0
124.132 23.142 0
124.089 23.145 0
124.05 23.156 0
123.999 23.167 0
123.975 23.17 0
123.927 23.181 0
123.887 23.188 0
123.842 23.192 0
123.802 23.19 0
123.749 23.181 0
123.686 23.173 0
123.634 23.174 0
123.586 23.17 0
123.542 23.164 0
123.508 23.163 0
123.472 23.153 0
123.416 23.142 0
123.379 23.138 0
123.328 23.133 0
123.289 23.135 0
123.248 23.136 0
123.204 23.139 0
123.142 23.146 0
123.099 23.155 0
123.036 23.165 0
122.991 23.169 0
122.954 23.175 0
122.906 23.175 0
122.856 23.174 0
122.8 23.17 0
122.764 23.165 0
122.712 23.161 0
122.673 23.157 0
122.631 23.158 0
122.594 23.161 0
122.553 23.161 0
122.511 23.173 0
122.473 23.184 0
122.423 23.202 0
122.387 23.23 0
122.352 23.25 0
122.328 23.281 0
122.299 23.314 0
122.278 23.345 0
122.244 23.377 0
122.204 23.402 0
122.161 23.418 0
122.114 23.437 0
122.083 23.446 0
122.032 23.467 0
121.99 23.487 0
121.963 23.503 0
121.937 23.515 0
121.909 23.525 0
121.889 23.545 0
121.85 23.566 0
138.61 36.1 -70
138.5 36.015 -70
138.3 35.9 -70
138.1 35.81 -70
137.9 35.75 -70
137.7 35.71 -70
137.6 35.7 -70
137.5 35.705 -70
137.4 35.72 -70
137.3 35.745 -70
137.15 35.8 -70
136.9 35.88 -70
136.8 35.94 -70
136.6 35.98 -70
136.35 36.16 -70
138.55 36.175 -80
138.4 36.05 -80
138.2 35.95 -80
138.1 35.9 -80
137.8 35.8 -80
137.6 35.77 -80
137.5 35.765 -80
137.4 35.77 -80
137.25 35.8 -80
137.0 35.91 -80
136.9 35.96 -80
136.6 36.07 -80
136.375 36.2 -80
138.51 36.24 -90
138.4 36.14 -90
138.3 36.07 -90
138.1 35.975 -90
137.9 35.89 -90
137.8 35.86 -90
137.7 35.845 -90
137.6 35.83 -90
137.5 35.835 -90
137.2 35.9 -90
137.0 36.0 -90
136.7 36.1 -90
136.45 36.2 -90
