-70.95249936000 13.43760005200
-70.65940086000 13.31009957200
-70.49569698000 13.16230013200
-70.18270110000 12.92959973200
-69.86340324000 12.66850001200
-69.59439846000 12.44960021200
-69.34780116000 12.17510039200
-69.02410122000 11.84370041200
-68.72969826000 11.51259995200
-68.37920388000 11.17360019200
-68.08650210000 10.81449983200
-67.96130364000 10.49950019200
-67.96700465800 10.49988964600
-68.04221460700 10.50502747100
-68.13110358000 10.51109975200
-68.25242274500 10.52433399000
-68.27137887500 10.52261070400
-68.39987376600 10.49390443200
-68.42375519000 10.48856922600
-68.43913091400 10.48513422800
-68.51375569100 10.46444615400
-68.51615129900 10.46379288800
-68.51615122300 10.46378204500
-68.61937506200 10.43516551200
-68.73972899600 10.37312744200
-68.74458276200 10.37062550300
-68.79248086400 10.34593577500
-68.80816255200 10.33621312200
-68.93285773900 10.25890204900
-68.95357141400 10.24605956100
-68.97094037500 10.23529079800
-69.14939994100 10.12107673100
-69.18570828900 10.09714622700
-69.22792220600 10.06932341500
-69.32000840900 10.02414130100
-69.32713492800 10.02064467300
-69.33664422600 10.01597893400
-69.43415708200 9.96608250800
-69.43441824300 9.96587357900
-69.44564284900 9.95689389300
-69.52773424000 9.88907921100
-69.58352515600 9.83042726800
-69.66693274900 9.74274243200
-69.69673657300 9.70921311400
-69.78114681500 9.61425154400
-69.81594756900 9.58204787300
-69.90071477600 9.50360660400
-70.01492888000 9.41437681100
-70.16305029600 9.29302426900
-70.23282913700 9.22940241000
-70.28440283900 9.18237934700
-70.38077105100 9.08601120900
-70.45833051800 9.02327924900
-70.49504574000 8.99358309600
-70.49944774300 8.99002265100
-70.50212350000 8.98785843400
-70.63953740800 8.87542889300
-70.70913663500 8.83438317900
-70.83227372100 8.76478395300
-70.93221111600 8.70589229100
-71.02857927200 8.64164679100
-71.12673202900 8.56847840200
-71.21804496700 8.52282194000
-71.24451537100 8.50958674000
-71.36595809500 8.46466960900
-71.37479085900 8.46140269900
-71.44439004800 8.44177213300
-71.47461122600 8.44401072000
-71.49257414500 8.44534129600
-71.52291225700 8.44177209600
-71.58715768200 8.40072643700
-71.68174131300 8.34897315800
-71.71743318900 8.33112717400
-71.75312510200 8.30614282500
-71.78881707200 8.27045094900
-71.87983144600 8.18300573800
-71.90303113800 8.16337519100
-71.99404553100 8.09912978400
-72.03509126400 8.03845344800
-72.06542933900 7.99562320800
-72.10647507200 7.95636207500
-72.11288935300 7.94881585900
-72.13158014500 7.92682668400
-72.13681320300 7.92067014300
-72.16893595200 7.89568586900
-72.23139674000 7.88140910400
-72.29113387800 7.86677956300
-72.31295394900 7.86143585900
-72.31384706200 7.86121713600
-72.31884200700 7.85999388100
-72.46989276400 7.78551380400
-72.47082280200 7.78482380600
-72.47090729100 7.78475956800
-72.47420294200 7.78225381200
-72.47753308100 7.77961381700
-72.48100322600 7.77676382100
-72.48126323700 7.77654382100
-72.48146324500 7.77646382300
-72.48167325300 7.77637382400
-72.48187326000 7.77628382500
-72.48207326800 7.77618382600
-72.48226327500 7.77609382700
-72.48245328300 7.77599382800
-72.48265329000 7.77588382900
-72.48284329800 7.77578383000
-72.48303330500 7.77566383000
-72.48322331300 7.77555383100
-72.48340332000 7.77543383100
-72.48358332700 7.77531383200
-72.48376333500 7.77519383300
-72.48394334200 7.77506383300
-72.48412334900 7.77493383300
-72.48429335600 7.77480383400
-72.48446336400 7.77466383400
-72.48452967600 7.77461282600
-72.48459336900 7.77456383400
-72.48468337100 7.77462383600
-72.49336372000 7.76890386200
-72.49623383200 7.76738387500
-72.49915394500 7.76583388800
-72.50495418500 7.76133389800
-72.50495418600 7.76128389700
-72.50524419700 7.76112389900
-72.50568421500 7.76086390000
-72.50631424000 7.76048390300
-72.50667425600 7.76010390200
-72.50703427200 7.75971390100
-72.50737428700 7.75932390000
-72.50771430300 7.75892389900
-72.50804431800 7.75851389800
-72.50836433300 7.75810389700
-72.50868434800 7.75768389500
-72.50900436300 7.75726389400
-72.50929437800 7.75683389200
-72.50949438700 7.75655389100
-72.50959439200 7.75640389000
-72.50988440700 7.75596388800
-72.51016442100 7.75552388600
-72.51043443400 7.75507388400
-72.51070444800 7.75462388200
-72.51095446100 7.75416387900
-72.51120447500 7.75370387600
-72.51144448800 7.75324387300
-72.51167450000 7.75277387000
-72.51190451300 7.75229386700
-72.51211452500 7.75182386400
-72.51232453700 7.75133386100
-72.51251454900 7.75085385700
-72.51270456000 7.75036385300
-72.51289457200 7.74987385000
-72.51306458300 7.74938384600
-72.51322459300 7.74888384200
-72.51338460400 7.74838383800
-72.51352461400 7.74788383300
-72.51366462400 7.74737382900
-72.51379463400 7.74686382400
-72.51391464400 7.74635382000
-72.51402465300 7.74584381500
-72.51406465600 7.74566381300
-72.51412466200 7.74533381000
-72.51422467000 7.74481380500
-72.51430467900 7.74430380000
-72.51438468700 7.74378379500
-72.51444469400 7.74326379000
-72.51450470200 7.74274378400
-72.51454470900 7.74222377900
-72.51458471600 7.74170377300
-72.51461472300 7.74117376700
-72.51463472900 7.74065376100
-72.51464473500 7.74013375600
-72.51464474100 7.73960374900
-72.51464474600 7.73908374300
-72.51462475100 7.73856373700
-72.51460475600 7.73803373100
-72.51456476000 7.73751372400
-72.51447476800 7.73650371200
-72.51534483300 7.73321368300
-72.51627489900 7.72994365500
-72.51675493200 7.72835364100
-72.51722496400 7.72680362800
-72.51726496600 7.72669362800
-72.51829503500 7.72350360200
-72.51830503600 7.72345360100
-72.51907793200 7.72119827800
-72.51940510700 7.72024357600
-72.52056518000 7.71704355100
-72.52146523500 7.71472353400
-72.52242527900 7.71356353000
-72.52354533700 7.71157351900
-72.52548543500 7.70848350400
-72.52641548000 7.70717349900
-72.52834557300 7.70446348800
-72.52895560200 7.70360348500
-72.53206574300 7.70010347700
-72.53801599900 7.69462347700
-72.53804600000 7.69460347700
-72.54312622000 7.68978347600
-72.54648636200 7.68695347900
-72.55474671300 7.67979348400
-72.56040695500 7.67467348500
-72.56044695700 7.67464348500
-72.56154726200 7.67379941500
-72.56452712600 7.67151349200
-72.56666721100 7.67020350000
-72.57226743400 7.66667351900
-72.58000772900 7.66312356000
-72.58348789200 7.65866354500
-72.58584798800 7.65702355200
-72.58741805100 7.65599355600
-72.58743805100 7.65599355700
-72.58801807600 7.65548355700
-72.59114820300 7.65331356500
-72.59442832600 7.65199358500
-72.59440832600 7.65189358300
-72.60633878600 7.64584364100
-72.60777313700 7.64508895800
-72.61378907500 7.64192367500
-72.62103936000 7.63780370400
-72.62761960900 7.63493374100
-72.63073023600 7.63368955600
-72.63201977300 7.63317376800
-72.63497989900 7.63058376900
-72.63798003500 7.62719376200
-72.63978011800 7.62498375600
-72.64389031300 7.61957373700
-72.64788052200 7.61236369600
-72.65086068000 7.60691366400
-72.65467207500 7.60213004900
-72.65670095200 7.59958364200
-72.66075076100 7.59548401100
-72.66155123400 7.58834356300
-72.66033126300 7.58193347600
-72.66113186700 7.57727881500
-72.66130135600 7.57629342100
-72.66218143700 7.57141337300
-72.66182149100 7.56529329900
-72.66078150500 7.56088323600
-72.65955152900 7.55485315300
-72.65976158800 7.54998309900
-72.66198170900 7.54558307200
-72.66316536900 7.54231040000
-72.66381182400 7.54052303300
-72.66546193400 7.53545299100
-72.66558200500 7.52923292000
-72.66607211400 7.52061282600
-72.66706219200 7.51643278800
-72.66745226100 7.51119273100
-72.66739231500 7.50596267000
-72.66748237200 7.50102261400
-72.66774247000 7.49273252000
-72.66842254800 7.48758246800
-72.66851255800 7.48690246100
-72.66860257200 7.48584244900
-72.66867258600 7.48483243900
-72.66858259400 7.48376242500
-72.66826260000 7.48226240400
-72.66819261000 7.48112239000
-72.66814261900 7.48008237800
-72.66814495700 7.47998423100
-72.66815262400 7.47966237300
-72.66837264300 7.47860236300
-72.66857266600 7.47711234800
-72.66908270300 7.47521233100
-72.66935273500 7.47307230900
-72.66934275200 7.47147229100
-72.66927276500 7.47000227300
-72.66897277200 7.46843225200
-72.66879278000 7.46717223500
-72.66858278500 7.46602221900
-72.66848279800 7.46458220200
-72.66843281700 7.46264217900
-72.66875996100 7.46050453000
-72.66886286100 7.45983215100
-72.66852287500 7.45751212000
-72.66851290400 7.45482208900
-72.66847292700 7.45256206200
-72.66831294200 7.45069203900
-72.66832296600 7.44846201300
-72.66838298400 7.44703199700
-72.66840299000 7.44649199100
-72.66846300100 7.44568198200
-72.66851301700 7.44428196700
-72.66845303700 7.44226194200
-72.66839306200 7.43982191400
-72.66782307300 7.43700187500
-72.66738501700 7.43438294500
-72.66736308800 7.43425183800
-72.66730382600 7.42913134100
-72.66730377300 7.42912973700
-72.66732391700 7.42906469100
-72.66733769300 7.42902020400
-72.66735083400 7.42897777100
-72.66735416200 7.42896702400
-72.66735569100 7.42896208800
-72.66735995000 7.42894833500
-72.66737859300 7.42888813500
-72.66739134100 7.42884697000
-72.66740809800 7.42879286000
-72.66742958500 7.42872347600
-72.66750342000 7.42848505400
-72.66767290200 7.42793777800
-72.66878658100 7.42434159000
-72.66887324700 7.42406173600
-72.66914509600 7.42063180500
-72.66919744300 7.41997134200
-72.66924174100 7.41941243200
-72.66924533300 7.41936711600
-72.66927471300 7.41899641900
-72.66929331800 7.41876167900
-72.66891336600 7.41322161100
-72.66829339200 7.40890155400
-72.66819339400 7.40839154700
-72.66787339400 7.40742153200
-72.66731338600 7.40642151500
-72.66724553600 7.40628448400
-72.66680338000 7.40539149700
-72.66624337500 7.40415147700
-72.66606338100 7.40303146200
-72.66583338900 7.40158144300
-72.66587341000 7.39977142200
-72.66579342600 7.39806140100
-72.66577019400 7.39783263900
-72.66566343500 7.39678138500
-72.66542344000 7.39565137000
-72.66508344000 7.39458135300
-72.66465343700 7.39353133700
-72.66445344500 7.39219131900
-72.66439345300 7.39120130700
-72.66436348400 7.38824127200
-72.66464351600 7.38620125200
-72.66449352900 7.38454123100
-72.66417354000 7.38253120400
-72.66405357200 7.37917116400
-72.66433359700 7.37771115000
-72.66451362100 7.37606113300
-72.66439363400 7.37443111200
-72.66417365600 7.37176107900
-72.66411175300 7.37142266400
-72.66372366700 7.36930104600
-72.66301368000 7.36597100000
-72.66261217000 7.36388962800
-72.66252369100 7.36343096500
-72.66211369800 7.36147093800
-72.66185371300 7.35933091000
-72.66206375100 7.35645087900
-72.66207375200 7.35641087900
-72.66217435100 7.35571617900
-72.66239378600 7.35420085600
-72.66296382800 7.35203083700
-72.66353385900 7.35091083000
-72.66378387300 7.35040082700
-72.66415226000 7.34952743800
-72.66440390900 7.34893081700
-72.66484394000 7.34745080400
-72.66524396400 7.34648079700
-72.66640214300 7.34393784700
-72.66948420400 7.33717073500
-72.67462867200 7.32767576100
-72.67525451000 7.32652067300
-72.67819057200 7.32055964300
-72.67920472700 7.31850062200
-72.68234491400 7.31087056700
-72.68326497800 7.30776054100
-72.68415505400 7.30341050000
-72.68422301400 7.30301917900
-72.68473510900 7.30007046700
-72.68592996800 7.29621775700
-72.68660523600 7.29404041700
-72.68781532100 7.28986038200
-72.68831537500 7.28641034700
-72.68882542600 7.28323031500
-72.68896813400 7.28093554700
-72.68906547600 7.27937027300
-72.68918552700 7.27502022400
-72.68885553400 7.27334020100
-72.68875333000 7.27291093600
-72.68855553700 7.27208018300
-72.68863555400 7.27083017000
-72.68875557100 7.26954015600
-72.68935562600 7.26633012500
-72.69030571400 7.26111007500
-72.69065577100 7.25683002900
-72.69054985400 7.25593427300
-72.69019579800 7.25293997900
-72.68980581500 7.25012994200
-72.68982527500 7.24988965100
-72.68999861600 7.24774922700
-72.69000540100 7.24766543900
-72.69000584900 7.24765991500
-72.68996600500 7.24759190600
-72.68994573700 7.24755731100
-72.68994252900 7.24755183500
-72.68921460800 7.24630934500
-72.68919357300 7.24627344100
-72.68768581500 7.24369984500
-72.68720580700 7.24293983100
-72.68607293700 7.24115067400
-72.68575578400 7.24064978900
-72.68515204700 7.23966617100
-72.68486577000 7.23919976200
-72.68368575200 7.23720972700
-72.68371482300 7.23715013400
-72.68376960800 7.23703783000
-72.68389994300 7.23677065800
-72.68407783800 7.23640599000
-72.68408577400 7.23638972200
-72.68408656200 7.23638787200
-72.68408760700 7.23638542000
-72.68408789800 7.23638473700
-72.68409663600 7.23636422900
-72.68412137300 7.23630616700
-72.68419597000 7.23613108100
-72.68423861800 7.23603098300
-72.68429022200 7.23590986100
-72.68429081000 7.23590848300
-72.68431698300 7.23584705000
-72.68433685400 7.23580041300
-72.68434265300 7.23578680200
-72.68436515800 7.23573397800
-72.68438335200 7.23569127600
-72.68441365800 7.23562014500
-72.68442823500 7.23558593200
-72.68445064100 7.23553334200
-72.68448271700 7.23545805600
-72.68448404000 7.23545495100
-72.68449240900 7.23543530800
-72.68449703200 7.23542445800
-72.68451463500 7.23538314300
-72.68452890500 7.23534964800
-72.68453926400 7.23532533600
-72.68455612600 7.23528575900
-72.68456281900 7.23527004800
-72.68458319400 7.23522222800
-72.68459308300 7.23519901600
-72.68459873100 7.23518576000
-72.68461061700 7.23515786300
-72.68462256400 7.23512982200
-72.68463368000 7.23510373000
-72.68464179100 7.23508469500
-72.68465976300 7.23504251300
-72.68466093100 7.23503977000
-72.68468006600 7.23499485900
-72.68468673700 7.23497920100
-72.68469000600 7.23497152800
-72.68469549500 7.23495864600
-72.68470229800 7.23494267700
-72.68471052700 7.23492336400
-72.68471694800 7.23490829300
-72.68472898400 7.23488004200
-72.68473332000 7.23486986500
-72.68474507600 7.23484227300
-72.68474553600 7.23484119500
-72.68474852700 7.23483417300
-72.68475045300 7.23482965200
-72.68475480900 7.23481943000
-72.68475862400 7.23481047400
-72.68476234500 7.23480174000
-72.68476651700 7.23479195000
-72.68477279400 7.23477721600
-72.68477679700 7.23476782200
-72.68478471300 7.23474924000
-72.68478636200 7.23474537200
-72.68479631700 7.23472200600
-72.68479860300 7.23471664000
-72.68480581600 7.23469971000
-72.68481057000 7.23469276200
-72.68481533500 7.23468579800
-72.68481725200 7.23468299600
-72.68482693300 7.23466884800
-72.68483599900 7.23465559800
-72.68484500500 7.23464243600
-72.68487411600 7.23459989100
-72.68493582300 7.23450970900
-72.68499426900 7.23441879700
-72.68500063000 7.23440890100
-72.68547585000 7.23366970500
-72.68631589300 7.23219969700
-72.68639193500 7.23207504400
-72.68692592400 7.23119969200
-72.68808598300 7.22929968200
-72.68820599000 7.22906968100
-72.68841011300 7.22868657400
-72.68885602400 7.22784967300
-72.68887602500 7.22781967300
-72.68963606700 7.22626966300
-72.69010609300 7.22533965800
-72.69070612500 7.22415965000
-72.69141616400 7.22273964200
-72.69304625700 7.21908961700
-72.69345629400 7.21690959600
-72.69426634900 7.21433957400
-72.69481639500 7.21179955100
-72.69525643000 7.20988953300
-72.69537811100 7.20940622200
-72.69561645700 7.20845952100
-72.69603648800 7.20686950700
-72.69622650200 7.20611950000
-72.69738656900 7.20350948200
-72.69794660300 7.20204947100
-72.69811661300 7.20162946800
-72.69859664600 7.20008945500
-72.69993673100 7.19630942600
-72.70043677200 7.19405940500
-72.70077679200 7.19326940000
-72.70261689800 7.18902937000
-72.70594709000 7.18146931800
-72.70985731800 7.17235925400
-72.71204745000 7.16683921300
-72.71186746500 7.16487918900
-72.71193748500 7.16319917000
-72.71212751200 7.16132915000
-72.71274754600 7.16001914200
-72.71299757100 7.15852912700
-72.71282758400 7.15672910400
-72.71232758100 7.15547908500
-72.71158758100 7.15323905100
-72.71096759000 7.15049901200
-72.71093371800 7.15034282000
-72.71042759900 7.14800897800
-72.70926760200 7.14414892100
-72.70889760700 7.14260889900
-72.70866760800 7.14180888700
-72.70853761700 7.14051887100
-72.70848762100 7.13997886400
-72.70843762500 7.13948885800
-72.70826762900 7.13857884500
-72.70814763700 7.13750883200
-72.70826766400 7.13537880800
-72.70819766500 7.13506880400
-72.70778767100 7.13318877800
-72.70765767100 7.13283877200
-72.70766767700 7.13225876600
-72.70744768200 7.13115875000
-72.70739768300 7.13091874700
-72.70654767400 7.12909871700
-72.70538764700 7.12805869300
-72.70411761800 7.12686866500
-72.70314759300 7.12618864700
-72.70256757800 7.12584863700
-72.70163755300 7.12530862100
-72.70090753100 7.12507861000
-72.69976749800 7.12465859300
-72.69962749400 7.12457859100
-72.69912748000 7.12430858200
-72.69841746300 7.12375856800
-72.69810745800 7.12321855900
-72.69774745600 7.12230854400
-72.69745746600 7.12051852000
-72.69746747500 7.11969851100
-72.69767749800 7.11820849600
-72.69793752200 7.11682848300
-72.69855755900 7.11524847100
-72.69905758800 7.11415846400
-72.69979764000 7.11153844100
-72.69989766000 7.11001842500
-72.69997769700 7.10679838800
-72.70005771900 7.10501836800
-72.69989774500 7.10213833300
-72.69957775500 7.10024830800
-72.69906775400 7.09871828500
-72.69846775400 7.09688825700
-72.69797775600 7.09522823300
-72.69776775700 7.09448822200
-72.69745776800 7.09248819500
-72.69693776700 7.09098817200
-72.69648776800 7.08948815000
-72.69626777000 7.08864813800
-72.69600777200 7.08769812400
-72.69581777500 7.08683811200
-72.69580777500 7.08676811100
-72.69567906500 7.08616892700
-72.69551778000 7.08541809300
-72.69523778400 7.08416807500
-72.69478778900 7.08239805000
-72.69465779000 7.08183804200
-72.69430779900 7.07994801600
-72.69414780800 7.07858799900
-72.69398782200 7.07687797700
-72.69374783200 7.07513795400
-72.69331783800 7.07334792900
-72.69293783600 7.07235791400
-72.69247783800 7.07072789000
-72.69201783800 7.06930786800
-72.69168783600 7.06852785600
-72.69156783900 7.06784784700
-72.69149784100 7.06740784100
-72.69150785600 7.06607782600
-72.69132787100 7.06412780100
-72.69125789400 7.06181777300
-72.69127790900 7.06042775800
-72.69129792000 7.05952774700
-72.69120792700 7.05853773500
-72.69124795000 7.05651771200
-72.69124795900 7.05571770300
-72.69113796800 7.05459768800
-72.69102798300 7.05282766700
-72.69098798500 7.05248766200
-72.69095798700 7.05222765900
-72.69075799100 7.05120764500
-72.69050799300 7.05029763200
-72.69048048300 7.05021510100
-72.69027799300 7.04960762100
-72.69008799600 7.04871760900
-72.68985799700 7.04788759700
-72.68963800400 7.04663758000
-72.68953801200 7.04556756700
-72.68937801900 7.04441755200
-72.68940804100 7.04247752900
-72.68941804700 7.04191752300
-72.68942805500 7.04119751500
-72.68952807000 7.04010750300
-72.68953807600 7.03957749700
-72.68951808400 7.03880748800
-72.68942809200 7.03779747500
-72.68922809600 7.03682746200
-72.68902809200 7.03653745600
-72.68847808300 7.03569744100
-72.68834808100 7.03552743700
-72.68835808100 7.03551743700
-72.68774807200 7.03453742000
-72.68789809000 7.03329740700
-72.68799811200 7.03152738700
-72.68815813700 7.02968736800
-72.68736814400 7.02663732400
-72.68597813300 7.02339727100
-72.68470811800 7.02093722900
-72.68414811100 7.01983721100
-72.68231808100 7.01702715900
-72.68235809500 7.01579714500
-72.68246813000 7.01290711200
-72.68311818200 7.01011708700
-72.68397824300 7.00703706000
-72.68432827300 7.00530704400
-72.68458829200 7.00435703600
-72.68515833000 7.00263702200
-72.68546835500 7.00127700900
-72.68580838200 6.99981699600
-72.68623841400 6.99816698200
-72.68680845800 6.99583696100
-72.68699847900 6.99444694700
-72.68720850600 6.99255692700
-72.68745853900 6.99029690300
-72.68769856500 6.98859688600
-72.68787858800 6.98702687000
-72.68811861200 6.98558685600
-72.68837863800 6.98390683900
-72.68837867500 6.98046679900
-72.68879871300 6.97823677800
-72.68927875400 6.97592675600
-72.68975880000 6.97310672900
-72.69015883700 6.97092670800
-72.69049887600 6.96836668100
-72.69091890900 6.96658666500
-72.69146894800 6.96470664900
-72.69202898700 6.96276663300
-72.69253902500 6.96080661600
-72.69282905300 6.95909659900
-72.69313907700 6.95785658800
-72.69361910500 6.95668657900
-72.69439914900 6.95504656900
-72.69508919000 6.95337655700
-72.69564922800 6.95154654100
-72.69588925400 6.94984652400
-72.69613928700 6.94757650100
-72.69640931800 6.94555648000
-72.69667934300 6.94406646600
-72.69690936500 6.94265645200
-72.69698937800 6.94168644100
-72.69707939400 6.94047642800
-72.69745943100 6.93821640600
-72.69803947600 6.93584638500
-72.69915955100 6.93237635600
-72.69976959200 6.93043634000
-72.70020963100 6.92817631900
-72.70039965900 6.92615629800
-72.70083969700 6.92392627600
-72.70128974400 6.92096624700
-72.70145704100 6.91948751400
-72.70153977600 6.91875622400
-72.70182980600 6.91684620500
-72.70217983300 6.91547619300
-72.70263345100 6.91392642700
-72.70291213400 6.91297431600
-72.70292869200 6.91291774800
-72.70295490300 6.91282819800
-72.70301989200 6.91260616800
-72.70296916500 6.91222718900
-72.70296755200 6.91221513900
-72.70289521100 6.91167467800
-72.70288915300 6.91162941500
-72.70283297100 6.91120967500
-72.70282336000 6.91113787200
-72.70281903900 6.91110558800
-72.70276901000 6.91073182400
-72.70275590300 6.91063390200
-72.70273512700 6.91047868400
-72.70262213700 6.90963452800
-72.70252786400 6.90893020800
-72.70250991600 6.90879611900
-72.70350938800 6.90411893800
-72.70350999900 6.90411607500
-72.70440008900 6.89856602000
-72.70364012800 6.89261594300
-72.70267015400 6.88715586900
-72.70212017900 6.88314581700
-72.70207019000 6.88199580300
-72.70199019700 6.88112579200
-72.70195869500 6.88074311300
-72.70158023700 6.87614573000
-72.70151024400 6.87525571900
-72.70126027900 6.87123567000
-72.70123029100 6.87006565600
-72.70124029700 6.86950565000
-72.70138031000 6.86871564200
-72.70137768900 6.86859658200
-72.70133033300 6.86644561500
-72.70150036000 6.86444559400
-72.70201040100 6.86225557400
-72.70239043000 6.86071556000
-72.70321048600 6.85806553800
-72.70410054100 6.85567552000
-72.70537062700 6.85159548600
-72.70591066800 6.84944546700
-72.70662072000 6.84683544400
-72.70702077100 6.84332540800
-72.70708080100 6.84068537800
-72.70637080500 6.83814534100
-72.70523078800 6.83620530600
-72.70417138000 6.83486710500
-72.70352075500 6.83404526300
-72.70253074000 6.83242523300
-72.70136074600 6.82824517200
-72.70129642800 6.82752473600
-72.70111076800 6.82544513700
-72.70114077900 6.82451512700
-72.70122080600 6.82227510200
-72.70119081100 6.82169509400
-72.70114082900 6.81989507300
-72.70116085900 6.81717504200
-72.70119088800 6.81456501200
-72.70124089100 6.81440501000
-72.70185093700 6.81204499000
-72.70237097200 6.81042497600
-72.70241097400 6.81029497500
-72.70247097800 6.81010497400
-72.70302102500 6.80744494900
-72.70356106800 6.80513492800
-72.70367107800 6.80458492300
-72.70442114200 6.80090488800
-72.70501119300 6.79801486100
-72.70537122100 6.79655484800
-72.70549123000 6.79607484300
-72.70632129300 6.79270481300
-72.70695134800 6.78959478400
-72.70715366800 6.78908627500
-72.70843143700 6.78587475600
-72.70900302700 6.78241694100
-72.70923151600 6.78103470900
-72.70938155200 6.77813467700
-72.70994160700 6.77470464300
-72.71026165500 6.77124460600
-72.71031167600 6.76948458600
-72.71023169400 6.76756456300
-72.70988170300 6.76569453800
-72.70973171000 6.76453452300
-72.70958171300 6.76380451300
-72.70893172600 6.76061446900
-72.70891173100 6.76010446300
-72.70885633700 6.75891324600
-72.70875176200 6.75666442100
-72.70939182600 6.75278438300
-72.71003188100 6.74961435300
-72.71058192400 6.74727433200
-72.71086928800 6.74663669100
-72.71142957500 6.74539344900
-72.71161893300 6.74497327500
-72.71163198400 6.74494431600
-72.71190666400 6.74387551200
-72.71257041800 6.74186513900
-72.71287132900 6.73890568000
-72.71285266900 6.73882144200
-72.71276168100 6.73841068300
-72.71275701300 6.73838960900
-72.71253209600 6.73737423800
-72.71230017300 6.73616819800
-72.71218210400 6.73555421300
-72.71203210600 6.73487420300
-72.71184210900 6.73404419200
-72.71100211500 6.73086414600
-72.71053211800 6.72911412000
-72.71051211800 6.72905412000
-72.71008211600 6.72794410200
-72.71006277600 6.72783708100
-72.70993212000 6.72711409100
-72.70991212100 6.72698408900
-72.70975212600 6.72601407600
-72.70973212700 6.72582407400
-72.70939219300 6.71871398800
-72.70969222600 6.71652396500
-72.70965225600 6.71362393100
-72.70969228700 6.71089390000
-72.70946231100 6.70795386400
-72.70902232500 6.70528382800
-72.70840233300 6.70268379100
-72.70831504900 6.70200183800
-72.70824234100 6.70143377500
-72.70758235700 6.69794372700
-72.70711236900 6.69541369300
-72.70790242000 6.69303367400
-72.70790242100 6.69301367400
-72.70793242200 6.69295367300
-72.70916250100 6.68943364600
-72.70998254600 6.68776363500
-72.71123262300 6.68449361000
-72.71219697200 6.68245124200
-72.71301272200 6.68072358600
-72.71397277600 6.67864357200
-72.71474281600 6.67736356500
-72.71542285000 6.67626356000
-72.71728293500 6.67408355400
-72.71928301900 6.67243355600
-72.71976303900 6.67203355700
-72.72076308000 6.67131355900
-72.72192312500 6.67072356500
-72.72314317000 6.67032357300
-72.72399320700 6.66950357300
-72.72476324400 6.66843356900
-72.72536327700 6.66721356100
-72.72584330200 6.66635355600
-72.72603331500 6.66567355000
-72.72600332500 6.66472353900
-72.72593333000 6.66401353000
-72.72544333100 6.66243350600
-72.72476333600 6.65984346900
-72.72459333800 6.65918345900
-72.72441335800 6.65672342900
-72.72442337100 6.65555341600
-72.72443337800 6.65498340900
-72.72463341200 6.65241338100
-72.72473341800 6.65213337900
-72.72513344400 6.65099337000
-72.72645350900 6.64901336100
-72.72832005400 6.64552567700
-72.72919365500 6.64389333100
-72.73022371200 6.64174331700
-72.73104375800 6.64003330600
-72.73210381100 6.63838329800
-72.73295385300 6.63704329200
-72.73331387100 6.63654329000
-72.73403390800 6.63530328300
-72.73405390900 6.63528328300
-72.73514396200 6.63370327700
-72.73663403600 6.63138326600
-72.73851412700 6.62872325500
-72.73901415400 6.62773324900
-72.73907415800 6.62758324800
-72.73975420200 6.62554323100
-72.74016588200 6.62382132200
-72.74057426600 6.62211320000
-72.74210436800 6.61737316100
-72.74289442300 6.61471313900
-72.74348446000 6.61309312700
-72.74374447600 6.61236312100
-72.74489455700 6.60842308700
-72.74554460100 6.60632307000
-72.74560460500 6.60611306800
-72.74622465100 6.60382304800
-72.74676468400 6.60238303700
-72.74705470200 6.60156303100
-72.74731472100 6.60062302300
-72.74744474700 6.59862300100
-72.74753477100 6.59670298000
-72.74847484900 6.59232293900
-72.74898490000 6.58920290800
-72.74951730700 6.58696540800
-72.74967495400 6.58630288200
-72.75048501500 6.58307285300
-72.75110505900 6.58093283500
-72.75154508800 6.57961282400
-72.75297435100 6.57691024900
-72.75641489100 6.57040457500
-72.75677047200 6.56973220900
-72.75683237100 6.56961516600
-72.75685780100 6.56956708100
-72.75685934700 6.56956415800
-72.75686495500 6.56955355300
-72.75686537200 6.56955276400
-72.76320700800 6.56554769100
-72.76655638900 6.56238670300
-72.77307189800 6.55755260000
-72.77921353200 6.55234649600
-72.78486691800 6.54684764100
-72.78670567200 6.54437614700
-72.79011676800 6.54216280200
-72.79011682100 6.54216277000
-72.79017676100 6.54212688100
-72.79043698700 6.54197106800
-72.79053291500 6.54191363100
-72.79072648800 6.54179772800
-72.79116129300 6.54153738500
-72.79132492200 6.54143941100
-72.79180988400 6.54114903700
-72.79186862200 6.54111386800
-72.79250792500 6.54073108000
-72.79264852000 6.54064689800
-72.79322819800 6.54029981200
-72.79331714500 6.54024655400
-72.79340689800 6.54019281400
-72.79387780000 6.53994271300
-72.79410115800 6.53982408500
-72.79460854700 6.53955460600
-72.79474004400 6.53948476700
-72.79519732200 6.53924190100
-72.79546815900 6.53909805700
-72.79574034000 6.53895349900
-72.79598688100 6.53882255800
-72.79636455300 6.53862197300
-72.79650560400 6.53854705900
-72.79687041300 6.53835330500
-72.79718018100 6.53818878400
-72.79747056100 6.53803456100
-72.79768938600 6.53791834000
-72.79797341800 6.53776748800
-72.79823071300 6.53763083600
-72.79838712400 6.53754776400
-72.79877561000 6.53734143600
-72.79886077200 6.53729620500
-72.79886115100 6.53729600400
-72.79886161500 6.53729575700
-72.79886569800 6.53729358800
-72.79886576600 6.53729383300
-72.79886620400 6.53729541900
-72.79886680700 6.53729760300
-72.79886708900 6.53729862400
-72.79886938400 6.53730693300
-72.79896352000 6.53764777800
-72.79906710900 6.53802284900
-72.79942190500 6.53842938700
-72.79954711900 6.53857286100
-72.80097714700 6.54038289700
-72.80279718200 6.54271294300
-72.80432721300 6.54456298100
-72.80500722400 6.54565300100
-72.80513722600 6.54586300500
-72.80589724000 6.54687302500
-72.80679725300 6.54844305200
-72.80766726400 6.55006308100
-72.80861727600 6.55182311100
-72.80976729000 6.55410315000
-72.81074730200 6.55599318200
-72.81171731300 6.55791321500
-72.81176871700 6.55802738700
-72.81266732200 6.56002324900
-72.81397733900 6.56249329200
-72.81557736500 6.56496333800
-72.81661738600 6.56618336300
-72.81825742100 6.56803340200
-72.81925905400 6.56934927400
-72.81978745000 6.57004344200
-72.82121747500 6.57212348100
-72.82267750600 6.57372351500
-72.82378753000 6.57485354000
-72.82477755300 6.57582356200
-72.82632758900 6.57717359400
-72.82780567200 6.57882904700
-72.82832763100 6.57941364100
-72.83024768100 6.58075367800
-72.83139771100 6.58147369800
-72.83272774400 6.58250372400
-72.83379245400 6.58367588300
-72.83381776700 6.58370375000
-72.83627781900 6.58638380700
-72.83672783000 6.58682381700
-72.83871787500 6.58876386100
-72.83903786900 6.59026388200
-72.84021788900 6.59203391500
-72.84098790200 6.59323393700
-72.84184791800 6.59434395900
-72.84319794900 6.59557398800
-72.84427797800 6.59620400600
-72.84539800900 6.59676402500
-72.84701805300 6.59771405300
-72.84985813000 6.59923410100
-72.85352823300 6.60096416000
-72.85593830400 6.60178419600
-72.85732862000 6.60217934600
-72.85783836100 6.60232422200
-72.85911839800 6.60284424200
-72.85950212400 6.60315665600
-72.86024842600 6.60376426500
-72.86119843800 6.60549429500
-72.86322848100 6.60778434300
-72.86424850300 6.60884436600
-72.86525852400 6.60998439000
-72.86632854300 6.61152442000
-72.86697855100 6.61279444100
-72.86742855100 6.61417446200
-72.86803854600 6.61647449500
-72.86865854000 6.61898453100
-72.86922405600 6.62011557000
-72.86955855000 6.62078456100
-72.87103858000 6.62258459800
-72.87247861100 6.62408463100
-72.87286861300 6.62516464800
-72.87343860400 6.62767468300
-72.87373858200 6.63066472100
-72.87375956500 6.63085358200
-72.87389857200 6.63210473900
-72.87417856600 6.63348475800
-72.87530858300 6.63537479200
-72.87605859400 6.63666481500
-72.87671859900 6.63823484000
-72.87757860700 6.64017487200
-72.87888862200 6.64279491600
-72.87958636500 6.64425181300
-72.88013863500 6.64540496000
-72.88223866300 6.64925502700
-72.88296867000 6.65086505300
-72.88375868000 6.65231507900
-72.88486870000 6.65393510900
-72.88630872100 6.65637515300
-72.88763874200 6.65847519200
-72.88850875700 6.65978521600
-72.88993878400 6.66170525400
-72.89086031100 6.66277643100
-72.89110880800 6.66306528200
-72.89278884600 6.66471531900
-72.89468888300 6.66711536700
-72.89660893100 6.66848540300
-72.89777896100 6.66931542500
-72.89823017100 6.66965882500
-72.89890898900 6.67017544700
-72.90162906200 6.67177549500
-72.90349911200 6.67285552800
-72.90534916500 6.67364555600
-72.90770922900 6.67495559700
-72.90823924000 6.67553560900
-72.90900924900 6.67709563600
-72.90922924900 6.67774564500
-72.90928509300 6.67822288600
-72.90933924300 6.67868565800
-72.90932923300 6.67957566800
-72.90935922000 6.68081568200
-72.90927919600 6.68281570500
-72.90922916500 6.68559573600
-72.90941913000 6.68942578300
-72.90947978000 6.68987135300
-72.90967911800 6.69133580800
-72.90988019100 6.69189389500
-72.91016911900 6.69269582900
-72.91064912300 6.69377584700
-72.91096912800 6.69431585600
-72.91141913500 6.69508587000
-72.91219357900 6.69637988200
-72.91220914700 6.69640589400
-72.91293972200 6.69745737700
-72.91296544700 6.69749440300
-72.91296668700 6.69749618700
-72.91301165600 6.69756090900
-72.91305662500 6.69762563000
-72.91308955800 6.69767302900
-72.91314721700 6.69775601600
-72.91317942200 6.69780236600
-72.91327916600 6.69794592300
-72.91329404300 6.69796404600
-72.91353492500 6.69825748500
-72.91360894700 6.69834765600
-72.91492919900 6.69995596400
-72.91573921400 6.70102598500
-72.91680923400 6.70245601300
-72.91923927300 6.70623608300
-72.92194932800 6.70951615000
-72.92310934700 6.71133618300
-72.92470937800 6.71334622400
-72.92493938200 6.71363622900
-72.92586940000 6.71484625300
-72.92747943000 6.71699629500
-72.92907945600 6.71955634200
-72.92970946200 6.72093636500
-72.93020946300 6.72232638600
-72.93108946700 6.72464642300
-72.93175947200 6.72630644900
-72.93225947300 6.72766647000
-72.93412948300 6.73247654600
-72.93484949000 6.73406657200
-72.93539949100 6.73567659700
-72.93611949700 6.73735662400
-72.93713950600 6.73965666100
-72.93917953500 6.74318672400
-72.93956954000 6.74391673700
-72.94001954600 6.74472675100
-72.94159957400 6.74705679500
-72.94160957400 6.74708679500
-72.94280959000 6.74927683300
-72.94549963900 6.75294690500
-72.94674966200 6.75467693800
-72.94865969600 6.75733698900
-72.95050973100 6.75976703700
-72.95067973500 6.76000704200
-72.95275977700 6.76241709200
-72.95563984300 6.76516715500
-72.95600984200 6.76643717300
-72.95658984400 6.76796719700
-72.95734985000 6.76975722600
-72.95809985700 6.77144725400
-72.95884986600 6.77289727900
-72.95886691000 6.77292476200
-72.95964987900 6.77418730200
-72.95914985300 6.77499730600
-72.95953983800 6.77757734000
-72.95990984700 6.77795734900
-72.96029985400 6.77841735800
-72.96134728300 6.77982662700
-72.96139987500 6.77989738700
-72.96167271700 6.78026837400
-72.96206427300 6.78080077800
-72.96239781800 6.78125430300
-72.96249739100 6.78138969500
-72.96278990100 6.78178742400
-72.96324120900 6.78226771600
-72.96338814000 6.78242408300
-72.96345553400 6.78249580500
-72.96348514300 6.78252731500
-72.96352538900 6.78257014500
-72.96353042700 6.78257550800
-72.96353532000 6.78258071500
-72.96354112700 6.78258689400
-72.96371571600 6.78277269600
-72.96387992400 6.78294744900
-72.96484994200 6.78427747500
-72.96554820900 6.78577259700
-72.96569995000 6.78609750500
-72.96633995000 6.78805753400
-72.96690995200 6.78968755900
-72.96796996200 6.79197759700
-72.96854995900 6.79403762700
-72.96927996200 6.79601765800
-72.96983996600 6.79733767900
-72.97021996300 6.79878770000
-72.97053995600 6.80041772300
-72.97074994900 6.80177774100
-72.97076994800 6.80188774200
-72.97109994400 6.80327776200
-72.97114994400 6.80346776500
-72.97200994000 6.80646780800
-72.97213993900 6.80695781600
-72.97253993500 6.80852783800
-72.97262993100 6.80921784700
-72.97270992500 6.80994785600
-72.97282991700 6.81106787100
-72.97286989100 6.81359790000
-72.97291987600 6.81519791900
-72.97292855700 6.81557571300
-72.97295985800 6.81693794000
-72.97306984700 6.81829795700
-72.97300982300 6.82032798000
-72.97295980600 6.82181799700
-72.97334977200 6.82613805100
-72.97372976300 6.82817807900
-72.97414971300 6.83407815200
-72.97441970500 6.83564817300
-72.97475969200 6.83786820200
-72.97513967400 6.84075824000
-72.97578967400 6.84268826900
-72.97648968000 6.84434829600
-72.97713968500 6.84582832000
-72.97761968200 6.84756834500
-72.97858969100 6.84974838100
-72.97908969100 6.85129840400
-72.97906968900 6.85136840500
-72.97945969900 6.85162841200
-72.98040972300 6.85233843000
-72.98191975900 6.85363846100
-72.98309978400 6.85495848900
-72.98324998400 6.85519881000
-72.98429980300 6.85687852400
-72.98527982100 6.85824855100
-72.98566320400 6.85976737500
-72.98579981600 6.86030858000
-72.98595979700 6.86257860800
-72.98609355000 6.86376576200
-72.98611003800 6.86391209900
-72.98611978600 6.86399862600
-72.98619081400 6.86470522100
-72.98621358400 6.86493174500
-72.98626609800 6.86545416600
-72.98626764400 6.86546954500
-72.98627320700 6.86552488500
-72.98630977200 6.86588865000
-72.98634029300 6.86614046000
-72.98654975900 6.86786867600
-72.98688975900 6.86893869200
-72.98758976900 6.87014871300
-72.98840977200 6.87237874800
-72.98907977900 6.87380877200
-72.98940977400 6.87527879200
-72.99002977300 6.87728882200
-72.99048977500 6.87843884000
-72.99145979100 6.87996886900
-72.99179979800 6.88037887700
-72.99252980800 6.88166890000
-72.99291125400 6.88270199500
-72.99300981000 6.88296892000
-72.99470981500 6.88772899300
-72.99676981200 6.89433909200
-72.99696804300 6.89511894500
-72.99782980200 6.89850915200
-72.99930979900 6.90335922400
-73.00100979100 6.90928931100
-73.00187979500 6.91158934700
-73.00463982400 6.91733944300
-73.00627984400 6.92055949800
-73.00701942400 6.92200685400
-73.00813986600 6.92419956000
-73.00838987900 6.92380955800
-73.00889988200 6.92508957800
-73.00903988300 6.92538958300
-73.00960988900 6.92658960300
-73.00992989300 6.92724961400
-73.00996989300 6.92732961500
-73.01057989500 6.92903964200
-73.01095989600 6.93006965800
-73.01140989800 6.93125967600
-73.01145989900 6.93139967900
-73.01240632500 6.93400639200
-73.01263990300 6.93464972900
-73.01475991800 6.93971981000
-73.01852994900 6.94845995200
-73.02335001400 6.95718010400
-73.02407002400 6.95848012700
-73.02520003300 6.96109017000
-73.02597004600 6.96225019100
-73.02763007400 6.96478023800
-73.03011010500 6.96953032000
-73.03107011900 6.97116034900
-73.03300014300 6.97488041300
-73.03342014900 6.97561042600
-73.03706020100 6.98195053800
-73.04099025000 6.98949066700
-73.04171025800 6.99098069200
-73.04485029100 6.99750080200
-73.04626030600 7.00042085000
-73.04906909400 7.00623977400
-73.04919033800 7.00649095200
-73.06436049400 7.03862148700
-73.06494049600 7.04023151200
-73.06627050000 7.04390156800
-73.07006052700 7.05307171500
-73.07306056200 7.05898181600
-73.07486056100 7.06459190000
-73.07634058900 7.06660193900
-73.07774061400 7.06851197600
-73.07913061900 7.07239203600
-73.08058062000 7.07675210200
-73.08540068000 7.08595226000
-73.08642068800 7.08837229900
-73.08658068800 7.08883230600
-73.08676069000 7.08918231200
-73.08688069200 7.08937231600
-73.08704069600 7.08954231900
-73.08927018500 7.09302102400
-73.08961073700 7.09355239300
-73.08969073800 7.09370239600
-73.08993074100 7.09421240400
-73.09011074300 7.09452241000
-73.09033074700 7.09488241600
-73.09066075400 7.09527242400
-73.09091075800 7.09566243200
-73.09106076100 7.09581243500
-73.09188077400 7.09709245900
-73.10014086900 7.11366273900
-73.10513088800 7.12725295000
-73.10970092200 7.13814312500
-73.11056982400 7.14007979800
-73.11171094000 7.14262319800
-73.11611101300 7.14936332300
-73.11649101800 7.15006333600
-73.11656101400 7.15060334300
-73.11674101000 7.15156335600
-73.11683100800 7.15200336200
-73.11692100600 7.15245336800
-73.11704100500 7.15296337500
-73.11710100200 7.15342338100
-73.11720100100 7.15385338700
-73.11727099700 7.15438339400
-73.11733099400 7.15489340100
-73.11736099000 7.15535340600
-73.11738098600 7.15578341200
-73.11737096200 7.15794343600
-73.11762096800 7.15815344200
-73.11800097700 7.15849345000
-73.11801049500 7.15850649200
-73.11827098200 7.15886345700
-73.11833410200 7.15897048700
-73.11850098500 7.15925346400
-73.11868098600 7.15971347100
-73.11887098800 7.16012347800
-73.11900098800 7.16056348400
-73.11912098700 7.16099349000
-73.11921098500 7.16143349700
-73.11923098100 7.16186350200
-73.11930097800 7.16235350800
-73.11927723400 7.16247222400
-73.11927011000 7.16250783700
-73.11921097100 7.16280351200
-73.11922931800 7.16306040300
-73.11923096800 7.16308351600
-73.11926096100 7.16384352500
-73.11936094700 7.16547354500
-73.11942094600 7.16571354800
-73.11962075000 7.16645607900
-73.12016094100 7.16846358800
-73.12078093700 7.17078362200
-73.12158094900 7.17210364600
-73.12198095500 7.17279365800
-73.12262095100 7.17508369100
-73.12399096200 7.17828374300
-73.12592098600 7.18198380700
-73.12672098900 7.18413384000
-73.12667098000 7.18480384700
-73.12766100200 7.18579386900
-73.12800100200 7.18684388500
-73.12814099900 7.18762389600
-73.12821099100 7.18850390700
-73.12786095900 7.19043392500
-73.12978097900 7.19451399300
-73.12975097600 7.19463399400
-73.12975096500 7.19571400700
-73.12984096300 7.19616401300
-73.12993096100 7.19662401900
-73.13001095900 7.19707402500
-73.13011095700 7.19752403100
-73.13020095500 7.19797403800
-73.13038095600 7.19843404500
-73.13046095400 7.19888405100
-73.13056095200 7.19933405700
-73.13065095100 7.19978406300
-73.13074094900 7.20023407000
-73.13073094200 7.20078407600
-73.13082094100 7.20123408200
-73.13091093900 7.20168408800
-73.13101093700 7.20213409500
-73.13109093500 7.20259410100
-73.13127093600 7.20304410800
-73.13136093400 7.20349411400
-73.13145093200 7.20394412000
-73.13154093000 7.20440412700
-73.13172093100 7.20485413400
-73.13181092900 7.20530414000
-73.13190092700 7.20584414700
-73.13199092600 7.20620415200
-73.13217092700 7.20659415900
-73.13267244100 7.20756330500
-73.13291093700 7.20802418300
-73.13389094400 7.21038422100
-73.13507094700 7.21366427200
-73.13640096500 7.21606431400
-73.13714113200 7.21827087900
-73.13746096600 7.21922436200
-73.13805096000 7.22167439600
-73.13867095200 7.22428443300
-73.13936091300 7.22997450700
-73.14053086600 7.23798461200
-73.14225886200 7.24706632300
-73.14237082200 7.24765474400
-73.14300220300 7.24949906400
-73.14313082400 7.24987477800
-73.14307521700 7.24991700500
-73.14227078900 7.25043477500
-73.14250780000 7.25133061500
-73.14251651900 7.25136357000
-73.14255811700 7.25152080100
-73.14345078000 7.25489483900
-73.14421077200 7.25794488300
-73.14418077000 7.25803488300
-73.14449077700 7.25834489000
-73.14486078100 7.25913490300
-73.14499078100 7.25956491000
-73.14571078300 7.26155494100
-73.14624078100 7.26342496800
-73.14680076700 7.26644500900
-73.14758074400 7.27092506900
-73.14858073400 7.27492512600
-73.14964072000 7.27944519000
-73.15164070800 7.28670529600
-73.15224070100 7.28919533100
-73.15229070100 7.28940533400
-73.15243611000 7.28992985600
-73.15341069400 7.29344539300
-73.15400067700 7.29682543800
-73.15526068400 7.30003548900
-73.15568068300 7.30141550900
-73.15610068300 7.30278553000
-73.15639068200 7.30373554400
-73.15672067800 7.30515556400
-73.15721067100 7.30722559300
-73.15805067400 7.30960563000
-73.15888066900 7.31255567300
-73.15998067500 7.31541571800
-73.16121068700 7.31809576200
-73.16204069000 7.32029579600
-73.16313069300 7.32337584400
-73.16414069300 7.32650589100
-73.16480068300 7.32946593200
-73.16478068100 7.32956593300
-73.16570441100 7.33152036400
-73.16573069100 7.33157596600
-73.16630069700 7.33277598600
-73.16793071200 7.33638604600
-73.16989071500 7.34212613300
-73.17198070800 7.34918623700
-73.17482068100 7.36043639800
-73.17513733300 7.36187964500
-73.17534067200 7.36280643100
-73.17552066600 7.36392644600
-73.17547066200 7.36414644800
-73.17541065500 7.36465645300
-73.17539064900 7.36513645900
-73.17538064300 7.36566646500
-73.17539063200 7.36674647700
-73.17542062700 7.36724648400
-73.17555062600 7.36775649100
-73.17567062500 7.36818649700
-73.17581062500 7.36864650400
-73.17594062500 7.36907651000
-73.17608062400 7.36953651700
-73.17605061800 7.36998652200
-73.17616061700 7.37044652900
-73.17623061800 7.37062653100
-73.17641060900 7.37197654900
-73.17722060400 7.37491659200
-73.17735060600 7.37516659600
-73.17736060500 7.37524659700
-73.17767060900 7.37582660700
-73.17804390300 7.37734878300
-73.17883059700 7.38055667400
-73.17962059800 7.38287671000
-73.18128058700 7.38897679800
-73.18313057500 7.39578689700
-73.18537056200 7.40382701400
-73.18615053800 7.40846707600
-73.18625053600 7.40892708300
-73.18634053500 7.40928708800
-73.18712053500 7.41170712400
-73.19109272700 7.42289166700
-73.19121597100 7.42323868500
-73.19401055400 7.43110742300
-73.20073052600 7.45429776300
-73.20130052100 7.45658779600
-73.20200050800 7.45990784200
-73.20304039500 7.46199787700
-73.20049040200 7.46512788600
-73.20262029100 7.47037797000
-73.20428743100 7.47498019600
-73.20571030100 7.47890810200
-73.20594589600 7.47971319600
-73.20722029500 7.48406817800
-73.21360035700 7.49793840700
-73.21829038000 7.51020859900
-73.22022039600 7.51468867200
-73.22453035800 7.53137891100
-73.22538516600 7.53706340200
-73.22610029800 7.54181904900
-73.22730031200 7.54416908900
-73.23126677500 7.55633184000
-73.23152031200 7.55710928400
-73.23692034200 7.57091950200
-73.23840641800 7.57479645700
-73.24518219500 7.59247347300
-73.24578005700 7.59403321000
-73.24583742600 7.59418287600
-73.24610346800 7.59487694200
-73.24628557300 7.59535202600
-73.24653276500 7.59599691500
-73.24655657400 7.59605902800
-73.24679129900 7.59667139100
-73.24689039200 7.59692991000
-73.24693317200 7.59710219000
-73.25022035700 7.61034010100
-73.25052338900 7.61190820400
-73.25097969800 7.61426947500
-73.25234030900 7.62131025100
-73.25245435500 7.62553153100
-73.25248025800 7.62649031300
-73.25443018500 7.63928048200
-73.25810019300 7.64978064300
-73.25854019400 7.65102066200
-73.26554031200 7.66154085900
-73.26919034500 7.66977099300
-73.27163023000 7.68786122900
-73.27217019700 7.69260129000
-73.27298018100 7.69655134400
-73.27415017800 7.70047140200
-73.27639016200 7.70878152200
-73.27716589800 7.71182737600
-73.27737526800 7.71264944800
-73.27829014500 7.71624162900
-73.27946012400 7.72172170500
-73.28904017000 7.74687209900
-73.29540015800 7.76755240700
-73.29578015600 7.76887242600
-73.30113026000 7.77572256300
-73.30298029500 7.77807261000
-73.30390031200 7.77934263400
-73.30681036500 7.78339271200
-73.31044042300 7.78911281800
-73.31434048700 7.79515292900
-73.31709052800 7.79986301300
-73.31831059100 7.80200894900
-73.31991056700 7.80482310100
-73.32307059500 7.81193321700
-73.32484905800 7.81641876400
-73.32533060900 7.81763330700
-73.32703061100 7.82265338400
-73.32855061000 7.82737345500
-73.32991060900 7.83169351900
-73.33106059900 7.83609358300
-73.33163059800 7.83796361000
-73.33231059300 7.84049364700
-73.33272058300 7.84274367700
-73.33329058100 7.84468370600
-73.33363057800 7.84600372500
-73.33399056500 7.84830375500
-73.33496056500 7.85124380000
-73.33535056000 7.85292382400
-73.33594055300 7.85537385800
-73.33664054400 7.85836390000
-73.33746054000 7.86128394300
-73.33759467100 7.86179845800
-73.33813053400 7.86385398000
-73.33822053400 7.86413398400
-73.33871501000 7.86570077400
-73.33911053300 7.86695402600
-73.33944053400 7.86787404100
-73.34034053800 7.87030407800
-73.34113054100 7.87247411200
-73.34236055400 7.87501415500
-73.34350056700 7.87729419300
-73.34382004500 7.87797879300
-73.34434057500 7.87909422300
-73.34547059400 7.88082425500
-73.34623310400 7.88186866300
-73.34686297800 7.88273140100
-73.34712062400 7.88308429900
-73.34729086600 7.88328524000
-73.34747152600 7.88349847800
-73.34834064900 7.88452432900
-73.35168951000 7.89663903300
-73.35200062800 7.89776452100
-73.35227046700 7.91345470600
-73.34920023000 7.92609482000
-73.34691003700 7.93696492200
-73.34686000600 7.93964495200
-73.34804994500 7.94898507300
-73.34864993900 7.95134510700
-73.34881992700 7.95302512800
-73.34907990300 7.95604516600
-73.34930988100 7.95876520000
-73.34921985200 7.96115522700
-73.34917982600 7.96345525300
-73.34917980300 7.96559527800
-73.34495937500 7.99233554300
-73.33665884900 8.01562572500
-73.33317852600 8.03493591100
-73.33286848600 8.03772594000
-73.33252844300 8.04061597000
-73.33230841100 8.04292599500
-73.33226838400 8.04527602200
-73.33225835300 8.04813605500
-73.33224831800 8.05140609200
-73.33249829000 8.05475613400
-73.33262826500 8.05741616600
-73.33275824900 8.05930618900
-73.33296823300 8.06149621700
-73.33321821400 8.06397624900
-73.33349819900 8.06619627700
-73.33379818600 8.06832630500
-73.33430818500 8.07002633000
-73.33465818200 8.07134634900
-73.33480817900 8.07207635900
-73.33482817300 8.07272636700
-73.33469815900 8.07358637600
-73.33445814000 8.07462638500
-73.33445812900 8.07567639700
-73.33464811700 8.07737641900
-73.33463809600 8.07930644200
-73.33471808100 8.08089646100
-73.33464795900 8.08225651200
-73.33461805700 8.08283648200
-73.33449803600 8.08438649900
-73.33424801100 8.08598651500
-73.33389797400 8.08832653800
-73.33352792800 8.09149657100
-73.33311789000 8.09377659300
-73.33247783900 8.09647661800
-73.33197779700 8.09884664000
-73.33117774100 8.10163666400
-73.33049769200 8.10402668400
-73.33027767600 8.10481669100
-73.32973763800 8.10674670700
-73.32898758300 8.10949673100
-73.32871755500 8.11131675000
-73.32886753600 8.11347677600
-73.32931753400 8.11504679900
-73.32986754100 8.11615681800
-73.33029753900 8.11765684000
-73.33090753600 8.11981687200
-73.33142754000 8.12100689100
-73.33214755000 8.12230691400
-73.33243755100 8.12307692600
-73.33253754800 8.12364693300
-73.33256753700 8.12481694700
-73.33276753500 8.12557695800
-73.33331754300 8.12649697500
-73.33427755900 8.12797700200
-73.33528757100 8.12994703600
-73.33603758000 8.13140706100
-73.33659758300 8.13289708400
-73.33701686800 8.13366988700
-73.33761759600 8.13477711700
-73.33853761100 8.13624714400
-73.33928762100 8.13764716800
-73.34010763400 8.13891719100
-73.34087765000 8.13981721000
-73.34162766700 8.14054722600
-73.34202767700 8.14088723500
-73.34231767600 8.14180724800
-73.34248767800 8.14212725400
-73.34315768800 8.14333727500
-73.34422770000 8.14548731100
-73.34518771100 8.14741734400
-73.34611772000 8.14942737700
-73.34680772600 8.15101740300
-73.34769773000 8.15331743900
-73.34897774800 8.15557747900
-73.35026776700 8.15776751800
-73.35167778700 8.16023756200
-73.35239779300 8.16189758900
-73.35270779000 8.16314760700
-73.35304779100 8.16411762200
-73.35331779000 8.16505763500
-73.35350778400 8.16620765100
-73.35377778300 8.16710766400
-73.35436779500 8.16781767900
-73.35499780900 8.16844769300
-73.35595783300 8.16911771100
-73.35660784700 8.16979772600
-73.35696785000 8.17065773900
-73.35747785300 8.17193776000
-73.35812786000 8.17331778300
-73.35907786700 8.17555781900
-73.35966787200 8.17689784100
-73.36060788100 8.17900787500
-73.36142788500 8.18108790800
-73.36175788600 8.18206792300
-73.36190788300 8.18273793200
-73.36230788500 8.18378794900
-73.36330789000 8.18639799000
-73.36401789100 8.18850802200
-73.36463788800 8.19070805400
-73.36526788700 8.19271808400
-73.36581788500 8.19458811100
-73.36622788900 8.19549812600
-73.36738789500 8.19850817400
-73.36838789700 8.20137821800
-73.36884789200 8.20327824400
-73.36952789700 8.20485827000
-73.37075790600 8.20778831700
-73.37193791000 8.21109836800
-73.37260791400 8.21274839400
-73.37331792200 8.21414841800
-73.37436792900 8.21675846000
-73.37545793900 8.21914849900
-73.37631794300 8.22144853500
-73.37782795400 8.22504859300
-73.37903795800 8.22843864500
-73.38052796000 8.23281871200
-73.38140795800 8.23572875500
-73.38252795600 8.23928880800
-73.38357796200 8.24194885000
-73.38359795800 8.24245885600
-73.38373795200 8.24341886900
-73.38393794800 8.24437888200
-73.38420794500 8.24553889900
-73.38445794200 8.24653891300
-73.38480794000 8.24775893100
-73.38500793400 8.24898894700
-73.38527792700 8.25042896700
-73.38557792700 8.25139898100
-73.38603792400 8.25302900500
-73.38618792100 8.25375901500
-73.38653791900 8.25501903300
-73.38716792500 8.25639905600
-73.38762792700 8.25765907600
-73.38808792700 8.25909909700
-73.38863793100 8.26043911900
-73.38915793700 8.26141913600
-73.38962794100 8.26252915300
-73.38966794100 8.26260915500
-73.39011794500 8.26361917100
-73.39059794700 8.26491919200
-73.39108795100 8.26602921000
-73.39154795400 8.26723922900
-73.39202795400 8.26863925000
-73.39380792800 8.27652936000
-73.39425632200 8.27963280300
-73.39519787000 8.28614948700
-73.39605784800 8.29090955100
-73.39698782300 8.29607962100
-73.39941780100 8.30550975600
-73.40023780200 8.30799979400
-73.40254780200 8.31505990100
-73.40589780800 8.32480004900
-73.40878781600 8.33293017500
-73.41064781800 8.33844025800
-73.41212782200 8.34260032200
-73.41214782300 8.34260032300
-73.41495783100 8.35049044400
-73.41911784700 8.36176061900
-73.42258787300 8.36997075100
-73.42698791300 8.37983091300
-73.43004791600 8.38893105100
-73.43169790200 8.39528114200
-73.43269790200 8.39837118900
-73.43336790100 8.40047122000
-73.43401789800 8.40277125400
-73.43457789800 8.40455128000
-73.43512790000 8.40597130300
-73.43558789600 8.40777132900
-73.43610789400 8.40962135600
-73.43673789100 8.41181138800
-73.43720788800 8.41349141200
-73.43747787300 8.41569144100
-73.43764786200 8.41724146000
-73.43785785200 8.41889148200
-73.43808783500 8.42115151000
-73.43836781900 8.42348154000
-73.43853780800 8.42499156000
-73.43868779000 8.42718158700
-73.43891776900 8.42978161900
-73.43912775800 8.43148164100
-73.43932774500 8.43332166500
-73.43953772500 8.43579169600
-73.43970770800 8.43788172200
-73.43989769600 8.43960174400
-73.44012768800 8.44099176200
-73.44027767700 8.44255178200
-73.44052766500 8.44438180600
-73.44074765400 8.44611182800
-73.44098764600 8.44754184700
-73.44111763700 8.44881186400
-73.44139761800 8.45143189700
-73.44177760600 8.45374192800
-73.44186758500 8.45593195400
-73.44202756700 8.45809198100
-73.44222755400 8.45987200400
-73.44237755000 8.46075201600
-73.44267553500 8.46201848900
-73.44277754500 8.46245204000
-73.44329753700 8.46477207200
-73.44369752100 8.46745210700
-73.44417751400 8.46961213700
-73.44451750600 8.47143216200
-73.44479750000 8.47277218100
-73.44531749400 8.47491221100
-73.44575749000 8.47668223600
-73.44615748300 8.47851226200
-73.44656748400 8.47970228000
-73.44699748300 8.48115230100
-73.44860745000 8.48912241100
-73.45122743700 8.49843254700
-73.45194742400 8.50177259300
-73.45248741800 8.50398262500
-73.45370740300 8.50913269800
-73.45441739400 8.51213274000
-73.45522738000 8.51596279300
-73.45557737500 8.51747281400
-73.45612735700 8.52088286000
-73.45665734200 8.52385290000
-73.45730733000 8.52697294300
-73.45787731700 8.52995298400
-73.45831730800 8.53214301400
-73.45877730200 8.53409304100
-73.45956729100 8.53757309000
-73.45988728300 8.53928311300
-73.46010728100 8.54014312600
-73.46017727600 8.54079313400
-73.46060728800 8.54104314100
-73.46095730100 8.54090314300
-73.46119731000 8.54081314500
-73.46085728100 8.54240316000
-73.46058725300 8.54415317700
-73.46049723400 8.54567319400
-73.46049722200 8.54683320700
-73.46050715000 8.55347328400
-73.46235715800 8.55842336200
-73.46603720200 8.56569348500
-73.46963725200 8.57210359800
-73.47027678000 8.57590473700
-73.47069721900 8.57840368200
-73.47080598300 8.57873105100
-73.47272722000 8.58451377500
-73.47729726600 8.59430393700
-73.48183732500 8.60274408400
-73.48655740200 8.61010421900
-73.48939741600 8.61750433500
-73.49075739800 8.62342441900
-73.49220737900 8.62959450600
-73.49924746200 8.64346474200
-73.49968745800 8.64527476700
-73.50143746900 8.64961483600
-73.50310748000 8.65370490200
-73.50442748400 8.65736495800
-73.50612749300 8.66174502700
-73.50801749800 8.66708510900
-73.51007750500 8.67280519800
-73.51275750100 8.68134532500
-73.51375749500 8.68503537900
-73.51526749800 8.68936544500
-73.51681749800 8.69412551700
-73.51890749500 8.70081561700
-73.52096749700 8.70691570900
-73.52142349300 8.70829270300
-73.52299749800 8.71304580200
-73.52465750100 8.71789587600
-73.52620813500 8.72206149000
-73.52685751000 8.72380596800
-73.52727750000 8.72602599800
-73.52930750100 8.73215609100
-73.53086749500 8.73751617000
-73.53218749300 8.74175623300
-73.53267749300 8.74325625600
-73.53276749300 8.74354626000
-73.53285749300 8.74382626400
-73.53294749300 8.74411626900
-73.53303749300 8.74440627300
-73.53332749300 8.74526628600
-73.53341749300 8.74554629000
-73.53369749300 8.74640630300
-73.53379749300 8.74669630800
-73.53389749400 8.74697631200
-73.53399749400 8.74726631600
-73.53419749400 8.74783632500
-73.53430749500 8.74811633000
-73.53461749600 8.74896634300
-73.53472749700 8.74924634700
-73.53483749700 8.74952635200
-73.53493749700 8.74981635600
-73.53503749800 8.75009636000
-73.53512749700 8.75038636500
-73.53522749800 8.75066636900
-73.53531749800 8.75095637300
-73.53547749700 8.75153638200
-73.53556749600 8.75182638600
-73.53572749600 8.75235639400
-73.53580749600 8.75264639800
-73.53590749600 8.75292640200
-73.53599749600 8.75321640700
-73.53607749500 8.75350641100
-73.53616749500 8.75379641500
-73.53625749500 8.75408642000
-73.53634749500 8.75437642400
-73.53642749400 8.75465642800
-73.53651749400 8.75495643300
-73.53658749300 8.75524643700
-73.53675749300 8.75582644500
-73.53683749200 8.75611644900
-73.53699749100 8.75669645800
-73.53706749100 8.75698646200
-73.53715749000 8.75727646600
-73.53722749000 8.75756647000
-73.53730748900 8.75785647500
-73.53738748900 8.75814647900
-73.53746748800 8.75843648300
-73.53754748800 8.75873648700
-73.53761748700 8.75902649100
-73.53769748600 8.75931649600
-73.53777748600 8.75960650000
-73.53785748500 8.75989650400
-73.53792748400 8.76018650800
-73.53801748400 8.76047651300
-73.53808748400 8.76076651700
-73.53817748300 8.76105652100
-73.53825748300 8.76134652500
-73.53832748200 8.76164652900
-73.53841748200 8.76193653400
-73.53848748100 8.76222653800
-73.53856748100 8.76251654200
-73.53863748000 8.76280654600
-73.53872748000 8.76309655100
-73.53879747900 8.76338655500
-73.53888747900 8.76367655900
-73.53895747800 8.76396656300
-73.53904747800 8.76425656700
-73.53912747700 8.76454657200
-73.53920747700 8.76483657600
-73.53928747600 8.76512658000
-73.53937747600 8.76541658400
-73.53946747600 8.76570658900
-73.53954747500 8.76599659300
-73.53963747500 8.76628659700
-73.53972747500 8.76657660200
-73.53981747500 8.76685660600
-73.53989747500 8.76714661000
-73.53998747500 8.76743661400
-73.54008747500 8.76772661900
-73.54017747500 8.76801662300
-73.54044747400 8.76887663600
-73.54063747400 8.76944664500
-73.54072747400 8.76973664900
-73.54082747400 8.77002665300
-73.54091747400 8.77030665800
-73.54101747500 8.77059666200
-73.54110747400 8.77087666600
-73.54119747400 8.77116667100
-73.54129747500 8.77145667500
-73.54139747500 8.77173667900
-73.54149747500 8.77202668400
-73.54159747500 8.77230668800
-73.54169747500 8.77259669200
-73.54179747600 8.77287669700
-73.54199747600 8.77344670500
-73.54209747700 8.77372671000
-73.54219747700 8.77401671400
-73.54239747700 8.77458672300
-73.54259747800 8.77515673200
-73.54268747800 8.77543673600
-73.54277747700 8.77572674000
-73.54287747800 8.77601674500
-73.54296747800 8.77629674900
-73.54305747700 8.77658675300
-73.54314747700 8.77687675800
-73.54333747700 8.77744676600
-73.54342747700 8.77773677100
-73.54351747700 8.77802677500
-73.54360747700 8.77830677900
-73.54369747700 8.77859678300
-73.54378747700 8.77888678800
-73.54388747700 8.77917679200
-73.54397747700 8.77945679600
-73.54406747700 8.77974680100
-73.54415747700 8.78003680500
-73.54424747700 8.78031680900
-73.54433747700 8.78060681400
-73.54442747600 8.78089681800
-73.54461747700 8.78146682600
-73.54470747600 8.78175683100
-73.54489747700 8.78232683900
-73.54498747600 8.78261684400
-73.54507747600 8.78290684800
-73.54517747600 8.78319685300
-73.54526747600 8.78347685700
-73.54535747600 8.78376686100
-73.54544747600 8.78405686500
-73.54553747600 8.78433687000
-73.54562747600 8.78462687400
-73.54571747600 8.78491687800
-73.54580747600 8.78520688300
-73.54589747600 8.78548688700
-73.54598747500 8.78577689100
-73.54607747500 8.78606689500
-73.54616747500 8.78635690000
-73.54625747500 8.78664690400
-73.54633747500 8.78692690800
-73.54668747400 8.78808692500
-73.54677747400 8.78837693000
-73.54704747300 8.78923694300
-73.54713747300 8.78952694700
-73.54731747300 8.79010695500
-73.54739747200 8.79038696000
-73.54766747200 8.79125697300
-73.54784747200 8.79183698100
-73.54792747100 8.79212698500
-73.54801747100 8.79240699000
-73.54809747100 8.79269699400
-73.54818747000 8.79298699800
-73.54835747000 8.79356700700
-73.54851746900 8.79414701500
-73.54860746900 8.79443701900
-73.54868746800 8.79472702400
-73.54877746800 8.79501702800
-73.54885746800 8.79530703200
-73.54893746700 8.79559703600
-73.54902746700 8.79588704100
-73.54909746600 8.79617704500
-73.54918746600 8.79646704900
-73.54926746600 8.79675705300
-73.54942746500 8.79733706200
-73.54950746400 8.79762706600
-73.54957746300 8.79791707000
-73.54965746300 8.79821707500
-73.54973746200 8.79850707900
-73.54981746200 8.79879708300
-73.54989746100 8.79908708700
-73.54997746100 8.79937709100
-73.55006746100 8.79966709600
-73.55015746100 8.79994710000
-73.55025746100 8.80023710400
-73.55035746100 8.80051710900
-73.55044746100 8.80080711300
-73.55055746200 8.80108711700
-73.55066746200 8.80136712200
-73.55077746300 8.80164712600
-73.55088746300 8.80192713100
-73.55110746500 8.80248714000
-73.55122746600 8.80277714400
-73.55132746600 8.80305714800
-73.55143746600 8.80333715300
-73.55154746700 8.80361715700
-73.55164746700 8.80390716200
-73.55184746800 8.80446717000
-73.55194746800 8.80475717500
-73.55204746800 8.80503717900
-73.55214746900 8.80532718400
-73.55224746900 8.80560718800
-73.55234746900 8.80589719200
-73.55244746900 8.80617719700
-73.55253746900 8.80646720100
-73.55263746900 8.80675720500
-73.55272746900 8.80703721000
-73.55281746900 8.80732721400
-73.55290746900 8.80761721800
-73.55299746900 8.80789722200
-73.55308746900 8.80818722700
-73.55317746900 8.80847723100
-73.55324746800 8.80876723500
-73.55333746800 8.80905724000
-73.55340746700 8.80934724400
-73.55356746600 8.80993725200
-73.55364746500 8.81022725600
-73.55373746500 8.81051726100
-73.55381746500 8.81080726500
-73.55398746400 8.81137727300
-73.55408746400 8.81166727800
-73.55417746400 8.81195728200
-73.55426746400 8.81224728600
-73.55436746400 8.81252729100
-73.55446746500 8.81281729500
-73.55456746500 8.81309730000
-73.55466746500 8.81337730400
-73.55477746600 8.81365730800
-73.55489746700 8.81393731300
-73.55501746800 8.81421731700
-73.55514746900 8.81448732200
-73.55527747000 8.81475732600
-73.55540747200 8.81502733100
-73.55554747400 8.81529733600
-73.55568747500 8.81556734000
-73.55582747700 8.81583734500
-73.55595747800 8.81610734900
-73.55609748000 8.81637735400
-73.55622748200 8.81664735800
-73.55635748300 8.81691736300
-73.55653748500 8.81729736900
-73.55713749100 8.81855739000
-73.55726749200 8.81882739500
-73.55751749500 8.81937740400
-73.55764749600 8.81964740800
-73.55778749800 8.81991741300
-73.55804750100 8.82045742200
-73.55819750200 8.82076742700
-73.55832750400 8.82103743200
-73.55846750500 8.82130743600
-73.55859750700 8.82157744100
-73.55872750800 8.82184744500
-73.55885751000 8.82212745000
-73.55899751100 8.82239745500
-73.55912751300 8.82266745900
-73.55925751400 8.82293746400
-73.55938751500 8.82320746800
-73.55950751600 8.82348747300
-73.55974751800 8.82403748200
-73.55998752000 8.82458749100
-73.56022752200 8.82514750000
-73.56033752300 8.82542750400
-73.56045752400 8.82570750900
-73.56068752500 8.82626751800
-73.56079752600 8.82654752200
-73.56090752700 8.82682752600
-73.56101752700 8.82709753100
-73.56124752900 8.82765754000
-73.56136753000 8.82793754400
-73.56148753100 8.82821754900
-73.56171753200 8.82877755800
-73.56182753300 8.82905756200
-73.56193753400 8.82933756700
-73.56205753500 8.82961757100
-73.56216753500 8.82989757500
-73.56227753600 8.83017758000
-73.56250753800 8.83072758900
-73.56261753800 8.83100759300
-73.56273753900 8.83128759800
-73.56284754000 8.83156760200
-73.56306754100 8.83212761100
-73.56328754200 8.83268762000
-73.56351754400 8.83324762900
-73.56361754400 8.83353763300
-73.56372754500 8.83381763800
-73.56377099700 8.83392824400
-73.56383754500 8.83409764200
-73.56394754600 8.83437764600
-73.56405754700 8.83465765100
-73.56415754700 8.83493765500
-73.56426754700 8.83522766000
-73.56468754900 8.83635767700
-73.56489755000 8.83691768600
-73.56499755000 8.83720769000
-73.56509755000 8.83748769500
-73.56530755100 8.83805770400
-73.56541755200 8.83833770800
-73.56550755200 8.83861771200
-73.56571755300 8.83918772100
-73.56581755300 8.83947772600
-73.56592755300 8.83975773000
-73.56612755400 8.84032773900
-73.56622755400 8.84060774300
-73.56632755400 8.84089774700
-73.56642755500 8.84117775200
-73.56652755500 8.84145775600
-73.56662755500 8.84174776100
-73.56673755600 8.84202776500
-73.56682755600 8.84231776900
-73.56694755600 8.84264777400
-73.56702755600 8.84288777800
-73.56712755600 8.84316778200
-73.56722755700 8.84345778700
-73.56742755700 8.84401779500
-73.56752755700 8.84430780000
-73.56772755800 8.84487780900
-73.56782755800 8.84515781300
-73.56792755800 8.84544781700
-73.56801755800 8.84572782200
-73.56830755900 8.84658783500
-73.56840755900 8.84687783900
-73.56850755900 8.84715784300
-73.56859755900 8.84744784800
-73.56869755900 8.84772785200
-73.56879755900 8.84801785600
-73.56890756000 8.84829786100
-73.56901756100 8.84857786500
-73.56913756200 8.84885787000
-73.56927756300 8.84912787400
-73.56940756500 8.84938787900
-73.56954756700 8.84965788300
-73.56971756900 8.84997788900
-73.56985757000 8.85024789400
-73.56998757200 8.85051789800
-73.57011757300 8.85079790300
-73.57022757400 8.85106790700
-73.57034757500 8.85134791200
-73.57058757700 8.85190792100
-73.57069757700 8.85218792500
-73.57081757800 8.85245792900
-73.57092757900 8.85273793400
-73.57103758000 8.85301793800
-73.57114758000 8.85330794300
-73.57125758100 8.85358794700
-73.57135758100 8.85386795200
-73.57143758100 8.85409795500
-73.57145758100 8.85415795600
-73.57155758200 8.85443796000
-73.57165758200 8.85472796500
-73.57174758200 8.85500796900
-73.57183758200 8.85529797300
-73.57192758100 8.85558797800
-73.57201758100 8.85587798200
-73.57210758100 8.85616798600
-73.57226758000 8.85673799500
-73.57235758000 8.85702799900
-73.57251757900 8.85761800700
-73.57259757900 8.85790801200
-73.57267757800 8.85819801600
-73.57275757800 8.85848802000
-73.57282757700 8.85877802400
-73.57290757600 8.85906802800
-73.57304757500 8.85965803700
-73.57311757400 8.85994804100
-73.57318757300 8.86023804500
-73.57332757100 8.86082805300
-73.57345756900 8.86141806200
-73.57352756800 8.86170806600
-73.57358756700 8.86200807000
-73.57365756600 8.86229807400
-73.57371756500 8.86259807800
-73.57378756400 8.86288808200
-73.57384756300 8.86318808600
-73.57390756200 8.86347809000
-73.57397756100 8.86377809500
-73.57403756000 8.86406809900
-73.57408755800 8.86436810300
-73.57414755700 8.86465810700
-73.57426755500 8.86525811500
-73.57431755300 8.86554811900
-73.57437755200 8.86584812300
-73.57443755000 8.86616812700
-73.57448754900 8.86646813100
-73.57455754800 8.86675813500
-73.57462754700 8.86705813900
-73.57469754600 8.86734814400
-73.57477754600 8.86763814800
-73.57484754500 8.86792815200
-73.57492754500 8.86821815600
-73.57500754400 8.86850816000
-73.57508754300 8.86880816500
-73.57516754300 8.86909816900
-73.57524754300 8.86938817300
-73.57532754200 8.86967817700
-73.57542754200 8.86995818200
-73.58317766100 8.88277841300
-73.58816773100 8.89156856800
-73.59029775100 8.89628864600
-73.59248777600 8.90062871900
-73.59782783000 8.91201890900
-73.60339790100 8.92256909000
-73.60620790200 8.93106921900
-73.61032792300 8.94177938700
-73.61568793700 8.95694962000
-73.62195798300 8.97194986100
-73.62605794400 8.98820009300
-73.62668224800 8.98976665200
-73.62713795000 8.99091013600
-73.63351802100 9.00388035500
-73.63346800400 9.00531037100
-73.63399799000 9.00824041100
-73.63521799800 9.01123045800
-73.63736802800 9.01513052700
-73.64022807200 9.01978061100
-73.64069808100 9.02038062300
-73.64593811200 9.03362083200
-73.64663809900 9.03695087900
-73.64780811200 9.03936091900
-73.64891812600 9.04143095500
-73.64972813000 9.04361098900
-73.65065814400 9.04516101700
-73.65240816200 9.04883107800
-73.65339818400 9.04986110000
-73.65741823400 9.05755123300
-73.65782823600 9.05859124900
-73.65892825300 9.06042128200
-73.65991827500 9.06140130400
-73.66247831200 9.06588138300
-73.66321162400 9.06809100100
-73.66323831200 9.06817141800
-73.66504831600 9.07334149700
-73.66644834000 9.07546153700
-73.66789836100 9.07793158100
-73.66900837400 9.08017161900
-73.66953838300 9.08092163300
-73.67046068000 9.08289124900
-73.67617845000 9.09510186800
-73.67763847200 9.09756191200
-73.68276042800 9.10529507600
-73.68486937100 9.10847917200
-73.68492640000 9.10856527500
-73.68505027700 9.10875230600
-73.68681862600 9.11142217100
-73.68682124600 9.11142611900
-73.68795087500 9.11312865200
-73.69659879100 9.12616244600
-73.70130550700 9.13440578300
-73.70193463600 9.13550763900
-73.70828211500 9.14662460600
-73.71095899500 9.15131289100
-73.71814599500 9.17243659000
-73.72606901700 9.19572356800
-73.74418932900 9.22235407000
-73.74579386200 9.22623061700
-73.75745942300 9.25441458400
-73.76246189500 9.26834391300
-73.76810686700 9.28406227300
-73.78072022600 9.31918403300
-73.80338956500 9.38230655700
-73.81071955200 9.40595691000
-73.81449942500 9.42935722100
-73.81546820000 9.43345435300
-73.81761519000 9.44253437600
-73.81952860300 9.45062655800
-73.81977336200 9.45166168900
-73.82036913200 9.45418131300
-73.82038987100 9.45426902200
-73.82120825600 9.45773012400
-73.82121103100 9.45774186200
-73.82130934000 9.45815762800
-73.84545350200 9.57666066600
-73.88016686700 9.77170240400
-73.90282694200 9.93089398100
-73.90283085400 9.93090665300
-73.90287213400 9.93104035100
-73.90509604900 9.93824327700
-73.91272553100 9.96295402300
-73.91710691600 9.97714467000
-73.92432691300 9.99955500700
-73.92718676900 10.02168529400
-73.93204672400 10.04077556700
-73.93995666300 10.07079600000
-73.94799663300 10.09822640400
-73.95321662300 10.11515665600
-73.95631660200 10.12663682200
-73.95753660900 10.12974687100
-73.95810661200 10.13119689400
-73.95936660700 10.13557695800
-73.96027660000 10.13899700800
-73.96067659000 10.14118703700
-73.96124657500 10.14428708000
-73.96126657500 10.14434708000
-73.96413652700 10.15757726400
-73.96979643700 10.18331762300
-73.97422636900 10.20326790200
-73.97343631200 10.20611792700
-73.97237619200 10.21399800700
-73.97232051800 10.21518103600
-73.97197047400 10.22261919700
-73.97182604800 10.22568813700
-73.97125258900 10.23119956700
-73.97066588900 10.23683825300
-73.97027990100 10.23930776800
-73.96985838400 10.24200459600
-73.96965186000 10.24332591400
-73.96964888600 10.24334494400
-73.96957544300 10.24381482500
-73.96955464700 10.24394787600
-73.96948079100 10.24442039800
-73.96940899200 10.24487976500
-73.96939742200 10.24495378800
-73.96937303000 10.24510984700
-73.96934586500 10.24528364300
-73.96933575300 10.24534833800
-73.98562600100 10.27235882500
-73.98562751600 10.27236478900
-73.98567278600 10.27254298200
-73.98643100400 10.27552752600
-73.98656599300 10.27605887800
-73.98674599100 10.27677888800
-73.98730599300 10.27825891100
-73.98730597600 10.27990893100
-73.98735597000 10.28060893900
-73.98736596900 10.28068894000
-73.98744596500 10.28133894900
-73.98768596400 10.28216896100
-73.98796596600 10.28285897200
-73.98828596900 10.28354898300
-73.98865597300 10.28428899600
-73.98907598000 10.28492900800
-73.98945598600 10.28552901900
-73.98973598900 10.28616902900
-73.99010599300 10.28685904100
-73.99057600500 10.28721905000
-73.99071600900 10.28731905300
-73.99131602200 10.28787906600
-73.99173602900 10.28851907800
-73.99206603300 10.28915908900
-73.99243603800 10.28984910100
-73.99266603800 10.29058911200
-73.99308604500 10.29122912400
-73.99359605400 10.29192913700
-73.99406606300 10.29251914900
-73.99438606700 10.29320916000
-73.99467606900 10.29385917100
-73.99499607200 10.29458918300
-73.99536607700 10.29528919500
-73.99583608500 10.29597920800
-73.99638609700 10.29647922000
-73.99704611600 10.29679923000
-73.99787614100 10.29702924200
-73.99857616100 10.29734925300
-73.99911617500 10.29767926300
-74.00445630400 10.30205937100
-74.00670305200 10.30416602100
-74.00878640400 10.30611946400
-74.01138645500 10.30934952900
-74.01184646400 10.30994954100
-74.01634653700 10.31698967100
-74.01834656300 10.32071973500
-74.02131660200 10.32624983100
-74.02190660900 10.32734985000
-74.02270662100 10.32873987500
-74.02469664400 10.33269994200
-74.02675667500 10.33616000400
-74.02856670200 10.33918005800
-74.03290677200 10.34609018500
-74.03522678100 10.35230028200
-74.03554309700 10.35316445300
-74.03673892100 10.35643143300
-74.03692357200 10.35693589900
-74.03716678800 10.35760036400
-74.03716797500 10.35760437500
-74.03715995800 10.35761105500
-74.03707678500 10.35768036400
-74.03716658800 10.35779791200
-74.03716694300 10.35779837600
-74.03761457300 10.35838429900
-74.03762080100 10.35839245000
-74.03888960400 10.36005324300
-74.04076685500 10.36251045900
-74.04865703200 10.37026063300
-74.05253149200 10.37371746200
-74.05802725200 10.37862083000
-74.06042729600 10.38191089400
-74.06284639500 10.38632839600
-74.06502735800 10.39031104100
-74.07111744300 10.40108123100
-74.07572749600 10.41039138800
-74.07642332300 10.41224569500
-74.07751191000 10.41514666300
-74.07744750100 10.41519146200
-74.07745076000 10.41520033800
-74.07746004600 10.41522563200
-74.07756836100 10.41552065800
-74.07767980500 10.41582421000
-74.07831245600 10.41754741800
-74.07916381500 10.41986634000
-74.07917941200 10.41990882300
-74.07943024400 10.42059203600
-74.08106751400 10.42505161500
-74.08221750700 10.42923167600
-74.08256747200 10.43358173000
-74.08291456300 10.43543295100
-74.08406743500 10.44158183800
-74.08450173800 10.44761989700
-74.08497732900 10.45423199500
-74.08721726200 10.46730217000
-74.08856724600 10.47296225000
-74.08883611000 10.47380889800
-74.08950724500 10.47592229500
-74.09019720200 10.48204237300
-74.09062170400 10.48425592600
-74.09131717600 10.48788245300
-74.09145713100 10.49251250800
-74.09210048300 10.49853625700
-74.09214708400 10.49897259000
-74.09251707300 10.50113261900
-74.09301706000 10.50393265700
-74.09351703800 10.50743270300
-74.09432702400 10.51122275600
-74.09502700500 10.51512280800
-74.09612699000 10.51997287600
-74.09662197000 10.52355999700
-74.09685695700 10.52526294600
-74.09733296200 10.52788928800
-74.09859691100 10.53486307500
-74.09903687500 10.53954313400
-74.09964687000 10.54184316800
-74.09976685700 10.54343318700
-74.09962680900 10.54744323200
-74.09967869300 10.54822160000
-74.09989677500 10.55149328200
-74.09987676200 10.55260329500
-74.09955672600 10.55495331900
-74.09923670300 10.55611332900
-74.09955668900 10.55834335800
-74.09863660100 10.56374341100
-74.09861231900 10.56380963100
-74.09808656600 10.56524342200
-74.09737650700 10.56857345300
-74.09626644500 10.57092346900
-74.09543639000 10.57345348900
-74.09413428700 10.57624231500
-74.09395630700 10.57662351000
-74.09334626800 10.57834352400
-74.09318627200 10.57876454400
-74.09308343700 10.57903514600
-74.09277623300 10.57984353500
-74.09225107600 10.58088821300
-74.09183618200 10.58171354700
-74.09175085000 10.58194945200
-74.09150938800 10.58261698700
-74.09148938800 10.58267227800
-74.09148454800 10.58268565800
-74.09140846200 10.58289600200
-74.09137041900 10.58300117400
-74.09136525400 10.58301545100
-74.09124596100 10.58334524400
-74.09122918600 10.58339162000
-74.09122301500 10.58340867900
-74.09121387800 10.58343393900
-74.09119420200 10.58348833300
-74.09119165500 10.58349537600
-74.09118320300 10.58351874300
-74.09117776700 10.58353376900
-74.09117752500 10.58353444000
-74.09116569900 10.58356713100
-74.09116286300 10.58357497200
-74.09115992800 10.58358308800
-74.09115613900 10.58359356100
-74.08807564000 10.62044395600
-74.08806016900 10.62062313600
-74.08804780900 10.62076628600
-74.08756462400 10.62636235100
-74.08699546900 10.63295408900
-74.08644293000 10.63983885600
-74.08580527000 10.64778424900
-74.08463511000 10.65905436700
-74.08569497700 10.67460455800
-74.08626488200 10.68521468800
-74.08665483100 10.69109476000
-74.08677028600 10.69466281200
-74.08684477400 10.69696483000
-74.08675467400 10.70596493400
-74.08796196100 10.74314315600
-74.08817927800 10.74983539000
-74.08838418700 10.75614553300
-74.08838908300 10.75718078600
-74.08839416500 10.75825555700
-74.08814791600 10.75857449400
-74.08782131300 10.75899750400
-74.08734411500 10.75961556200
-74.08722481000 10.75974931100
-74.08714747200 10.75983601300
-74.08714569900 10.75983800000
-74.08720410700 10.75994556400
-74.08721150400 10.75996097300
-74.08731748900 10.76018173900
-74.08961413300 10.76496564800
-74.09135416000 10.76781570000
-74.09222156800 10.76945546600
-74.09354418800 10.77195577100
-74.09537421400 10.77514582800
-74.09746423800 10.77929589800
-74.09996427000 10.78398597900
-74.10162428600 10.78758603900
-74.10300572200 10.79091407100
-74.10360430100 10.79235611500
-74.10536431800 10.79611617800
-74.10740433600 10.80073625300
-74.10970435500 10.80599633900
-74.11224438500 10.81104642400
-74.11393440500 10.81442648200
-74.11632443700 10.81877655800
-74.11888447700 10.82289663300
-74.12134451100 10.82731671000
-74.12436456000 10.83207679800
-74.12615458000 10.83569685900
-74.12916461700 10.84150695800
-74.13262467200 10.84700705900
-74.13623471900 10.85373717600
-74.13953476500 10.85957727800
-74.14339481900 10.86640739900
-74.14786489200 10.87342752800
-74.15111491300 10.88146765600
-74.15275487600 10.88989777100
-74.15315481300 10.89692785700
-74.15458480200 10.90234793500
-74.15783482800 10.90997805800
-74.16098485300 10.91730817700
-74.16473488300 10.92601831800
-74.16740488200 10.93431844300
-74.16753531700 10.93470786200
-74.17085488500 10.94461859900
-74.17332487000 10.95359873000
-74.17630147500 10.96222336600
-74.17878488000 10.96941897100
-74.18346493600 10.97864912800
-74.18648294200 10.98297543900
-74.18752500700 10.98446923900
-74.18796107900 10.98524068600
-74.19164174100 10.99175208100
-74.19218042300 10.99270505500
-74.19250507700 10.99327939500
-74.19249507700 10.99328939500
-74.19249623100 10.99329632300
-74.19250939800 10.99337532800
-74.19253507500 10.99352939800
-74.19270507800 10.99382940300
-74.19299508300 10.99423941100
-74.19309103600 10.99441212600
-74.19329508700 10.99477942000
-74.19340509000 10.99488942300
-74.19368509500 10.99526943000
-74.19445511400 10.99585944500
-74.19504512900 10.99626945600
-74.19538647400 10.99664127800
-74.19560514100 10.99687946900
-74.19576514300 10.99719947500
-74.19603514700 10.99759948200
-74.19633515500 10.99784948800
-74.19654516000 10.99797949200
-74.19670516400 10.99811949600
-74.19692516900 10.99834950100
-74.19729517600 10.99879951000
-74.19799519100 10.99956952600
-74.19810519300 10.99968952900
-74.19822519500 10.99990953300
-74.19839519800 11.00011953700
-74.19851520000 11.00031954000
-74.19890520800 11.00080955000
-74.20000522900 11.00223957900
-74.20036523700 11.00255958600
-74.20138525300 11.00425961700
-74.20458531000 11.00875970300
-74.20458527900 11.01166162600
-74.20458526300 11.01315975400
-74.20574526000 11.01698981100
-74.20516520300 11.02049984500
-74.20528520100 11.02106985300
-74.20533519800 11.02147985900
-74.20531519200 11.02199986400
-74.20531518600 11.02246987000
-74.20531640100 11.02253182900
-74.20532518100 11.02297987600
-74.20530201200 11.02355893100
-74.20529517200 11.02372988400
-74.20525516500 11.02428989000
-74.20516515700 11.02471989400
-74.20513515500 11.02480989500
-74.20512514900 11.02533990100
-74.20502514000 11.02590990700
-74.20491513000 11.02647991200
-74.20443509800 11.02801992500
-74.20422508300 11.02869993000
-74.20404507000 11.02935993600
-74.20387505800 11.02995994100
-74.20374504700 11.03062994800
-74.20375504100 11.03121995500
-74.20379503700 11.03165996000
-74.20384503000 11.03246997000
-74.20407089900 11.03340990000
-74.20415502600 11.03375998800
-74.20427465200 11.03420701900
-74.20434502500 11.03446999900
-74.20481502900 11.03556001600
-74.20493503000 11.03579002000
-74.20497526200 11.03584813300
-74.20502503200 11.03592002300
-74.20570960000 11.03634538600
-74.20591314200 11.03647186000
-74.20605505900 11.03656004100
-74.21233983200 11.05350393600
-74.21959650600 11.07388212500
-74.23139923900 11.10297222700
-74.25709741700 11.18577747000
-74.34065835200 11.44058929000
-74.34903657700 11.46869774300
-74.36018812800 11.50611054400
-74.36752683400 11.53073147100
-74.36773243400 11.53142124800
-74.37347039500 11.55067176900
-74.38052278400 11.57004267400
-74.39186781100 11.60120423600
-74.40251874200 11.63045931500
-74.41139628200 11.65484339200
-74.41414367500 11.66238969800
-74.41643130800 11.66903089800
-74.40449254400 11.76112459800
-74.41053496000 11.87557264300
-74.41544723900 11.96861503300
-74.40605221700 12.05722958400
-74.40038693200 12.11190204400
-74.30660244000 12.22430033200
-74.05770114000 12.38630015200
-73.87380216000 12.74310011200
-73.63200384000 13.05830009200
-73.30319982000 13.28979971200
-72.91609956000 13.36750031200
-72.42819984000 13.40970041200
-71.83969884000 13.46469977200
-71.19490050000 13.50290009200
-70.95249936000 13.43760005200

