-74.40605221700 12.05722958400
-74.41544723900 11.96861503300
-74.41053496000 11.87557264300
-74.40449254400 11.76112459800
-74.41643130800 11.66903089800
-74.41414367500 11.66238969800
-74.41139628200 11.65484339200
-74.40251874200 11.63045931500
-74.39186781100 11.60120423600
-74.38052278400 11.57004267400
-74.37347039500 11.55067176900
-74.36773243400 11.53142124800
-74.36752683400 11.53073147100
-74.36018812800 11.50611054400
-74.34903657700 11.46869774300
-74.34065835200 11.44058929000
-74.25709741700 11.18577747000
-74.23139923900 11.10297222700
-74.21959650600 11.07388212500
-74.21233983200 11.05350393600
-74.20605505900 11.03656004100
-74.20591314200 11.03647186000
-74.20570960000 11.03634538600
-74.20502503200 11.03592002300
-74.20497526200 11.03584813300
-74.20493503000 11.03579002000
-74.20481502900 11.03556001600
-74.20434502500 11.03446999900
-74.20427465200 11.03420701900
-74.20415502600 11.03375998800
-74.20407089900 11.03340990000
-74.20384503000 11.03246997000
-74.20379503700 11.03165996000
-74.20375504100 11.03121995500
-74.20374504700 11.03062994800
-74.20387505800 11.02995994100
-74.20404507000 11.02935993600
-74.20422508300 11.02869993000
-74.20443509800 11.02801992500
-74.20491513000 11.02647991200
-74.20502514000 11.02590990700
-74.20512514900 11.02533990100
-74.20513515500 11.02480989500
-74.20516515700 11.02471989400
-74.20525516500 11.02428989000
-74.20529517200 11.02372988400
-74.20530201200 11.02355893100
-74.20532518100 11.02297987600
-74.20531640100 11.02253182900
-74.20531518600 11.02246987000
-74.20531519200 11.02199986400
-74.20533519800 11.02147985900
-74.20528520100 11.02106985300
-74.20516520300 11.02049984500
-74.20574526000 11.01698981100
-74.20458526300 11.01315975400
-74.20458527900 11.01166162600
-74.20458531000 11.00875970300
-74.20138525300 11.00425961700
-74.20036523700 11.00255958600
-74.20000522900 11.00223957900
-74.19890520800 11.00080955000
-74.19851520000 11.00031954000
-74.19839519800 11.00011953700
-74.19822519500 10.99990953300
-74.19810519300 10.99968952900
-74.19799519100 10.99956952600
-74.19729517600 10.99879951000
-74.19692516900 10.99834950100
-74.19670516400 10.99811949600
-74.19654516000 10.99797949200
-74.19633515500 10.99784948800
-74.19603514700 10.99759948200
-74.19576514300 10.99719947500
-74.19560514100 10.99687946900
-74.19538647400 10.99664127800
-74.19504512900 10.99626945600
-74.19445511400 10.99585944500
-74.19368509500 10.99526943000
-74.19340509000 10.99488942300
-74.19329508700 10.99477942000
-74.19309103600 10.99441212600
-74.19299508300 10.99423941100
-74.19270507800 10.99382940300
-74.19253507500 10.99352939800
-74.19250939800 10.99337532800
-74.19249623100 10.99329632300
-74.19249507700 10.99328939500
-74.19250507700 10.99327939500
-74.19218042300 10.99270505500
-74.19164174100 10.99175208100
-74.18796107900 10.98524068600
-74.18752500700 10.98446923900
-74.18648294200 10.98297543900
-74.18346493600 10.97864912800
-74.17878488000 10.96941897100
-74.17630147500 10.96222336600
-74.17332487000 10.95359873000
-74.17085488500 10.94461859900
-74.16753531700 10.93470786200
-74.16740488200 10.93431844300
-74.16473488300 10.92601831800
-74.16098485300 10.91730817700
-74.15783482800 10.90997805800
-74.15458480200 10.90234793500
-74.15315481300 10.89692785700
-74.15275487600 10.88989777100
-74.15111491300 10.88146765600
-74.14786489200 10.87342752800
-74.14339481900 10.86640739900
-74.13953476500 10.85957727800
-74.13623471900 10.85373717600
-74.13262467200 10.84700705900
-74.12916461700 10.84150695800
-74.12615458000 10.83569685900
-74.12436456000 10.83207679800
-74.12134451100 10.82731671000
-74.11888447700 10.82289663300
-74.11632443700 10.81877655800
-74.11393440500 10.81442648200
-74.11224438500 10.81104642400
-74.10970435500 10.80599633900
-74.10740433600 10.80073625300
-74.10536431800 10.79611617800
-74.10360430100 10.79235611500
-74.10300572200 10.79091407100
-74.10162428600 10.78758603900
-74.09996427000 10.78398597900
-74.09746423800 10.77929589800
-74.09537421400 10.77514582800
-74.09354418800 10.77195577100
-74.09222156800 10.76945546600
-74.09135416000 10.76781570000
-74.08961413300 10.76496564800
-74.08731748900 10.76018173900
-74.08721150400 10.75996097300
-74.08720410700 10.75994556400
-74.08714569900 10.75983800000
-74.08714747200 10.75983601300
-74.08722481000 10.75974931100
-74.08734411500 10.75961556200
-74.08782131300 10.75899750400
-74.08814791600 10.75857449400
-74.08839416500 10.75825555700
-74.08838908300 10.75718078600
-74.08838418700 10.75614553300
-74.08817927800 10.74983539000
-74.08796196100 10.74314315600
-74.08675467400 10.70596493400
-74.08684477400 10.69696483000
-74.08677028600 10.69466281200
-74.08665483100 10.69109476000
-74.08626488200 10.68521468800
-74.08569497700 10.67460455800
-74.08463511000 10.65905436700
-74.08580527000 10.64778424900
-74.08644293000 10.63983885600
-74.08699546900 10.63295408900
-74.08756462400 10.62636235100
-74.08804780900 10.62076628600
-74.08806016900 10.62062313600
-74.08807564000 10.62044395600
-74.09115613900 10.58359356100
-74.09115992800 10.58358308800
-74.09116286300 10.58357497200
-74.09116569900 10.58356713100
-74.09117752500 10.58353444000
-74.09117776700 10.58353376900
-74.09118320300 10.58351874300
-74.09119165500 10.58349537600
-74.09119420200 10.58348833300
-74.09121387800 10.58343393900
-74.09122301500 10.58340867900
-74.09122918600 10.58339162000
-74.09124596100 10.58334524400
-74.09136525400 10.58301545100
-74.09137041900 10.58300117400
-74.09140846200 10.58289600200
-74.09148454800 10.58268565800
-74.09148938800 10.58267227800
-74.09150938800 10.58261698700
-74.09175085000 10.58194945200
-74.09183618200 10.58171354700
-74.09225107600 10.58088821300
-74.09277623300 10.57984353500
-74.09308343700 10.57903514600
-74.09318627200 10.57876454400
-74.09334626800 10.57834352400
-74.09395630700 10.57662351000
-74.09413428700 10.57624231500
-74.09543639000 10.57345348900
-74.09626644500 10.57092346900
-74.09737650700 10.56857345300
-74.09808656600 10.56524342200
-74.09861231900 10.56380963100
-74.09863660100 10.56374341100
-74.09955668900 10.55834335800
-74.09923670300 10.55611332900
-74.09955672600 10.55495331900
-74.09987676200 10.55260329500
-74.09989677500 10.55149328200
-74.09967869300 10.54822160000
-74.09962680900 10.54744323200
-74.09976685700 10.54343318700
-74.09964687000 10.54184316800
-74.09903687500 10.53954313400
-74.09859691100 10.53486307500
-74.09733296200 10.52788928800
-74.09685695700 10.52526294600
-74.09662197000 10.52355999700
-74.09612699000 10.51997287600
-74.09502700500 10.51512280800
-74.09432702400 10.51122275600
-74.09351703800 10.50743270300
-74.09301706000 10.50393265700
-74.09251707300 10.50113261900
-74.09214708400 10.49897259000
-74.09210048300 10.49853625700
-74.09145713100 10.49251250800
-74.09131717600 10.48788245300
-74.09062170400 10.48425592600
-74.09019720200 10.48204237300
-74.08950724500 10.47592229500
-74.08883611000 10.47380889800
-74.08856724600 10.47296225000
-74.08721726200 10.46730217000
-74.08497732900 10.45423199500
-74.08450173800 10.44761989700
-74.08406743500 10.44158183800
-74.08291456300 10.43543295100
-74.08256747200 10.43358173000
-74.08221750700 10.42923167600
-74.08106751400 10.42505161500
-74.07943024400 10.42059203600
-74.07917941200 10.41990882300
-74.07916381500 10.41986634000
-74.07831245600 10.41754741800
-74.07767980500 10.41582421000
-74.07756836100 10.41552065800
-74.07746004600 10.41522563200
-74.07745076000 10.41520033800
-74.07744750100 10.41519146200
-74.07751191000 10.41514666300
-74.07642332300 10.41224569500
-74.07572749600 10.41039138800
-74.07111744300 10.40108123100
-74.06502735800 10.39031104100
-74.06284639500 10.38632839600
-74.06042729600 10.38191089400
-74.05802725200 10.37862083000
-74.05253149200 10.37371746200
-74.04865703200 10.37026063300
-74.04076685500 10.36251045900
-74.03888960400 10.36005324300
-74.03762080100 10.35839245000
-74.03761457300 10.35838429900
-74.03716694300 10.35779837600
-74.03716658800 10.35779791200
-74.03707678500 10.35768036400
-74.03715995800 10.35761105500
-74.03716797500 10.35760437500
-74.03716678800 10.35760036400
-74.03692357200 10.35693589900
-74.03673892100 10.35643143300
-74.03554309700 10.35316445300
-74.03522678100 10.35230028200
-74.03290677200 10.34609018500
-74.02856670200 10.33918005800
-74.02675667500 10.33616000400
-74.02469664400 10.33269994200
-74.02270662100 10.32873987500
-74.02190660900 10.32734985000
-74.02131660200 10.32624983100
-74.01834656300 10.32071973500
-74.01634653700 10.31698967100
-74.01184646400 10.30994954100
-74.01138645500 10.30934952900
-74.00878640400 10.30611946400
-74.00670305200 10.30416602100
-74.00445630400 10.30205937100
-73.99911617500 10.29767926300
-73.99857616100 10.29734925300
-73.99787614100 10.29702924200
-73.99704611600 10.29679923000
-73.99638609700 10.29647922000
-73.99583608500 10.29597920800
-73.99536607700 10.29528919500
-73.99499607200 10.29458918300
-73.99467606900 10.29385917100
-73.99438606700 10.29320916000
-73.99406606300 10.29251914900
-73.99359605400 10.29192913700
-73.99308604500 10.29122912400
-73.99266603800 10.29058911200
-73.99243603800 10.28984910100
-73.99206603300 10.28915908900
-73.99173602900 10.28851907800
-73.99131602200 10.28787906600
-73.99071600900 10.28731905300
-73.99057600500 10.28721905000
-73.99010599300 10.28685904100
-73.98973598900 10.28616902900
-73.98945598600 10.28552901900
-73.98907598000 10.28492900800
-73.98865597300 10.28428899600
-73.98828596900 10.28354898300
-73.98796596600 10.28285897200
-73.98768596400 10.28216896100
-73.98744596500 10.28133894900
-73.98736596900 10.28068894000
-73.98735597000 10.28060893900
-73.98730597600 10.27990893100
-73.98730599300 10.27825891100
-73.98674599100 10.27677888800
-73.98656599300 10.27605887800
-73.98643100400 10.27552752600
-73.98567278600 10.27254298200
-73.98562751600 10.27236478900
-73.98562600100 10.27235882500
-73.96933575300 10.24534833800
-73.96934586500 10.24528364300
-73.96937303000 10.24510984700
-73.96939742200 10.24495378800
-73.96940899200 10.24487976500
-73.96948079100 10.24442039800
-73.96955464700 10.24394787600
-73.96957544300 10.24381482500
-73.96964888600 10.24334494400
-73.96965186000 10.24332591400
-73.96985838400 10.24200459600
-73.97027990100 10.23930776800
-73.97066588900 10.23683825300
-73.97125258900 10.23119956700
-73.97182604800 10.22568813700
-73.97197047400 10.22261919700
-73.97232051800 10.21518103600
-73.97237619200 10.21399800700
-73.97343631200 10.20611792700
-73.97422636900 10.20326790200
-73.96979643700 10.18331762300
-73.96413652700 10.15757726400
-73.96126657500 10.14434708000
-73.96124657500 10.14428708000
-73.96067659000 10.14118703700
-73.96027660000 10.13899700800
-73.95936660700 10.13557695800
-73.95810661200 10.13119689400
-73.95753660900 10.12974687100
-73.95631660200 10.12663682200
-73.95321662300 10.11515665600
-73.94799663300 10.09822640400
-73.93995666300 10.07079600000
-73.93204672400 10.04077556700
-73.92718676900 10.02168529400
-73.92432691300 9.99955500700
-73.91710691600 9.97714467000
-73.91272553100 9.96295402300
-73.90509604900 9.93824327700
-73.90287213400 9.93104035100
-73.90283085400 9.93090665300
-73.90282694200 9.93089398100
-73.88016686700 9.77170240400
-73.84545350200 9.57666066600
-73.82130934000 9.45815762800
-73.82121103100 9.45774186200
-73.82120825600 9.45773012400
-73.82038987100 9.45426902200
-73.82036913200 9.45418131300
-73.81977336200 9.45166168900
-73.81952860300 9.45062655800
-73.81761519000 9.44253437600
-73.81546820000 9.43345435300
-73.81449942500 9.42935722100
-73.81071955200 9.40595691000
-73.80338956500 9.38230655700
-73.78072022600 9.31918403300
-73.76810686700 9.28406227300
-73.76246189500 9.26834391300
-73.75745942300 9.25441458400
-73.74579386200 9.22623061700
-73.74418932900 9.22235407000
-73.72606901700 9.19572356800
-73.71814599500 9.17243659000
-73.71095899500 9.15131289100
-73.70828211500 9.14662460600
-73.70193463600 9.13550763900
-73.70130550700 9.13440578300
-73.69659879100 9.12616244600
-73.68795087500 9.11312865200
-73.68682124600 9.11142611900
-73.68681862600 9.11142217100
-73.68687601700 9.11138976900
-73.68687871800 9.11138824400
-73.68695196900 9.11134688800
-73.68696694900 9.11133843000
-73.68702072400 9.11130806900
-73.68709976000 9.11126344700
-73.68716829200 9.11122475500
-73.68726628500 9.11116943000
-73.68736503200 9.11111367800
-73.68756074300 9.11100318300
-73.68761053000 9.11097507400
-73.68820016800 9.11064217200
-73.68932154400 9.11000906000
-73.69126447500 9.10891210900
-73.69239967100 9.10827119400
-73.69483768400 9.10689472700
-73.69525193600 9.10666084600
-73.69994881200 9.10400905700
-73.72584939700 9.08938595900
-73.73062034300 9.08669235200
-73.74581054300 9.07573943900
-73.78085239600 9.05047246800
-73.82011390900 9.03069265800
-73.83888554000 9.02411894100
-73.91248842900 8.99834363700
-73.92773787800 8.99300336900
-73.95131507300 8.98652898500
-74.03527175500 8.96347417400
-74.04908861000 8.95629614200
-74.08129313000 8.93956548200
-74.10360440000 8.92797449200
-74.15521026600 8.88629278800
-74.15717664000 8.88470456200
-74.17578342100 8.86323086100
-74.20020178700 8.83505013100
-74.20853515600 8.82543276200
-74.21592906700 8.81689960300
-74.23421401700 8.79579732100
-74.23433623800 8.79565626800
-74.23525209700 8.79459929400
-74.23600780100 8.79372715100
-74.23600808200 8.79372682700
-74.23601010900 8.79372448800
-74.23601023000 8.79372434800
-74.27003097100 8.74214363500
-74.30066306800 8.69114699000
-74.34151102800 8.58186650700
-74.38502926300 8.52335778200
-74.41666831900 8.49301389100
-74.41666918500 8.49301293500
-74.41666977400 8.49301261300
-74.41667130100 8.49301177900
-74.41667711100 8.49300860600
-74.41668141100 8.49300625700
-74.41668400000 8.49300484300
-74.41673430800 8.49297736800
-74.41675902000 8.49296387200
-74.41676122300 8.49296266900
-74.41677065000 8.49295752000
-74.41677916400 8.49295287000
-74.41678115900 8.49295178100
-74.41678153000 8.49295157800
-74.41678494500 8.49294971300
-74.41692676300 8.49287226000
-74.41709739000 8.49277907300
-74.41722350200 8.49271019800
-74.41826928900 8.49213904800
-74.42135424600 8.49045422000
-74.42312674000 8.48948618400
-74.42578004400 8.48803710000
-74.42801971800 8.48681391700
-74.43133370600 8.48500400500
-74.43244068400 8.48439943600
-74.43665180100 8.48209956200
-74.43732621700 8.48173123500
-74.44155906100 8.47941949500
-74.44184281000 8.47926452700
-74.44685968900 8.47652459300
-74.44858069600 8.47558467600
-74.45054309400 8.47451292500
-74.45230084100 8.47355294300
-74.45547603100 8.47183887800
-74.45890214100 8.46998935700
-74.45902576200 8.46992262200
-74.46392756200 8.46727647900
-74.46603177300 8.46614056100
-74.46608034500 8.46611434000
-74.46608134800 8.46611379800
-74.46609301300 8.46610750100
-74.46610682000 8.46610004800
-74.46610754400 8.46609965700
-74.46672902900 8.46576416000
-74.46817294400 8.46498469000
-74.46901619600 8.46452947700
-74.46934708900 8.46435085000
-74.46940784200 8.46431805400
-74.46941865200 8.46431221800
-74.46949721400 8.46426980800
-74.47004708400 8.46397297100
-74.47330293800 8.46221536000
-74.47356872800 8.46207187800
-74.47538187800 8.46109308400
-74.47966040600 8.45878340200
-74.50524290200 8.44497317700
-74.50620541600 8.44445370000
-74.56627527700 8.41203344600
-74.62632060700 8.37225345700
-74.62669770900 8.37200362700
-74.68724268100 8.31644288200
-74.75826696200 8.25126551200
-74.76002344100 8.24965363100
-74.82533096500 8.18842787900
-74.87740504900 8.13960846800
-74.94842852000 8.07302402100
-74.99295686400 8.03127873400
-75.01315437800 8.01234358100
-75.06159712700 7.94048804300
-75.07942017900 7.91405095900
-75.12640510800 7.84435781800
-75.15582859800 7.80071370800
-75.15812149500 7.79731263400
-75.16754217700 7.76297233600
-75.17876297000 7.72388200300
-75.17905929100 7.72276736100
-75.18615351400 7.69608175900
-75.19128394200 7.67217153700
-75.19181398800 7.66952151100
-75.19296407000 7.66540147600
-75.19371212200 7.66108549900
-75.19383415300 7.66038142700
-75.19505426000 7.65425136900
-75.19582434000 7.64913131800
-75.19721447400 7.64100123800
-75.19748458100 7.63188113500
-75.19994478300 7.62073103200
-75.20029485900 7.61475096700
-75.20142491700 7.61283095700
-75.20380509700 7.60350087400
-75.20439517100 7.59839082100
-75.20572869100 7.59451441200
-75.20708534500 7.59057075900
-75.20947549200 7.58425071100
-75.21277569500 7.57553064500
-75.21426580600 7.56981059500
-75.21605592700 7.56410054800
-75.21754603100 7.55898050400
-75.21874611700 7.55477046800
-75.22113626700 7.54815041700
-75.22323637200 7.54484040100
-75.22652654000 7.53942037300
-75.23042675300 7.53160032400
-75.23282688400 7.52678029400
-75.23521701500 7.52196026300
-75.23640710700 7.51715022000
-75.23670823900 7.51612442600
-75.23790721100 7.51204017700
-75.24030735600 7.50602013300
-75.24329753900 7.49820007400
-75.24718776800 7.48887000700
-75.24719776900 7.48882000700
-75.24957790900 7.48314996600
-75.25401808800 7.48023998000
-75.25516816200 7.47684995300
-75.25658824900 7.47316992600
-75.25773830700 7.47126991600
-75.26150413600 7.46602351800
-75.26363859100 7.46304988300
-75.26684875500 7.45775985600
-75.26958888900 7.45372983900
-75.27113895500 7.45234983900
-75.27285904000 7.44970982700
-75.27474913500 7.44671981300
-75.27721926000 7.44274979300
-75.28059943100 7.43722976500
-75.28419961500 7.43124973400
-75.28716977700 7.42532969700
-75.28941989400 7.42141967600
-75.29192002200 7.41721965400
-75.29400012300 7.41420964100
-75.29634023500 7.41098962900
-75.29864035000 7.40742961200
-75.30545067900 7.39781957300
-75.32801182300 7.36095938600
-75.33689638600 7.35067688800
-75.34904278100 7.33661932900
-75.36520350800 7.31883929500
-75.37323478000 7.31064471400
-75.39219469800 7.29129926400
-75.39516482900 7.28827926000
-75.41617575600 7.26683923600
-75.44252692000 7.23972920300
-75.44303694300 7.23919920200
-75.44863719000 7.23343919500
-75.44945552400 7.23259662100
-75.46481790600 7.21677917400
-75.48119868600 7.19469909300
-75.49488930300 7.17945906300
-75.49760041200 7.17644311400
-75.50617981200 7.16689903700
-75.50715985600 7.16581903500
-75.52445005600 7.14372307800
-75.52939089900 7.13740894300
-75.54931184900 7.11040884300
-75.57015280000 7.08618878400
-75.58492349400 7.06721872200
-75.58639355500 7.06603872400
-75.58732359700 7.06497872100
-75.58857366100 7.06286871000
-75.59031374700 7.06029869900
-75.59283386100 7.05745869300
-75.59536397600 7.05455868600
-75.59801409100 7.05198868500
-75.60148423800 7.04901868700
-75.60256006600 7.04795221900
-75.60379433900 7.04672868600
-75.60667447600 7.04289867200
-75.60840455500 7.04089866700
-75.61117468400 7.03736865600
-75.61394480600 7.03461865300
-75.61780496900 7.03135865700
-75.62114511700 7.02786865200
-75.62186185800 7.02683563000
-75.62293520400 7.02528864100
-75.62455528800 7.02248862600
-75.62594536500 7.01961860800
-75.62713542200 7.01791860100
-75.63049557800 7.01381858900
-75.63458577100 7.00848857100
-75.64011603800 7.00062853900
-75.64636635100 6.99082849200
-75.65054656100 6.98414845900
-75.65285667300 6.98087844600
-75.65568682200 6.97577841700
-75.65706689400 6.97331840300
-75.65799695200 6.97073838300
-75.65903701800 6.96780836000
-75.65990706500 6.96620835100
-75.66209717600 6.96259833200
-75.66515732500 6.95812831300
-75.66884750900 6.95245828700
-75.67295771800 6.94569825200
-75.67443902800 6.94349388100
-75.67676790500 6.94002822700
-75.67849798900 6.93755821700
-75.68010806100 6.93584821400
-75.68215816200 6.93268819900
-75.68625837100 6.92592816500
-75.68937853600 6.92024813200
-75.69301872400 6.91394809800
-75.69584887600 6.90855806600
-75.69829900100 6.90447804400
-75.70054911700 6.90063802400
-75.70179197800 6.89841604300
-75.70285923800 6.89650800100
-75.70392929600 6.89434798700
-75.70527937100 6.89159797000
-75.70851954700 6.88517793000
-75.71180972500 6.87875789000
-75.71457986800 6.87400786500
-75.71834006200 6.86758783000
-75.72070019100 6.86288780100
-75.72370034400 6.85789777500
-75.72699050300 6.85325775700
-75.72964063700 6.84890773400
-75.73207077300 6.84374770100
-75.73514094900 6.83686765400
-75.73751109600 6.83055760600
-75.73924121700 6.82458755500
-75.73972059200 6.82237931600
-75.74041131400 6.81919750500
-75.74152140700 6.81397745600
-75.74199146600 6.80996741500
-75.74197148000 6.80857739800
-75.74194150000 6.80668737600
-75.74133155400 6.79979729000
-75.74135161100 6.79450722900
-75.74074161700 6.79215719500
-75.74058162900 6.79055717400
-75.74068165100 6.78876715500
-75.74097167900 6.78710713900
-75.74316178100 6.78429712900
-75.74339180800 6.78257711200
-75.74352182600 6.78123709800
-75.74363184200 6.78012708600
-75.74554198700 6.77256701900
-75.74692132900 6.76975618500
-75.75108229200 6.76127694700
-75.75169232500 6.76002693900
-75.75319241700 6.75615691000
-75.75491252700 6.75122687100
-75.75665262900 6.74714684300
-75.75847273600 6.74272681100
-75.75969280700 6.73995679200
-75.76138290500 6.73598676400
-75.76344302000 6.73169673600
-75.76558313600 6.72753671000
-75.76766324700 6.72357668700
-75.77013337600 6.71920666200
-75.77221348200 6.71574664400
-75.77506362900 6.71086661800
-75.78284398400 6.70181659600
-75.78353475100 6.70126475100
-75.79398444900 6.69291661200
-75.80599496700 6.68173661100
-75.81424409600 6.67551487200
-75.81557437300 6.67451153800
-75.81557598500 6.67451032200
-75.81580880200 6.67433472400
-75.81593853700 6.67423687400
-75.81596451400 6.67421728200
-75.81596537800 6.67421663000
-75.81479536200 6.67213659300
-75.81374534600 6.67041656200
-75.81240811100 6.66835498800
-75.81206531800 6.66782651400
-75.80898525800 6.66389643600
-75.80670522400 6.66005636700
-75.80435518700 6.65632629800
-75.80195925500 6.65157978800
-75.80171515600 6.65109621000
-75.79718508000 6.64420608100
-75.79581507000 6.64090602800
-75.79529507300 6.63908600200
-75.79479507600 6.63720597500
-75.79423509200 6.63399593100
-75.79385510800 6.63142589700
-75.79317512100 6.62807585100
-75.79186512500 6.62365578600
-75.79126512100 6.62225576300
-75.79055511500 6.62064573700
-75.78957510100 6.61892570700
-75.78840507600 6.61763567900
-75.78707504600 6.61628565000
-75.78614502200 6.61566563200
-75.78540500500 6.61501561700
-75.78468499000 6.61420560000
-75.78381497300 6.61307557700
-75.78326497200 6.61146555300
-75.78283496700 6.61061553800
-75.78247497100 6.60916551800
-75.78216497700 6.60766549700
-75.78161497500 6.60616547400
-75.78103497400 6.60447544800
-75.77974496300 6.60152540000
-75.77736492300 6.59791533300
-75.77638962100 6.59663887400
-75.77383485600 6.59329524200
-75.77242482900 6.59143520500
-75.77110721800 6.58920505100
-75.76946623400 6.58642756700
-75.76946478500 6.58642511500
-75.76946508600 6.58642531400
-75.76947021100 6.58642870300
-75.76947028300 6.58642875000
-75.76947173600 6.58642971100
-75.76954849600 6.58648046300
-75.77097549700 6.58742397600
-75.77554494300 6.59044522700
-75.77815501000 6.59227527600
-75.78238512200 6.59488535100
-75.78459519000 6.59534538000
-75.78951534300 6.59626544300
-75.79126540200 6.59620546100
-75.79157541200 6.59618546400
-75.79194542300 6.59627546900
-75.79237543800 6.59627547400
-75.79274545000 6.59622547700
-75.79320546600 6.59617548200
-75.79381548700 6.59609548700
-75.79430550500 6.59594549100
-75.79496552900 6.59570549500
-75.79555555200 6.59544549800
-75.79568129200 6.59539917500
-75.79606893700 6.59525636700
-75.79612557300 6.59523550200
-75.79648436000 6.59519745300
-75.79678559500 6.59516550800
-75.79742561700 6.59516551500
-75.79771562600 6.59520551900
-75.79842838000 6.59518017200
-75.79845336400 6.59517928300
-75.79881249500 6.59516651200
-75.79889594400 6.59516354500
-75.79937775200 6.59514641100
-75.79953513300 6.59514081400
-75.79977003900 6.59513246000
-75.79987817500 6.59512861500
-75.79994278800 6.59512631700
-75.80013572000 6.59511945600
-75.80017662900 6.59511800100
-75.80018388700 6.59511774300
-75.80020538800 6.59511697800
-75.80021217900 6.59511673700
-75.80022997700 6.59511610400
-75.80023361800 6.59511597500
-75.80024571100 6.59511554500
-75.84290336400 6.61242079700
-75.88249220500 6.62773930700
-75.89497840900 6.63569702600
-75.89497891700 6.63569766000
-75.89498457600 6.63570470700
-75.89498491200 6.63570512500
-75.89501097000 6.63573758000
-75.89501631900 6.63574424100
-75.89785737300 6.63928259400
-75.89990850600 6.64183715000
-75.90287741000 6.64547510500
-75.90304346800 6.64567858500
-75.90558861900 6.64879729200
-75.91077831900 6.65298410600
-75.91091874900 6.65309739800
-75.91393934900 6.65484617200
-75.91413246700 6.65495797800
-75.91469352700 6.65528280300
-75.91477068700 6.65532747500
-75.91480745500 6.65534876200
-75.91482741300 6.65536031600
-75.91486711000 6.65538329900
-75.91488146000 6.65539160700
-75.91490288300 6.65540401000
-75.91490885600 6.65540746800
-75.92002897100 6.66045758100
-75.92002904300 6.66045766900
-75.92002948600 6.66045821200
-75.92002982500 6.66045862600
-75.92004546800 6.66047777300
-75.92004721800 6.66047991500
-75.92252902100 6.66351764300
-75.92326903900 6.66411765800
-75.92498908100 6.66550769200
-75.92789915100 6.66789775100
-75.93558933100 6.67480791300
-75.93966942300 6.67884800400
-75.94299186500 6.68094738800
-75.94493956100 6.68217809900
-75.95116972400 6.68621821200
-75.95732989100 6.68960831700
-75.96277005100 6.69151839700
-75.96496011500 6.69233843000
-75.96765018700 6.69385847700
-75.96902998500 6.69467750400
-75.96952023700 6.69496850900
-75.97221030600 6.69685856000
-75.97486037000 6.69904861400
-75.97679041600 6.70071865400
-75.97801044400 6.70183868000
-75.97837045300 6.70215868700
-75.97923047200 6.70295870600
-75.98136052300 6.70484875000
-75.98388057800 6.70745880800
-75.98609062600 6.70974885800
-75.99005072200 6.71306893800
-75.99543088000 6.71485901700
-75.99835094700 6.71768908100
-76.00279102900 6.72367919800
-76.00464219900 6.72567418400
-76.00781113700 6.72908931400
-76.00947117600 6.73058934900
-76.01674133200 6.73841951700
-76.02033141200 6.74196959700
-76.02417147500 6.74797970800
-76.03102160700 6.75676988300
-76.03642170200 6.76453003000
-76.05139890100 6.78126546400
-76.05269204400 6.78271041500
-76.05687212900 6.78765051700
-76.05895217200 6.79010056700
-76.06078221600 6.79165060500
-76.06417228800 6.79540068500
-76.06690235300 6.79772074100
-76.07174246000 6.80266085000
-76.07742260100 6.80703096100
-76.08675283700 6.81378113900
-76.09281298700 6.81850125800
-76.09557006900 6.82063173300
-76.09963315500 6.82377139200
-76.10361324200 6.82795148300
-76.10768332600 6.83266158100
-76.11104221300 6.83587409500
-76.11204342500 6.83683167600
-76.12205870800 6.84523251500
-76.12536918100 6.84800934600
-76.12599434000 6.84853373000
-76.12606376300 6.84859196200
-76.12657834600 6.84905343300
-76.12659317500 6.84906847300
-76.12684066000 6.84931947700
-76.12685237200 6.84933135600
-76.12740231700 6.84988912000
-76.14058692000 6.86326118200
-76.14086409100 6.86354229300
-76.15025427800 6.87506252700
-76.15938446900 6.88537274400
-76.16031447000 6.88819278700
-76.16346938100 6.89263018800
-76.16400453600 6.89338288600
-76.16558452100 6.89958297500
-76.16562149900 6.89992047000
-76.16653445900 6.90825308600
-76.16820445000 6.91427317400
-76.17015444900 6.92029326400
-76.17109441700 6.92613334200
-76.17144856200 6.93025541500
-76.17156437400 6.93160341000
-76.17156437300 6.93168341100
-76.17159585400 6.93171667800
-76.17308582900 6.93329113500
-76.17544445700 6.93578350000
-76.17960451100 6.94361363600
-76.18265454800 6.94953373700
-76.18561458000 6.95564383900
-76.18968460200 6.96612400400
-76.19468463700 6.97815419700
-76.19996468500 6.98999439100
-76.20415062100 7.00513845000
-76.20480465600 7.00750464600
-76.20705459400 7.02018481700
-76.21237451400 7.04389514800
-76.21701451000 7.05857536800
-76.22146452900 7.07042555300
-76.22711456900 7.08409577200
-76.23377465200 7.09684599100
-76.24012477600 7.10481615100
-76.24926497000 7.11490636600
-76.25601509700 7.12386654200
-76.26228519300 7.13416672800
-76.26683524300 7.14351688500
-76.27335542900 7.14625698700
-76.27690551900 7.14881705400
-76.28060551900 7.16018722500
-76.28307729900 7.16760267300
-76.28614855100 7.17681656200
-76.28846552500 7.18376758300
-76.29358557200 7.19514776900
-76.29795564800 7.20144788900
-76.33655632600 7.25709894700
-76.34506646500 7.27037919200
-76.35978665500 7.29796966900
-76.36720673400 7.31335992600
-76.37537678700 7.33359024800
-76.37902546800 7.34345370000
-76.38457682300 7.35846063500
-76.38514094500 7.36205760100
-76.38731672500 7.37593086700
-76.38832672200 7.37932091700
-76.39833678100 7.40458131700
-76.40084680800 7.40981140400
-76.40256682900 7.41314146100
-76.40348684000 7.41493149200
-76.40657688700 7.42003158400
-76.40978690500 7.42824171300
-76.41365696400 7.43470182900
-76.41645700400 7.43958191600
-76.41967704800 7.44537201700
-76.42259709100 7.45036210700
-76.42481711400 7.45503218400
-76.42698713200 7.46004226600
-76.43007715100 7.46773238800
-76.43135715500 7.47126244200
-76.43347717000 7.47639252500
-76.43563719700 7.48054259600
-76.43822722100 7.48628269000
-76.44079725300 7.49123277500
-76.44178726500 7.49312280700
-76.44544732700 7.49861291000
-76.45173746800 7.50482304900
-76.45854763800 7.50998318200
-76.46253146200 7.51349233800
-76.46324774900 7.51412328000
-76.46556779100 7.51731334200
-76.46850784500 7.52137342000
-76.47218789400 7.52811353800
-76.47737800500 7.53379365900
-76.48528821000 7.53899380400
-76.48924830400 7.54247388600
-76.49409841300 7.54725399300
-76.49806849300 7.55204409100
-76.50475849300 7.57256440100
-76.50349834700 7.58219449900
-76.50353328400 7.58870126200
-76.50357819000 7.59706467200
-76.50362810200 7.60537476900
-76.50103792600 7.61369483800
-76.49757774100 7.62027487700
-76.49365754000 7.62685491200
-76.48906735800 7.62967489600
-76.49297742800 7.63517500100
-76.49822751400 7.64330515200
-76.50980778200 7.65399539900
-76.52582822200 7.66242566800
-76.53218834900 7.67017582600
-76.53822838100 7.68571607000
-76.54194583000 7.69253142200
-76.54386845600 7.69605625000
-76.54538543500 7.70156900700
-76.54651844000 7.70568639000
-76.54656835800 7.71346648100
-76.54480580500 7.72824237300
-76.54479813900 7.72830663400
-76.54512651800 7.73229728900
-76.54522204200 7.73345815200
-76.54555544600 7.73750988800
-76.54558203700 7.73783302900
-76.54562609100 7.73836840700
-76.54566187200 7.73880323100
-76.54573607500 7.73970499700
-76.54574547500 7.73981922900
-76.54574559300 7.73982066500
-76.54574698800 7.73983761200
-76.54574869700 7.73985838700
-76.54578276900 7.74027244700
-76.54584576100 7.74103797000
-76.54593113000 7.74207541500
-76.54597005400 7.74254845200
-76.54597138600 7.74256463200
-76.54597316200 7.74258621800
-76.54598090200 7.74268027400
-76.54598264600 7.74270147100
-76.54598610600 7.74274352000
-76.54598712700 7.74275592600
-76.54598802300 7.74276681500
-76.54878252400 7.75596393900
-76.54878326200 7.75596597500
-76.54878708600 7.75597652700
-76.54879384400 7.75599517600
-76.54882012100 7.75606768600
-76.54882498100 7.75608109900
-76.54885085500 7.75615249800
-76.54908115800 7.75678801200
-76.54921108500 7.75714654300
-76.54921385800 7.75715419400
-76.54959413000 7.75820354300
-76.55060361100 7.76098918000
-76.55146649900 7.76337029800
-76.55184746500 7.76442156200
-76.58010850900 7.84240717700
-76.59870217800 7.88417844700
-76.61072091400 7.94078272500
-76.61254546800 7.99095769100
-76.62625392200 8.03807447400
-76.65954090000 8.08593229100
-76.69050005500 8.13530613400
-76.69954668000 8.16079781100
-76.71866047400 8.21585667100
-76.75200683300 8.26644508900
-76.77652216300 8.30930158400
-76.80031677300 8.36640864800
-76.83172565800 8.44445496900
-76.87741130900 8.55295839100
-76.91488782000 8.72059141900
-76.95598629400 8.93227829700
-76.92201351100 8.99792869400
-76.77567667600 9.33700186100
-76.72808745200 9.78315082300
-76.68763662900 9.92829791300
-76.63409876900 10.07582449400
-76.46753647600 10.39586196700
-76.38901428500 10.46486633900
-76.27480308000 10.57439999200
-76.06449882000 10.76500037200
-75.90499884000 11.08730027200
-75.63130182000 11.39000033200
-75.37030038000 11.59480001200
-75.12280272000 11.76449969200
-74.79640206000 11.91380015200
-74.47640220000 12.02079971200
-74.40038693200 12.11190204400
-74.40605221700 12.05722958400

