-77.71382212590 7.48981252262
-77.47111710330 7.43627464999
-77.21413531470 7.38273677736
-77.03567573930 7.32919890473
-76.84293939780 7.27209184059
-76.68589497140 7.20784639343
-76.56811165160 7.14360094627
-76.41106722520 7.08649388213
-76.30756067150 7.04723277554
-76.24331522430 6.98655651989
-76.16400453600 6.89338288600
-76.16346938100 6.89263018800
-76.16031447000 6.88819278700
-76.15938446900 6.88537274400
-76.15025427800 6.87506252700
-76.14086409100 6.86354229300
-76.14058692000 6.86326118200
-76.12740231700 6.84988912000
-76.12685237200 6.84933135600
-76.12684066000 6.84931947700
-76.12659317500 6.84906847300
-76.12657834600 6.84905343300
-76.12606376300 6.84859196200
-76.12599434000 6.84853373000
-76.12536918100 6.84800934600
-76.12205870800 6.84523251500
-76.11204342500 6.83683167600
-76.11104221300 6.83587409500
-76.10768332600 6.83266158100
-76.10361324200 6.82795148300
-76.09963315500 6.82377139200
-76.09557006900 6.82063173300
-76.09281298700 6.81850125800
-76.08675283700 6.81378113900
-76.07742260100 6.80703096100
-76.07174246000 6.80266085000
-76.06690235300 6.79772074100
-76.06417228800 6.79540068500
-76.06078221600 6.79165060500
-76.05895217200 6.79010056700
-76.05687212900 6.78765051700
-76.05269204400 6.78271041500
-76.05139890100 6.78126546400
-76.03642170200 6.76453003000
-76.03102160700 6.75676988300
-76.02417147500 6.74797970800
-76.02033141200 6.74196959700
-76.01674133200 6.73841951700
-76.00947117600 6.73058934900
-76.00781113700 6.72908931400
-76.00464219900 6.72567418400
-76.00279102900 6.72367919800
-75.99835094700 6.71768908100
-75.99543088000 6.71485901700
-75.99005072200 6.71306893800
-75.98609062600 6.70974885800
-75.98388057800 6.70745880800
-75.98136052300 6.70484875000
-75.97923047200 6.70295870600
-75.97837045300 6.70215868700
-75.97801044400 6.70183868000
-75.97679041600 6.70071865400
-75.97486037000 6.69904861400
-75.97221030600 6.69685856000
-75.96952023700 6.69496850900
-75.96902998500 6.69467750400
-75.96902985400 6.69467695400
-75.96893388200 6.69427599400
-75.96877982600 6.69363236500
-75.96874588200 6.69349055000
-75.96846629600 6.69232247200
-75.96813023500 6.69091844800
-75.96759480300 6.68936599100
-75.96644023200 6.68601837300
-75.96583329400 6.68407763900
-75.96482023400 6.68083829500
-75.96366023600 6.67709824000
-75.96234023500 6.67313818000
-75.96067021400 6.66996812500
-75.95888019400 6.66628806300
-75.95759020600 6.66120799100
-75.95618019500 6.65793793800
-75.95518022700 6.65188785700
-75.95320021200 6.64719778100
-75.95065017800 6.64251770000
-75.94828015700 6.63723761300
-75.94650016300 6.63118752400
-75.94530019500 6.62453743400
-75.94450022300 6.61945736700
-75.94426027800 6.61364729700
-75.94363043700 6.59692709600
-75.94470068400 6.57732688000
-75.94518532100 6.57569168400
-75.94812092200 6.56578678300
-75.94694095700 6.55887669000
-75.94575102900 6.54850655700
-75.94509123700 6.52718630300
-75.94447136000 6.51392614200
-75.94556158900 6.49605594700
-75.94548179700 6.47646571900
-75.94599201300 6.45801551000
-75.94646851400 6.43342045800
-75.94647229600 6.43322522800
-75.94962649900 6.41223963500
-75.94985265000 6.41073500300
-75.95513297900 6.39644489400
-75.95208305300 6.38026467300
-75.95147312100 6.37203457100
-75.95010314900 6.36528447800
-75.95059323100 6.35918441300
-75.94972332100 6.34817427600
-75.94709335100 6.33726412100
-75.94513338500 6.32808399400
-75.94219342300 6.31552381700
-75.94107347600 6.30716370800
-75.94020352400 6.30006361600
-75.94018359300 6.29365354200
-75.94298379000 6.28397345900
-75.94278386900 6.27596336400
-75.94532406200 6.26588327500
-75.94440408000 6.26144321300
-75.94535426000 6.24763306300
-75.94528433600 6.24034297800
-75.94499443700 6.23011285600
-75.94472450900 6.22261276600
-75.94364453700 6.21669268600
-75.94123459000 6.20436251700
-75.93968462600 6.19623240700
-75.93691627300 6.18405294500
-75.93630467500 6.18136219800
-75.93473475400 6.16923204100
-75.93468492200 6.15346185700
-75.93414978000 6.14461103900
-75.93414739600 6.14457161100
-75.93414725700 6.14456931500
-75.93395439500 6.14137954100
-75.93386504100 6.13990169100
-75.93180517700 6.12095144900
-75.93147523300 6.11472137400
-75.92983526800 6.10649126100
-75.93098539300 6.09841117900
-75.93087831300 6.09656952300
-75.93047547100 6.08964107200
-75.93085172200 6.08646419900
-75.93128557100 6.08280100100
-75.93258569000 6.07579093400
-75.93205576200 6.06745083200
-75.93036580700 6.05811070500
-75.93022586200 6.05255063900
-75.92752585400 6.04500052300
-75.92579589400 6.03602040000
-75.92391588300 6.03127032500
-75.92151584100 6.02775025900
-75.92107585000 6.02558022900
-75.92031584900 6.02333019500
-75.91902584100 6.02012014400
-75.91838584400 6.01789011100
-75.91766584300 6.01576007800
-75.91722584300 6.01438005800
-75.91702584100 6.01402005100
-75.91468582700 6.00806995700
-75.91237506200 6.00283163500
-75.91192521400 6.00181186400
-75.91187580300 6.00169985400
-75.90966580600 5.99459974800
-75.90749583400 5.98534961700
-75.90677585000 5.98171956700
-75.90452593500 5.96689937100
-75.90412595400 5.96387933200
-75.90370595900 5.96213930800
-75.90356596000 5.96160930000
-75.90213597100 5.95618922200
-75.90163598300 5.95360918700
-75.89977598700 5.94747909600
-75.89800596700 5.94391903500
-75.88701594400 5.91231855200
-75.88797599200 5.91082854500
-75.88719602000 5.90580847800
-75.88716604400 5.90349845100
-75.88542626800 5.87740813000
-75.88411638800 5.86224794000
-75.88384536500 5.86067385700
-75.88384516200 5.86067267900
-75.88351766700 5.85877060300
-75.88333641100 5.85771787900
-75.88329050000 5.85744383500
-75.88301642100 5.85580785300
-75.88287577500 5.85498823100
-75.88162646200 5.84770774500
-75.87985275200 5.83749205400
-75.87892654000 5.83215753600
-75.87869654300 5.83118752200
-75.87803654800 5.82865748500
-75.87660659500 5.81998737000
-75.87593660700 5.81676732500
-75.87446671500 5.80227714100
-75.87425673100 5.80015711500
-75.87254944200 5.79266895800
-75.87241675700 5.79208700100
-75.87177677400 5.78849695300
-75.87169677800 5.78789694500
-75.87078680200 5.78286687700
-75.87006684200 5.77691680000
-75.86980685300 5.77517677700
-75.86833690600 5.76568665200
-75.86829691600 5.76467663900
-75.86822693100 5.76308662000
-75.86821693600 5.76255661400
-75.86827694300 5.76208660900
-75.86833695500 5.76114659900
-75.86772703500 5.75190648500
-75.86749708200 5.74680642400
-75.86754709900 5.74541640800
-75.86749712700 5.74260637500
-75.86748267400 5.74199427200
-75.86743715300 5.74006634500
-75.86730799200 5.72014298600
-75.86730736400 5.72004611100
-75.86601742100 5.71084599100
-75.86598753400 5.70021586700
-75.86721768200 5.69033576600
-75.86812518800 5.68245329800
-75.86814728800 5.68226133700
-75.86820780700 5.68173567600
-75.86806115700 5.67361857500
-75.86801862500 5.67126444500
-75.86801759100 5.67120721000
-75.86800540900 5.67053293000
-75.86799864400 5.67015847300
-75.86798937300 5.66964537400
-75.86798822900 5.66958202000
-75.86798822500 5.66958182500
-75.86798814900 5.66957758900
-75.86798814400 5.66957733600
-75.86798794300 5.66956617200
-75.86798793100 5.66956553300
-75.87619823400 5.65513792400
-75.87619835800 5.65513545300
-75.87619819600 5.65513158700
-75.87619774300 5.65512083000
-75.87619170900 5.65497756200
-75.87618953300 5.65492588500
-75.87618523100 5.65482373000
-75.87618155900 5.65473652800
-75.87617657400 5.65461814500
-75.87617358800 5.65454724900
-75.87617162500 5.65450063500
-75.87616937400 5.65444718000
-75.87616703500 5.65439162900
-75.87616381800 5.65431523900
-75.87616280100 5.65429108600
-75.87615990500 5.65422232100
-75.87615911800 5.65420364300
-75.87615880200 5.65419614300
-75.87615614200 5.65413296700
-75.87615444900 5.65409276000
-75.87615367600 5.65407440600
-75.87615093200 5.65400924100
-75.87614867700 5.65395570300
-75.87614367200 5.65383684700
-75.87613358600 5.65359735600
-75.87612065500 5.65329029000
-75.87604963100 5.65160373600
-75.87603961800 5.65136595800
-75.87602732100 5.65107393800
-75.87597646700 5.64986636100
-75.87565847900 5.64231529900
-75.87567844500 5.63839034100
-75.87567845200 5.63838902700
-75.87567851800 5.63837607600
-75.87567852200 5.63837525300
-75.87567802700 5.63836505500
-75.87571084900 5.63836437200
-75.87585097600 5.63836145400
-75.87682536500 5.63834116500
-75.87902863400 5.63829528800
-75.87840868500 5.63159520400
-75.87841122700 5.63156801000
-75.87937882900 5.62121509400
-75.87915485700 5.61540671100
-75.87855903100 5.59995483800
-75.87445911900 5.57921455400
-75.87359916600 5.57227446400
-75.87335931200 5.55798429600
-75.87232940700 5.54600414600
-75.87202409600 5.53879711800
-75.87202400200 5.53879492100
-75.87198552300 5.53788660200
-75.87198450000 5.53786243900
-75.87189885900 5.53584085600
-75.87187950600 5.53538401800
-75.87203960600 5.52667391900
-75.87177964900 5.52185386000
-75.87175968800 5.52135613500
-75.87149971500 5.51487377600
-75.87083976900 5.50779368700
-75.87046984300 5.49981359100
-75.87014987500 5.49592354200
-75.87000988800 5.49429352200
-75.86998991300 5.49187349300
-75.87001098500 5.49065395000
-75.87022006400 5.47855334100
-75.87027016800 5.46908323200
-75.86989025100 5.46019312500
-75.86936037300 5.44723296900
-75.86948041900 5.44338292600
-75.86967051900 5.43464282600
-75.86927055600 5.43001276800
-75.86914804900 5.42748861000
-75.86912058400 5.42692273100
-75.86885063500 5.42141266400
-75.86942073500 5.41386258300
-75.86960076300 5.41182256100
-75.87005083500 5.40649250400
-75.87215103400 5.39448238700
-75.87343119700 5.38331227100
-75.87427133900 5.37276215800
-75.87466145500 5.36318205100
-75.87460153000 5.35601196700
-75.87504160800 5.35011190300
-75.87566168900 5.34456184500
-75.87566169800 5.34375183600
-75.87622176700 5.33905178800
-75.87743193300 5.32735166500
-75.87922205700 5.32136161400
-75.88052217100 5.31472155100
-75.88172336900 5.30684058700
-75.88182230600 5.30619146600
-75.88331243600 5.29879139600
-75.88455252500 5.29433135800
-75.88891298400 5.26507106500
-75.88887311400 5.25726412400
-75.88886308800 5.25530095100
-75.88931329300 5.23765075100
-75.89023339500 5.23100068400
-75.89087349100 5.22413061100
-75.89174370300 5.20709042300
-75.89069380100 5.19483026900
-75.89057384600 5.19027021500
-75.89060387200 5.18796018900
-75.89047386900 5.18783018600
-75.88897385800 5.18427012800
-75.88875386500 5.18290011000
-75.88879386700 5.18284011000
-75.88848388300 5.18038007800
-75.88887393600 5.17669004000
-75.88929401100 5.17099997800
-75.89035409200 5.16672994000
-75.89248429300 5.15467982300
-75.89344436800 5.15066978700
-75.89554456700 5.13863966900
-75.89695466500 5.13385962900
-75.89697935200 5.13373479900
-75.89853480400 5.12586955300
-75.89782483400 5.12084948700
-75.89702488500 5.11372939600
-75.89649493200 5.10767932000
-75.89607496800 5.10302926200
-75.89595501700 5.09815920400
-75.89582507400 5.09250913700
-75.89572613000 5.09064163700
-75.89571929600 5.09051264800
-75.89571906600 5.09050830400
-75.89551512600 5.08665906600
-75.89515517500 5.08104899700
-75.89510522000 5.07672894700
-75.89527526900 5.07267890100
-75.89548530100 5.07033887700
-75.89549542000 5.06970350300
-75.89554534400 5.06656883400
-75.89512537000 5.06286878600
-75.89442509000 5.06031652900
-75.89301538300 5.05517867400
-75.89249538100 5.05376865300
-75.89171537800 5.05161861900
-75.89000536800 5.04729855100
-75.88985537000 5.04671854300
-75.88881538600 5.04203847700
-75.88668542400 5.03191833700
-75.88530547400 5.02306822000
-75.88505554100 5.01611813600
-75.88535562400 5.00929806100
-75.88578566400 5.00692803800
-75.88635573500 5.00208798800
-75.88678581700 4.99580791900
-75.88703584300 4.99412790300
-75.88778592300 4.98899785100
-75.88786593100 4.98856784700
-75.88871601300 4.98353779800
-75.89044614500 4.97664773600
-75.89223625400 4.97197770100
-75.89289629500 4.97022768800
-75.89386634000 4.96901768400
-75.89483639900 4.96653766600
-75.89538643100 4.96521765600
-75.89697651200 4.96257764300
-75.89744654300 4.96121763200
-75.89767656500 4.95985761900
-75.89791659100 4.95821760200
-75.89795660500 4.95697758800
-75.89969673000 4.95075753500
-75.90571708400 4.93640743200
-75.91071733600 4.92840739300
-75.91226284000 4.92406510500
-75.91439756900 4.91806731200
-75.92007794000 4.90105717600
-75.92675832000 4.88637707700
-75.93177861900 4.87403698700
-75.93223426000 4.87306038400
-75.93644888100 4.86402692100
-75.94412926900 4.85169686000
-75.94745944700 4.84535682200
-75.95147969500 4.83468674100
-75.95547989200 4.82868671400
-75.96249024700 4.81734665800
-75.96715047300 4.81067663000
-75.97150070700 4.80233658000
-75.97483086700 4.79766656100
-75.97916106800 4.79233654500
-75.98382125800 4.78900655700
-75.98916147100 4.78567657500
-75.99348164300 4.78301659000
-75.99715179400 4.78026659700
-75.99677190700 4.76857645800
-75.99847217800 4.74865624500
-75.99914225000 4.74408619900
-75.99956771800 4.74016629100
-75.99970232400 4.73892614500
-75.99971138100 4.73856213800
-75.99971239200 4.73852153000
-75.99971351500 4.73847638000
-75.99971717700 4.73832922400
-75.99972274500 4.73810544500
-75.99972668600 4.73794704800
-75.99974871200 4.73706188900
-75.99995375900 4.72882133900
-75.99999245900 4.72726601300
-76.00109263300 4.71453587700
-76.00304523500 4.70500331200
-76.00381286600 4.70125575200
-76.00634357000 4.69118778400
-76.00708311500 4.68824563600
-76.01022819000 4.67622567500
-76.01034335700 4.67578552600
-76.01279354600 4.66576543600
-76.01657077000 4.65442511200
-76.01685381200 4.65357533800
-76.02064403900 4.64409526900
-76.02291027100 4.63956971100
-76.02742441000 4.63055518400
-76.03252485800 4.62080332800
-76.03663490500 4.61294507800
-76.04046157600 4.60624969600
-76.04638541100 4.59588498400
-76.05194570600 4.58563492500
-76.05376356500 4.58189914000
-76.05466585600 4.58004488900
-76.05809411600 4.57228922100
-76.05809492900 4.57228738300
-76.05809500200 4.57228722700
-76.05809590900 4.57228518400
-76.05809596300 4.57228505800
-76.05809605300 4.57228483600
-76.05809640300 4.57228407100
-76.05810220600 4.57227136700
-76.05811110300 4.57225188900
-76.05811115300 4.57225178000
-76.05811731500 4.57223828800
-76.05820074200 4.57205564800
-76.05822097200 4.57201135900
-76.05828075100 4.57188048900
-76.05829704400 4.57184481800
-76.05830755700 4.57182180400
-76.05836076300 4.57170532400
-76.05837748400 4.57166871700
-76.05842443800 4.57156592400
-76.05851943200 4.57135795900
-76.05879713200 4.57075000700
-76.05885787200 4.57061703300
-76.05978614900 4.56858481100
-76.05987615400 4.56837480900
-76.06111558800 4.56565796000
-76.06190627000 4.56392477900
-76.06463641700 4.55867474800
-76.06892664900 4.55029469600
-76.07203564800 4.54368601500
-76.07218683200 4.54336465100
-76.07615705400 4.53487459500
-76.08101732300 4.52490453100
-76.08471752100 4.51784448900
-76.08610991700 4.51533468900
-76.09089784600 4.50670442500
-76.09334798700 4.50113438700
-76.09477807100 4.49774436300
-76.09601813300 4.49584435400
-76.09608690500 4.49570573100
-76.09918830600 4.48945431400
-76.11153074900 4.46648946200
-76.11153147600 4.46648811000
-76.11153156000 4.46648795300
-76.11153837000 4.46647528200
-76.11153896300 4.46647417900
-76.12039622300 4.43775255200
-76.12375326000 4.41843056400
-76.13013033200 4.39656356700
-76.13033325200 4.39607027300
-76.13038560000 4.39594301400
-76.13047428700 4.39572741700
-76.13054976700 4.39554392600
-76.13055415800 4.39553325300
-76.13056744200 4.39550095800
-76.13078347200 4.39497579400
-76.13083899000 4.39484083000
-76.13104336500 4.39434399800
-76.13115760900 4.39406627300
-76.13129051300 4.39374318400
-76.13158004400 4.39303933900
-76.13200259400 4.39201212600
-76.13463059900 4.38562348800
-76.13478769200 4.38529276600
-76.14023091200 4.37383341100
-76.14053092900 4.37317340600
-76.14379111200 4.36616336000
-76.14791132400 4.35918332300
-76.15158152300 4.35197327800
-76.15512169500 4.34688325700
-76.15739180900 4.34328324000
-76.16345214200 4.33103316200
-76.17109252500 4.31895310400
-76.17240259100 4.31679309300
-76.17596608700 4.31178488000
-76.18626326000 4.29731301500
-76.18924690500 4.29220939400
-76.19248358100 4.28667295800
-76.20008395000 4.27575291200
-76.20669426800 4.26655287600
-76.21349461100 4.25558282100
-76.21594475600 4.24968277900
-76.22313518300 4.23215265200
-76.22910555500 4.21599252900
-76.23255576500 4.20711246300
-76.23303854800 4.20511732200
-76.23398587600 4.20120240900
-76.23557600100 4.19449234800
-76.23831295900 4.18848469100
-76.23844616400 4.18819230600
-76.24042628300 4.18326227000
-76.24352647700 4.17478220500
-76.24575661500 4.16877215900
-76.24803674500 4.16373212500
-76.25094691100 4.15731208100
-76.25759729600 4.14202197500
-76.26144750200 4.13469193100
-76.26436767300 4.12782188200
-76.26914793500 4.11815182100
-76.27603827200 4.10808177800
-76.27989362300 4.10233393100
-76.28155854300 4.09985174200
-76.28711880700 4.09248171500
-76.29166096600 4.08687066600
-76.29395912400 4.08403169000
-76.29901938900 4.07498164000
-76.30506971300 4.06354157100
-76.30824994800 4.05149146600
-76.31266026100 4.03606133400
-76.31415038800 4.02878126500
-76.31584212600 4.02245717900
-76.31610053100 4.02149120100
-76.31810066900 4.01490114600
-76.31919078300 4.00761107300
-76.32020088600 4.00124101000
-76.32228106400 3.99108091500
-76.32399117900 3.98563087000
-76.32563129200 3.98024082500
-76.32622218300 3.97802003300
-76.32853150500 3.96934072900
-76.32891158400 3.96320066200
-76.33046172400 3.95493058300
-76.33503994900 3.94234115700
-76.33538203300 3.94140047800
-76.33760216300 3.93613044100
-76.34107240000 3.92484034700
-76.34293250600 3.92077032000
-76.34880288900 3.90323017900
-76.35323314600 3.89303010800
-76.35546699400 3.88545176600
-76.35570331800 3.88465003700
-76.35833349100 3.87667997300
-76.36004359500 3.87226994000
-76.36054026100 3.87003978900
-76.36110368100 3.86750989600
-76.36472390100 3.85821982700
-76.36931413800 3.85032978400
-76.37287434100 3.84247973100
-76.37561449600 3.83645969100
-76.37710459000 3.83370216100
-76.37757894600 3.83282433000
-76.38090477700 3.82666963400
-76.38404495700 3.81956958500
-76.38680927300 3.81263340700
-76.38726515100 3.81148952500
-76.38901525000 3.80764950000
-76.39088536900 3.80237945800
-76.39373731800 3.79570748300
-76.39409283500 3.79487577200
-76.39409540300 3.79486976500
-76.39409555600 3.79486940600
-76.39411493600 3.79479331800
-76.39415344800 3.79464211000
-76.39422094200 3.79437711700
-76.39422167300 3.79437424700
-76.39428006500 3.79414498800
-76.39434482100 3.79389074100
-76.39454336100 3.79311122900
-76.39461400200 3.79283387900
-76.39539255200 3.78977712800
-76.39545565900 3.78952935800
-76.39618673200 3.78740718500
-76.39679574500 3.78563932700
-76.39843584000 3.78184930100
-76.40094598000 3.77663926700
-76.40279607500 3.77348925000
-76.40346646500 3.77267118300
-76.40574621100 3.76988924000
-76.40830634500 3.76536921500
-76.41054326900 3.76182084100
-76.41079647000 3.76141919600
-76.41295659400 3.75649916200
-76.41388663500 3.75557916100
-76.41610678300 3.74863910400
-76.41757687500 3.74468907400
-76.41967699300 3.74015904400
-76.42131709500 3.73568901000
-76.42231717100 3.73178897500
-76.42250720500 3.72914894700
-76.42364732000 3.72196887500
-76.42574744200 3.71709884100
-76.42696750900 3.71468882600
-76.42941764500 3.70953879300
-76.43069772300 3.70626876900
-76.43162777200 3.70454875900
-76.43273784100 3.70162873700
-76.43373790600 3.69864871300
-76.43641805500 3.69308867700
-76.44088726400 3.68408671900
-76.44130832300 3.68323861500
-76.45005875600 3.66990855400
-76.45144881900 3.66830855000
-76.45390897300 3.66159849800
-76.45488902900 3.65936848300
-76.45617910800 3.65603845800
-76.46051939600 3.64265834900
-76.46174946000 3.64048833700
-76.46360955600 3.63729832000
-76.46653972100 3.63095827800
-76.47076996100 3.62171821600
-76.47230004300 3.61883819900
-76.47337012500 3.61445815900
-76.47431018300 3.61199814100
-76.47474022000 3.60987812100
-76.47534027300 3.60684809200
-76.47605032000 3.60466807400
-76.47652036900 3.60153804300
-76.47738412900 3.59799495100
-76.47828306400 3.59430757000
-76.47877054300 3.59230796000
-76.48072067500 3.58601790800
-76.48185075000 3.58252787900
-76.48388090200 3.57468781000
-76.48442094500 3.57233778900
-76.48496099200 3.56970776400
-76.48526101300 3.56861775500
-76.48732113600 3.56358771800
-76.48991128500 3.55764767700
-76.49144137400 3.55410765200
-76.49225142000 3.55233764000
-76.49351148400 3.55025763000
-76.49523156800 3.54777761900
-76.49802170700 3.54344759900
-76.49902175800 3.54179759000
-76.49960178700 3.54082758500
-76.50127142800 3.53874309500
-76.50127191400 3.53874248800
-76.50129090000 3.53871878600
-76.50129186600 3.53871757900
-76.50501205800 3.53235754500
-76.50541130100 3.53162910300
-76.50541805100 3.53161678700
-76.50550794100 3.53145277700
-76.50559596900 3.53129216400
-76.50572918600 3.53104910200
-76.50595121400 3.53064399900
-76.50651978800 3.52960660300
-76.50653433900 3.52958005300
-76.50712216900 3.52850752300
-76.50771318500 3.52746028000
-76.50833627100 3.52635621000
-76.50905227000 3.52508750400
-76.50966838600 3.52415282900
-76.51168240000 3.52109748500
-76.51220621100 3.52013497100
-76.51519258600 3.51464744800
-76.51659265900 3.51219743500
-76.51851276000 3.50865741400
-76.51919279800 3.50724740500
-76.51920130800 3.50723486100
-76.52054286400 3.50525739600
-76.52078288800 3.50381738200
-76.52081291000 3.50178735900
-76.52125295700 3.49879732900
-76.52217302700 3.49514729600
-76.52284998900 3.49206895400
-76.52301309600 3.49132726100
-76.52721332400 3.48304721000
-76.52802338300 3.48008718400
-76.52807761200 3.47987106000
-76.52872343600 3.47729715900
-76.53208369400 3.46371703800
-76.53275951200 3.45616189800
-76.53302383800 3.45320692600
-76.53347436800 3.45107958100
-76.53410392900 3.44810687800
-76.53553402900 3.44322683700
-76.53667412100 3.43823679100
-76.53746421900 3.43153672200
-76.53806428300 3.42748668100
-76.53825396300 3.42602559400
-76.53860434500 3.42332663900
-76.53918735700 3.42067007000
-76.53939441000 3.41972660500
-76.54185461500 3.40830649900
-76.54262468200 3.40447646300
-76.54359480200 3.39632637900
-76.54386982400 3.39429100500
-76.54465877600 3.38845216800
-76.54491495100 3.38655628000
-76.54550503300 3.38072621800
-76.54633512000 3.37522616300
-76.54662516300 3.37211613000
-76.54683519400 3.36991610700
-76.54760836600 3.36601475300
-76.54791528800 3.36446605500
-76.54798530100 3.36344604400
-76.54850619900 3.35575837400
-76.54865543000 3.35355593700
-76.54950554600 3.34539585100
-76.55041411300 3.33937565200
-76.55100570300 3.33545575200
-76.55498596000 3.32388566000
-76.55521791900 3.32320734700
-76.55615294800 3.32047306200
-76.55723610500 3.31730560800
-76.55971624500 3.31196557300
-76.56216636400 3.30840555700
-76.56779154200 3.30011250800
-76.56784656000 3.30003139700
-76.56859667900 3.29892551600
-76.57407696800 3.28898545900
-76.57843606900 3.27999633500
-76.58109876800 3.27450544900
-76.58162738600 3.27341535900
-76.58635270000 3.26219796700
-76.58670768400 3.26135527400
-76.59119795200 3.25025519300
-76.59146753600 3.24931474000
-76.59430817200 3.23940510000
-76.59549521000 3.23421550500
-76.59653835100 3.22965501100
-76.60008160100 3.21945137200
-76.60061861300 3.21790491800
-76.60298326700 3.21070643100
-76.60399883500 3.20761483500
-76.60727905000 3.19774475500
-76.60829055300 3.19468408300
-76.60919917700 3.19193470900
-76.61285029500 3.18229566600
-76.61397947100 3.17931461300
-76.61603940500 3.17364305100
-76.61616960800 3.17328456700
-76.61906978000 3.16624451600
-76.62163993100 3.16017447300
-76.62333021600 3.15688302300
-76.62373004400 3.15610444800
-76.62473435600 3.15431444900
-76.62782025800 3.14881440700
-76.63587488100 3.13501023500
-76.63619097900 3.13446850000
-76.63890082900 3.12982430500
-76.64354306700 3.11624818400
-76.64381114700 3.11546419100
-76.64401512700 3.11476656300
-76.64588129200 3.10838413100
-76.64855139800 3.10666414000
-76.65130503100 3.10563958800
-76.65586167000 3.10394418600
-76.65788179600 3.09845414400
-76.66003692400 3.09449355500
-76.66010191300 3.09437412000
-76.66155199300 3.09143410200
-76.66234203800 3.08969409000
-76.66307207800 3.08822408100
-76.66388212200 3.08666407100
-76.66483217300 3.08476405900
-76.66523266400 3.08372880400
-76.66577223100 3.08233404100
-76.66612227700 3.07915400800
-76.66658228800 3.07954401800
-76.66733232700 3.07819401000
-76.66756234500 3.07723400100
-76.66780236300 3.07628399300
-76.66805238500 3.07505398100
-76.66847275900 3.07369706600
-76.66862242300 3.07321396600
-76.66891245300 3.07134394700
-76.66918248500 3.06918392500
-76.66975249700 3.06984393900
-76.66987252300 3.06785391700
-76.66988253100 3.06710390800
-76.66996254600 3.06598389600
-76.67009256500 3.06456388100
-76.67025741100 3.06303708100
-76.67028259100 3.06280386300
-76.67047261700 3.06098384400
-76.67070264900 3.05867381900
-76.67074541700 3.05780084800
-76.67082267900 3.05622379200
-76.67124272100 3.05364376700
-76.67194277100 3.05115374500
-76.67262282100 3.04865372400
-76.67325286300 3.04668370800
-76.67407290900 3.04492369600
-76.67510296500 3.04290368400
-76.67568298000 3.04331369400
-76.67572298100 3.04334369500
-76.67621300800 3.04232368900
-76.67645302400 3.04159368300
-76.67674304300 3.04065367500
-76.67725307600 3.03916366300
-76.67728740100 3.03905211400
-76.67777311200 3.03747364900
-76.67843315400 3.03557363400
-76.67896319400 3.03351361600
-76.67972324300 3.03124359800
-76.67998008400 3.03030743300
-76.68034328800 3.02898357800
-76.68127334800 3.02625355600
-76.68221341000 3.02346353400
-76.68318347200 3.02062351100
-76.68351349900 3.01918349800
-76.68378351800 3.01820349000
-76.68384352900 3.01740348100
-76.68382654800 3.01722516900
-76.68382652600 3.01722493400
-76.68382520300 3.01721103900
-76.68382515300 3.01721052100
-76.68382360700 3.01719427700
-76.68382353100 3.01719347800
-76.68194788700 3.00540595900
-76.68194416300 3.00530819900
-76.68194359700 3.00529332000
-76.68192086700 3.00516198700
-76.68187864600 3.00491803100
-76.68187495500 3.00489670500
-76.68185096800 3.00475811000
-76.68182190100 3.00459015900
-76.68181967000 3.00457727100
-76.68176360200 3.00425330600
-76.68174919300 3.00412041500
-76.68167360800 3.00342329600
-76.68181857700 3.00285381100
-76.68204856500 3.00195034600
-76.68216244100 3.00150300800
-76.68321372400 2.99737324200
-76.68343590700 2.99653469300
-76.68485384500 2.99118318800
-76.68731402000 2.98249311300
-76.68748410700 2.97500302800
-76.68673415200 2.96845294400
-76.68725195600 2.96593432900
-76.68791425300 2.96271289000
-76.69010437400 2.95827286200
-76.69074443800 2.95430282300
-76.68924443800 2.94971275400
-76.68823445200 2.94528269100
-76.69148472700 2.92970254500
-76.69354499100 2.91153235700
-76.69296381400 2.90833909500
-76.69180503700 2.90197222700
-76.68975771800 2.88634802800
-76.68974837700 2.88627674000
-76.68974799500 2.88627382300
-76.68974521400 2.88625259900
-76.68974513800 2.88625202300
-76.68998698000 2.87468090900
-76.69356512500 2.86395892200
-76.69535813700 2.85800255300
-76.69773852800 2.84966343600
-76.69953141800 2.84191981800
-76.70131668200 2.83477194900
-76.70548995600 2.82226321400
-76.70906821900 2.81511535100
-76.71264635900 2.80737173800
-76.71861262600 2.79843688400
-76.72158801700 2.79009764400
-76.72278590500 2.78354552400
-76.72338104400 2.77639765100
-76.72273749500 2.76892101400
-76.72282695500 2.76863987000
-76.72288227200 2.76846602900
-76.72294848900 2.76825793100
-76.72308751900 2.76782100500
-76.72316760200 2.76748136700
-76.72329115100 2.76695738200
-76.72333459200 2.76677314800
-76.72337754200 2.76659099400
-76.72350297400 2.76601145300
-76.72366756600 2.76525098200
-76.72369280500 2.76509324800
-76.72390759000 2.76375096700
-76.72420761900 2.76191094900
-76.72456765300 2.75989092900
-76.72492566600 2.75755511600
-76.72496769500 2.75728090300
-76.72528772100 2.75580088900
-76.72564775400 2.75389087100
-76.72576776400 2.75329086500
-76.72593704800 2.75262487300
-76.72820794800 2.74369078000
-76.73425826800 2.73258071600
-76.73900845900 2.72951073100
-76.74355866300 2.72453072200
-76.74530183600 2.71932345500
-76.74752892200 2.71267062600
-76.75300929100 2.69526048300
-76.75981968400 2.67975037600
-76.76090984000 2.66859025800
-76.76145988900 2.66579023100
-76.76166990800 2.66465022000
-76.76173992800 2.66297020200
-76.76183225900 2.66180560500
-76.76186995000 2.66133018400
-76.76272000300 2.65908016700
-76.76326003800 2.65752015500
-76.76466013000 2.65323012000
-76.76504015500 2.65205011000
-76.76540018500 2.65044009500
-76.76562020400 2.64930008500
-76.76592023200 2.64762006800
-76.76641027600 2.64507004400
-76.76679030600 2.64350003000
-76.76748035700 2.64087000700
-76.76796039100 2.63913999200
-76.76807041400 2.63738997300
-76.76867045500 2.63543995600
-76.76934049700 2.63357994200
-76.76987053500 2.63170992600
-76.77034198100 2.63058001100
-76.77050057200 2.63019991500
-76.77166063900 2.62751989600
-76.77295079500 2.61700978800
-76.77563101400 2.60491967700
-76.77878123000 2.59457959000
-76.77884986100 2.59441926900
-76.78241144100 2.58609953100
-76.78534158100 2.58215951600
-76.79837217700 2.56691947900
-76.79918351700 2.56590604500
-76.80419244800 2.55964945700
-76.81367289600 2.54711941200
-76.82259333200 2.53407935600
-76.82908363200 2.52616933400
-76.83218380400 2.51980929300
-76.83452393300 2.51501926300
-76.83498329800 2.51404107600
-76.84224436600 2.49857915400
-76.84935478400 2.48155903300
-76.86020533500 2.46375894200
-76.86440371400 2.45805979600
-76.87259510900 2.44694027600
-76.87522605200 2.44336886600
-76.87992629200 2.43561882600
-76.88096634100 2.43423882100
-76.88778668100 2.42358877100
-76.91936815400 2.38393864800
-76.92203834800 2.37419856300
-76.92221844600 2.36559846600
-76.92254903200 2.35699665000
-76.92257855900 2.35622836100
-76.92355867300 2.34872828400
-76.92373870100 2.34663826200
-76.92382872600 2.34464824000
-76.92374874500 2.34257821500
-76.92358874800 2.34184820500
-76.92358875400 2.34126819800
-76.92371876600 2.34055819100
-76.92396878200 2.33986818600
-76.92434880400 2.33899818000
-76.92464882000 2.33839817600
-76.92492883400 2.33797817400
-76.92530885400 2.33728817000
-76.92569887500 2.33648816500
-76.92564888600 2.33538815200
-76.92543888800 2.33451814000
-76.92508888500 2.33368812600
-76.92543891000 2.33251811600
-76.92558892000 2.33199811200
-76.92726903700 2.32629806400
-76.93275932400 2.31653800900
-76.93706953900 2.30984797800
-76.94033969700 2.30523795900
-76.94360585400 2.30079918100
-76.94512992600 2.29872793500
-76.94542994000 2.29834793300
-76.94923011700 2.29357791900
-76.95588042600 2.28533789400
-76.96137066500 2.28003789100
-76.96282072800 2.27864789100
-76.96609088000 2.27458787800
-76.96882100700 2.27118786800
-76.97153115700 2.26555783200
-76.97217121700 2.26193779700
-76.97241225600 2.26062847900
-76.97254125100 2.25992777700
-76.97494138700 2.25473774300
-76.97822262400 2.25188289200
-76.97823297500 2.25187388600
-76.97823392700 2.25187305700
-76.97825064000 2.25185851600
-76.97825152700 2.25185774500
-76.98402505400 2.24796217800
-76.99242494200 2.24083845600
-76.99892520700 2.23260685400
-77.00825286400 2.21994769500
-77.00843555200 2.21963473800
-77.00857438000 2.21939691600
-77.00859661700 2.21935882100
-77.00880042000 2.21900969200
-77.00886551400 2.21889818100
-77.01040855600 2.21625483700
-77.01707331900 2.20483761400
-77.02241362100 2.19322753600
-77.02325187200 2.19166807400
-77.02393562000 2.19039604500
-77.02499375800 2.18842750800
-77.02626381600 2.18694750400
-77.02806389800 2.18486749900
-77.02985398000 2.18282749500
-77.03254410200 2.17977748800
-77.03516912700 2.17457262900
-77.04247464300 2.16008736600
-77.04391519500 2.15788803400
-77.05040350700 2.14798215300
-77.05124507700 2.14669730400
-77.05899050400 2.13471889200
-77.05929547800 2.13424724600
-77.06758586800 2.12348720900
-77.07348603100 2.11591891500
-77.07593741900 2.11277445700
-77.07635628000 2.11223717200
-77.08439669300 2.09859710000
-77.08796932500 2.08974484400
-77.08906844900 2.08702143800
-77.08960700500 2.08568700600
-77.09693739200 2.07228692900
-77.10007198600 2.06743739700
-77.10326344900 2.06249988600
-77.10806794600 2.05506684800
-77.11380024900 2.04441611200
-77.11398826100 2.04406678300
-77.11985152200 2.03354060100
-77.12131864500 2.03090670900
-77.13127906800 2.02228671500
-77.13900606000 2.01740923000
-77.14266952200 2.01509675400
-77.14858980800 2.00672672000
-77.15808410100 2.00101337500
-77.15974025000 2.00001676100
-77.16475997100 1.99349564700
-77.16803064000 1.98924672400
-77.17818109100 1.97856670900
-77.18081013000 1.97632317600
-77.18582141500 1.97204671500
-77.19958197900 1.96194674500
-77.19640189300 1.96015669000
-77.19885425600 1.95548375700
-77.20286224000 1.94784661600
-77.20324540900 1.94708985000
-77.20728248000 1.93911656200
-77.20937585500 1.93234349900
-77.21042269400 1.92895647800
-77.21420291900 1.91963641000
-77.21782924800 1.91193179900
-77.21893318400 1.90958634400
-77.22556350200 1.90049630900
-77.22695837900 1.89891207200
-77.23042372200 1.89497629700
-77.23267383500 1.89140628000
-77.23646404500 1.88351622900
-77.23905356200 1.87659297400
-77.23977425000 1.87466616100
-77.24427445900 1.86916614500
-77.25079079800 1.86078120900
-77.25208482600 1.85911611200
-77.25872513800 1.85050608300
-77.26082103600 1.84654036400
-77.26605553000 1.83663600100
-77.26793362900 1.83252511000
-77.27457601300 1.81798587500
-77.27808786200 1.80838090300
-77.27929630900 1.80507577600
-77.28214411000 1.79552449100
-77.28313735000 1.79219324600
-77.28378662000 1.79001564900
-77.28766259800 1.78294522500
-77.29112700700 1.77662557200
-77.29570261900 1.76916006300
-77.29750733100 1.76621552000
-77.29945748600 1.75781544300
-77.29987754200 1.75389540200
-77.30098763500 1.74862535300
-77.30191148900 1.74710610000
-77.30309774300 1.74515533500
-77.30458781600 1.74296532600
-77.30501783800 1.74220532100
-77.30534786000 1.74119531300
-77.30559693100 1.74051135300
-77.30731798300 1.73578527100
-77.30783802600 1.73344525000
-77.31000816600 1.72712520000
-77.31042819300 1.72589519000
-77.31378946900 1.72097688300
-77.31437838600 1.72011516500
-77.31889537800 1.70981630600
-77.32001871100 1.70725507600
-77.32322396700 1.69894017300
-77.32526903200 1.69363497400
-77.33154937900 1.68076489200
-77.33246181600 1.67913347500
-77.33252188100 1.67902608000
-77.33821674300 1.66884380300
-77.33821882200 1.66884008600
-77.33821934300 1.66883915500
-77.33824665800 1.66879031600
-77.33824973000 1.66878482400
-77.34265341100 1.66514178900
-77.34530853800 1.66384529900
-77.35495204400 1.66038570600
-77.35650842100 1.65888971200
-77.35726379800 1.65814158900
-77.35798092400 1.65764296700
-77.35907955100 1.65662147100
-77.36050630300 1.65532622600
-77.36258143000 1.65409523300
-77.36488555800 1.65241374100
-77.36670914900 1.65057462900
-77.36677336100 1.65041731800
-77.36696364300 1.64995115100
-77.36712367100 1.64955910400
-77.36736394100 1.64897047100
-77.36744305600 1.64877664900
-77.36750091500 1.64863490300
-77.36760735300 1.64834620500
-77.36773392400 1.64800290100
-77.36781976600 1.64777006800
-77.36815455000 1.64686201600
-77.36830096500 1.64646488600
-77.36908101500 1.64422486900
-77.36968529100 1.64238625000
-77.36978106100 1.64209485100
-77.37037110100 1.64020483600
-77.37053084300 1.63975225800
-77.37097113900 1.63850482300
-77.37172118200 1.63685481100
-77.37271123200 1.63519480300
-77.37387128900 1.63352479600
-77.37511134700 1.63193479100
-77.37635140400 1.63045478700
-77.37754145800 1.62910478400
-77.37971155600 1.62668477900
-77.38067160000 1.62558477600
-77.38159164200 1.62451477400
-77.38246168200 1.62345477100
-77.38333172200 1.62235476700
-77.38517180900 1.62001476000
-77.38617185500 1.61879475600
-77.38723190200 1.61763475400
-77.38786269100 1.61702119500
-77.38833195000 1.61656475300
-77.39061204800 1.61452475400
-77.39173209600 1.61346475400
-77.39279214300 1.61238475300
-77.39376218700 1.61130475000
-77.39457222500 1.61027474700
-77.39519225500 1.60940474400
-77.39545226700 1.60902474200
-77.39630230900 1.60772473600
-77.39666232800 1.60714473300
-77.39704234800 1.60645472900
-77.39941179600 1.60411499900
-77.39944245300 1.60408472700
-77.41416308700 1.59048472700
-77.41761323500 1.58731472700
-77.41807183900 1.58676926700
-77.42405353100 1.57965470700
-77.42722369100 1.57452468100
-77.43479408000 1.56171461300
-77.43987437700 1.54968452800
-77.44489492900 1.54163749100
-77.44886483000 1.53527445700
-77.46489553100 1.51947444500
-77.47545602300 1.50625440400
-77.47453586700 1.51795453000
-77.47492588300 1.51762453000
-77.47573591800 1.51692453100
-77.47843603300 1.51453453200
-77.47988609400 1.51327453300
-77.48299622600 1.51061453500
-77.48527632300 1.50864453600
-77.48648637400 1.50758453700
-77.48839645600 1.50587453800
-77.48972651300 1.50466453800
-77.49244663000 1.50217453800
-77.49441671500 1.50036453800
-77.49802686900 1.49708453800
-77.49921692100 1.49598453800
-77.49982694700 1.49540453800
-77.50044697400 1.49481453800
-77.50172703000 1.49356453700
-77.50303708700 1.49225453600
-77.50391712600 1.49135453500
-77.50570720500 1.48951453300
-77.50747728400 1.48763453000
-77.50834732300 1.48669452800
-77.50961738000 1.48529452500
-77.51083743500 1.48393452300
-77.51141746200 1.48326452100
-77.51253751300 1.48196451800
-77.51477761500 1.47935451200
-77.51601767100 1.47794450900
-77.51668770100 1.47720450700
-77.51816776800 1.47560450400
-77.52154791800 1.47204449900
-77.52337799900 1.47010449600
-77.52431804100 1.46910449500
-77.52525808400 1.46807449300
-77.52716816900 1.46597448900
-77.52912825800 1.46378448400
-77.53044831800 1.46228448100
-77.53317844200 1.45917447400
-77.53600857000 1.45594446700
-77.53743863500 1.45434446300
-77.53886869900 1.45277446100
-77.53958873100 1.45201445900
-77.54052877300 1.45103445800
-77.54099879300 1.45055445700
-77.54168882400 1.44985445700
-77.54271886900 1.44886445600
-77.55015922400 1.43873441800
-77.55678956700 1.42726435600
-77.56174985000 1.41627428100
-77.56601011200 1.40503419700
-77.56979036600 1.39309409800
-77.57324056200 1.38548404700
-77.57374059900 1.38356403000
-77.57417063000 1.38205401700
-77.57471066700 1.38028400200
-77.57533070800 1.37837398700
-77.57602075200 1.37642397200
-77.57674079700 1.37449395700
-77.57748084100 1.37267394400
-77.57824088400 1.37097393200
-77.57900092600 1.36939392200
-77.57978096800 1.36792391300
-77.58058101000 1.36653390600
-77.58311114000 1.36224388300
-77.58401118500 1.36074387500
-77.58587128000 1.35769385900
-77.58674132500 1.35622385200
-77.58753136600 1.35482384400
-77.58889143900 1.35225382900
-77.58952147200 1.35110382200
-77.59011150300 1.35005381600
-77.59068153200 1.34908381100
-77.59120155800 1.34823380700
-77.59164158000 1.34753380300
-77.59223161000 1.34663379900
-77.59217160900 1.34655379700
-77.59771190200 1.33633373800
-77.59943185300 1.33310818400
-77.60309218900 1.32624367800
-77.60670026100 1.31850353600
-77.60770244800 1.31635361300
-77.61115267300 1.30607353100
-77.61442288400 1.29656345500
-77.61749306900 1.28880339800
-77.62320337600 1.27785333200
-77.63042381700 1.25912319200
-77.63598410200 1.24979314300
-77.64634462000 1.23358306500
-77.65049484200 1.22567301800
-77.65250497400 1.21965297000
-77.65615515400 1.21418294500
-77.65744520900 1.21301294500
-77.65939531200 1.20939292400
-77.66193547000 1.20257287200
-77.66326555900 1.19843283800
-77.66370561300 1.19474280000
-77.66370566400 1.19004274600
-77.66370055300 1.18763384900
-77.66369571400 1.18535269100
-77.66348738800 1.18292196800
-77.66348594700 1.18290515500
-77.66348573300 1.18290266100
-77.66348414100 1.18288590100
-77.66356099500 1.18273271100
-77.66382735100 1.18220179400
-77.66488471600 1.18009418600
-77.67100614400 1.16789256700
-77.67942514900 1.15850200500
-77.68304668800 1.15446254000
-77.69536727000 1.13827248300
-77.70485775900 1.12201239600
-77.71155814500 1.10677229100
-77.71349136900 1.10180437900
-77.71806854100 1.09004216600
-77.73582939300 1.06555207200
-77.75775034400 1.04463206300
-77.77433108300 1.02701203600
-77.78000156300 1.02036239700
-77.78423153600 1.01540200700
-77.79653219900 0.99168186300
-77.80853279200 0.97351178000
-77.81321140700 0.96675230000
-77.82312350200 0.95243169100
-77.82731374400 0.94284162500
-77.83368407100 0.93210156800
-77.83878432800 0.92391152800
-77.85104372300 0.91043129800
-77.85233493700 0.90901150000
-77.85775516100 0.90491151000
-77.86008528100 0.90088148800
-77.86577550100 0.89800151500
-77.87408574300 0.90105164000
-77.88146594100 0.90535176800
-77.88923630400 0.89556173800
-77.89816665400 0.89046177400
-77.90695532000 0.88602996700
-77.90982710400 0.88458183000
-77.91953751800 0.87596183400
-77.92962799100 0.86304179200
-77.93816841300 0.85012173300
-77.94747883500 0.83955171000
-77.95445925200 0.82232158400
-77.95755945200 0.81332151300
-77.96138609100 0.79503234600
-77.96139094900 0.79500912900
-77.96139127000 0.79500759700
-77.96141716800 0.79488381500
-77.96141977900 0.79487134000
-78.01160165400 0.71587655900
-78.02706815000 0.70635871500
-78.05324222100 0.68672816100
-78.07763169700 0.66531301200
-78.09547765400 0.65401057200
-78.11272874700 0.64092353700
-78.12938497400 0.62783650100
-78.14901552700 0.61593919600
-78.16983581100 0.59809323900
-78.18411257700 0.58441133800
-78.19184582500 0.57370376300
-78.22039935700 0.53444265700
-78.30605995300 0.47079207500
-78.32450077600 0.43569502500
-78.35007998200 0.39643391900
-78.36257215200 0.37323417400
-78.37506432200 0.33575766300
-78.38577189700 0.29411709500
-78.39291028000 0.26794302400
-78.40107778000 0.24966281500
-78.41119698300 0.23212250100
-78.42541966600 0.20426269900
-78.43220113000 0.18391830700
-78.44219486600 0.15607861400
-78.44969016800 0.12145745600
-78.41828128300 0.09540235800
-78.41899512100 0.05221514100
-78.43398572600 0.01009868100
-78.44112410900 -0.01845485100
-78.44299684200 -0.04128340100
-78.44612097700 -0.06057131100
-78.45290244100 -0.07734651100
-78.45718547000 -0.09198019600
-78.45682855100 -0.10090317500
-78.45076092600 -0.11874913200
-78.44754865300 -0.15122877500
-78.48359748800 -0.21868649500
-78.58127436200 -0.46817298100
-78.58888863700 -0.49958186600
-78.68692243100 -0.61569956400
-78.69358492100 -0.64996380200
-78.70310276500 -0.68137268700
-78.72309023800 -0.71754049500
-78.75069198500 -0.78226183400
-78.77258302700 -0.82889927000
-78.78781157700 -0.85650101700
-78.80208834300 -0.88505454900
-78.82207581600 -0.91551165000
-78.84682221000 -0.95072767300
-78.86014719200 -0.97357049900
-78.87727931100 -0.99260618700
-78.88489358600 -1.00973830600
-78.89441143000 -1.04305076000
-78.90107392100 -1.07065250800
-78.90107392100 -1.08873641100
-78.89536321500 -1.09920604000
-78.89441143000 -1.12014529700
-78.89726678300 -1.14298812200
-78.90107392100 -1.16202381000
-78.90583284300 -1.18486663600
-78.91439890300 -1.20390232400
-78.92201317800 -1.22769693400
-78.93248280600 -1.24958797500
-78.94104886600 -1.26862366400
-78.95342206300 -1.29051470500
-78.97531310400 -1.32477894300
-78.98768630200 -1.33905570900
-78.99339700800 -1.34952533800
-79.00386663700 -1.37617530100
-79.01623983400 -1.39901812700
-79.03432373700 -1.42471630600
-79.04669693500 -1.44946270000
-79.05907013200 -1.47516087900
-79.07239511300 -1.49514835100
-79.09428615500 -1.52750902100
-79.18185032000 -1.62363924600
-79.20754849900 -1.64457850200
-79.22943954000 -1.66456597500
-79.25037879700 -1.68740880100
-79.26655913200 -1.70549270400
-79.28940195700 -1.73309445200
-79.31224478300 -1.76545512200
-79.33794296200 -1.79781579100
-79.36173757200 -1.82256218600
-79.37315898500 -1.84159787400
-79.38648396600 -1.86348891500
-79.40266430100 -1.88918709400
-79.41313393000 -1.90917456600
-79.42645891100 -1.92345133200
-79.43597675500 -1.94248702000
-79.45310887400 -1.96628163000
-79.46643385600 -1.98436553400
-79.47975883800 -2.00625657500
-79.49118025100 -2.02148512600
-79.50640880100 -2.04432795100
-79.52163735100 -2.06050828600
-79.53972125500 -2.08049575900
-79.55019088300 -2.09286895600
-79.56351586500 -2.11380821300
-79.57779263100 -2.13094033200
-79.59397296600 -2.15187958900
-79.62823720400 -2.19280631800
-79.66059787400 -2.23563661600
-79.68629605300 -2.26514193300
-79.71960850700 -2.29655081800
-79.73578884200 -2.31463472200
-79.75387274600 -2.32891148800
-79.76339059000 -2.33462219400
-79.77671557100 -2.34794717600
-79.78908876800 -2.37079000100
-79.81573873200 -2.40790959300
-79.83191906700 -2.44312561600
-79.84690967100 -2.46097157400
-79.86261411400 -2.48666975200
-79.87689088000 -2.50808490100
-79.88474310100 -2.51879247600
-79.90330289700 -2.54092146300
-79.91757966300 -2.55805358300
-79.94256400300 -2.58803479100
-79.95898228400 -2.60802226400
-79.97540056500 -2.62515438300
-79.99039117000 -2.63943114900
-80.01252015700 -2.65941862100
-80.97720336000 -3.26376006800
-81.30220038000 -3.26784984800
-81.59889978000 -3.24450996800
-81.65190132000 -3.00021000800
-81.53179938000 -2.43744990800
-81.59850306000 -1.81384008800
-81.41459652000 -1.09546998800
-81.22940064000 -0.28445406800
-80.88659676000 0.43188995200
-80.57379906000 1.05338009200
-80.29386805400 1.54557210000
-80.29170234000 1.54937999200
-79.79129784000 2.07368993200
-79.47799686000 2.42696999200
-79.16459652000 2.78018993200
-78.66169740000 3.39203999200
-78.34190364000 4.06590995200
-78.08000184000 4.83152015200
-77.91010290000 5.50529003200
-78.00800328000 6.00452993200
-78.05039976000 6.05273015200
-78.08609772000 6.12184007200
-78.12930294000 6.23949005200
-78.15139776000 6.34345013200
-78.19460298000 6.46107005200
-78.26499936000 6.50194985200
-78.33560184000 6.56364017200
-78.39969642000 6.66010991200
-78.44280246000 6.75680015200
-78.54190056000 6.85276985200
-78.59899908000 6.94228979200
-78.69760128000 6.99653009200
-78.74700156000 7.03057997200
-78.76190178000 7.09976999200
-78.71479794000 7.23226979200
-78.64630128000 7.33730987200
-78.22850040000 7.50952001200
-77.97080391460 7.52550443771
-77.71382212590 7.48981252262

