-74.46632141700 8.46318297300
-74.46635776500 8.46277327200
-74.46636397900 8.46270322100
-74.46640303100 8.46226304200
-74.46640957700 8.46218925700
-74.46643594300 8.46189206600
-74.46645002600 8.46173331900
-74.46645124800 8.46171955200
-74.46646351700 8.46158125400
-74.46646675800 8.46154472100
-74.46647702400 8.46142900900
-74.46647771400 8.46142123400
-74.46652808500 8.46085346200
-74.46733252900 8.45178595600
-74.47085487200 8.41208292600
-74.47166586800 8.40294157100
-74.47455269000 8.37040198500
-74.48019516200 8.30642927000
-74.48249103500 8.28039932900
-74.48563441100 8.24476064600
-74.48784112300 8.22757751500
-74.49247855300 8.19146697400
-74.49401539200 8.17949997800
-74.49487469600 8.16569985100
-74.49831627900 8.11042922300
-74.49830728500 8.10238590200
-74.49824758400 8.04899984100
-74.49824694500 8.04842850300
-74.49852702000 8.04238843600
-74.49917851300 8.02817646200
-74.50091766100 7.99023785700
-74.50401351900 7.94412130500
-74.50467838900 7.93421724700
-74.50556242800 7.91976227000
-74.50896928800 7.86405647900
-74.50989956300 7.82094640400
-74.51016766000 7.80852246800
-74.51053011900 7.79172565700
-74.50886041600 7.75909526100
-74.50640710500 7.73354089200
-74.50390080900 7.70743460900
-74.49920185400 7.69371347500
-74.49515079400 7.68188421900
-74.49311362200 7.66865430700
-74.49021097700 7.64980379400
-74.49182142900 7.61281338200
-74.49131675700 7.59214023300
-74.49118217800 7.58662741400
-74.49033203700 7.55180265900
-74.49281214000 7.54991266300
-74.50061246200 7.54394267700
-74.50060246300 7.54386267600
-74.49911821700 7.53622289900
-74.49890250100 7.53511255700
-74.49822254800 7.52865247500
-74.49719258400 7.52220238900
-74.49714288700 7.52173780100
-74.49650263000 7.51575230700
-74.49581268800 7.50827221200
-74.49614277200 7.50148213700
-74.49597284000 7.49468205700
-74.49565288400 7.48964199500
-74.49501290600 7.48562194100
-74.49324298300 7.47306177700
-74.49139784800 7.45770068600
-74.49133309100 7.45716157200
-74.49030316900 7.44677144000
-74.49025317300 7.44620143300
-74.48989320000 7.44264138800
-74.48987696900 7.43824957200
-74.48984334300 7.42915123100
-74.48976357800 7.40714097500
-74.48833368100 7.39319079800
-74.48734079600 7.38393739500
-74.48717375900 7.38238066000
-74.48702377600 7.38034063500
-74.48654379600 7.37706059200
-74.48728896300 7.36800584700
-74.48765397800 7.36357044700
-74.48886418900 7.34767027600
-74.48951435800 7.33406012500
-74.49052447800 7.32599004200
-74.49108457200 7.31895996600
-74.49177727800 7.31500808600
-74.49181156800 7.31481245800
-74.49253216500 7.31070145500
-74.49254367800 7.31063577700
-74.49254414700 7.31063310200
-74.49254417000 7.31063296700
-74.49254461400 7.31063043800
-74.49254471100 7.31062988500
-74.49668776700 7.30369219600
-74.50121965600 7.29633708700
-74.50600330100 7.28582997800
-74.50600598500 7.28582484200
-74.50600706400 7.28581542600
-74.50601317200 7.28576214600
-74.50601318800 7.28576201200
-74.50602123000 7.28569185700
-74.50603263600 7.28559235400
-74.50605248300 7.28541921900
-74.50609292100 7.28506646300
-74.50611092300 7.28490941900
-74.50631864900 7.28309733200
-74.50632028700 7.28308303800
-74.50633437200 7.28296016500
-74.50633927200 7.28291742500
-74.50634094900 7.28290279400
-74.50651737500 7.28136375000
-74.50687971600 7.27820288000
-74.50698554800 7.27727965300
-74.50698082900 7.27368286800
-74.50697562900 7.26971956500
-74.50744832000 7.26638694100
-74.50795573600 7.26280949500
-74.50992587600 7.25589943600
-74.51125629700 7.25083121500
-74.51218604400 7.24728936000
-74.51162608200 7.24202929300
-74.51385628300 7.23024918100
-74.51433164000 7.22804787600
-74.51648650100 7.21806906700
-74.51745663200 7.20886897100
-74.52072682800 7.20073891200
-74.52219696800 7.19231883000
-74.52219703100 7.18641876100
-74.52281713600 7.17863867800
-74.52323722000 7.17210860600
-74.52343730400 7.16494852500
-74.52364079200 7.16237508400
-74.52380736600 7.16026847500
-74.52555749100 7.15406842200
-74.52569755200 7.14888836300
-74.52565804200 7.14846748600
-74.52437766000 7.13482818600
-74.52413772600 7.12795810400
-74.52386779700 7.12053801500
-74.52334796300 7.10347781200
-74.52345805600 7.09524771700
-74.52324805000 7.09515771400
-74.52337808000 7.09277768800
-74.52306812500 7.08759762400
-74.52314819400 7.08150755500
-74.52388827000 7.07673750700
-74.52501835100 7.07269747200
-74.52666845600 7.06800743600
-74.52749852300 7.06431740200
-74.52873860600 7.06038736900
-74.52973389000 7.05715660600
-74.53007869800 7.05603733300
-74.53141878600 7.05199730100
-74.53131878500 7.05178729700
-74.53166880400 7.05105729200
-74.53505900000 7.04328723800
-74.53892925400 7.03164714500
-74.54280948100 7.02242707900
-74.54373089000 7.01949780800
-74.54570967700 7.01320700300
-74.54609174500 7.01175145100
-74.54812985600 7.00398692200
-74.54913455300 6.99991705200
-74.55126009700 6.99130680800
-74.55609044000 6.97432666300
-74.55610044000 6.97429666300
-74.55649046900 6.97280665000
-74.55862064900 6.96269655500
-74.55961071900 6.95918652500
-74.56012076200 6.95676650200
-74.56053079800 6.95473648300
-74.56077081900 6.95354647200
-74.56153088300 6.94991643800
-74.56193091500 6.94813642200
-74.56209092800 6.94744641500
-74.56215093300 6.94719641300
-74.56217093500 6.94707641200
-74.56226094300 6.94659640700
-74.56233071500 6.94603194900
-74.56237095600 6.94570639800
-74.56243097200 6.94439638400
-74.56244097900 6.94375637600
-74.56245099300 6.94249636200
-74.56251102200 6.94000633400
-74.56270106100 6.93699630100
-74.56303434200 6.93399713400
-74.56308111000 6.93357626500
-74.56361116600 6.93003623000
-74.56362116700 6.92997622900
-74.56426122600 6.92645619500
-74.56492128200 6.92326616500
-74.56653141100 6.91631610200
-74.56685143900 6.91468608600
-74.56709146500 6.91299606900
-74.56752152500 6.90875602500
-74.56785156200 6.90631600000
-74.56832160600 6.90370597500
-74.56899166000 6.90072594700
-74.56919124200 6.89992989200
-74.56989172900 6.89713591500
-74.57219190000 6.88826583700
-74.57320197800 6.88419580000
-74.57389203400 6.88108577200
-74.57432207400 6.87868574800
-74.57438501200 6.87821601100
-74.57460210600 6.87659572700
-74.57483213600 6.87447570500
-74.57504216600 6.87237568300
-74.57520219200 6.87045566200
-74.57529221300 6.86880564400
-74.57531223000 6.86730562700
-74.57525224400 6.86578560900
-74.57512225800 6.86410558800
-74.57492227000 6.86233556500
-74.57467228100 6.86053554200
-74.57442229200 6.85878551900
-74.57419230300 6.85703549600
-74.57416230600 6.85664549100
-74.57403231700 6.85524547300
-74.57396233500 6.85335545100
-74.57397235700 6.85137542800
-74.57408242900 6.84500535500
-74.57416247300 6.84119531200
-74.57421475500 6.84001727200
-74.57429250900 6.83826527900
-74.57437252400 6.83710526700
-74.57446253800 6.83605525600
-74.57459255400 6.83502524500
-74.57496259100 6.83270522200
-74.57516261400 6.83123520700
-74.57533263800 6.82948518900
-74.57602275000 6.82121510000
-74.57619278100 6.81888507500
-74.57650284800 6.81364501700
-74.57670288400 6.81089498800
-74.57697292200 6.80819495900
-74.57728296000 6.80564493300
-74.57736524800 6.80504888400
-74.57814305500 6.79941487000
-74.57836308300 6.79754485100
-74.57854311000 6.79556482900
-74.57870314100 6.79317480300
-74.57873314900 6.79256479700
-74.57876315900 6.79166478700
-74.57876317000 6.79064477500
-74.57890317800 6.79040477300
-74.57925319300 6.79005477300
-74.57999322300 6.78951477500
-74.58025323500 6.78923477400
-74.58041324300 6.78892477200
-74.58050325000 6.78860477000
-74.58053325500 6.78825476600
-74.58049325700 6.78791476200
-74.58039325700 6.78757475700
-74.58007325400 6.78692474600
-74.57992325300 6.78656474000
-74.57982325400 6.78614473400
-74.57976325700 6.78568472800
-74.57969326500 6.78472471600
-74.57964326800 6.78424471000
-74.57955327100 6.78377470400
-74.57922327000 6.78281468900
-74.57908327100 6.78231468200
-74.57902327400 6.78179467500
-74.57905328100 6.78127466900
-74.57912328900 6.78077466400
-74.57938330700 6.77984465600
-74.57948331500 6.77939465200
-74.57951332200 6.77892464700
-74.57953333700 6.77758463100
-74.57960335000 6.77655462000
-74.57990339300 6.77347458800
-74.57995340200 6.77277458000
-74.57995340900 6.77213457300
-74.57990341500 6.77147456500
-74.57986342800 6.77011454800
-74.57992343400 6.76972454400
-74.58011345000 6.76884453600
-74.58034346700 6.76794452800
-74.58084350300 6.76621451400
-74.58102351700 6.76540450600
-74.58116353100 6.76451449700
-74.58124354300 6.76367448800
-74.58131355900 6.76246447500
-74.58131356300 6.76205447000
-74.58127356600 6.76163446500
-74.58118356900 6.76109445800
-74.58107357200 6.76043444900
-74.58095357700 6.75968443900
-74.58085358200 6.75885442800
-74.58079359000 6.75794441700
-74.58075360000 6.75692440500
-74.58073361100 6.75581439200
-74.58075362400 6.75465437900
-74.58079363800 6.75349436600
-74.58084365300 6.75226435200
-74.58085367300 6.75042433100
-74.58079370500 6.74731429400
-74.58076371200 6.74653428500
-74.58059374900 6.74256423700
-74.58051406100 6.74065472100
-74.58036380100 6.73705417000
-74.58026382400 6.73458414100
-74.58015384900 6.73196410900
-74.58005388600 6.72821406400
-74.58002391300 6.72566403500
-74.57999393000 6.72393401400
-74.57994394200 6.72267399900
-74.57986395000 6.72170398700
-74.57979395600 6.72089397700
-74.57975396300 6.72014396800
-74.57973397100 6.71936395800
-74.57972398000 6.71849394800
-74.57970399000 6.71750393600
-74.57968400100 6.71643392400
-74.57966401200 6.71537391100
-74.57965402200 6.71438390000
-74.57961403100 6.71343388800
-74.57952403900 6.71244387600
-74.57935404400 6.71140386200
-74.57915404800 6.71042384900
-74.57892234400 6.70782251900
-74.57884407500 6.70694380500
-74.57855408800 6.70489377800
-74.57842410100 6.70331375800
-74.57838410800 6.70253374900
-74.57837411500 6.70184374100
-74.57841413300 6.70032372300
-74.57842414600 6.69908370900
-74.57844415900 6.69794369600
-74.57851417900 6.69628367800
-74.57876424300 6.69110362000
-74.57884425900 6.68990360700
-74.57894427500 6.68875359500
-74.57909429300 6.68750358200
-74.57912429600 6.68729358000
-74.57928431300 6.68625357000
-74.57950433200 6.68514355900
-74.57972434900 6.68428355100
-74.58017437900 6.68283353900
-74.58040439700 6.68194353200
-74.58172450700 6.67579347400
-74.58176451000 6.67555347200
-74.58240456500 6.67243344300
-74.58270459300 6.67081342700
-74.58289461200 6.66961341500
-74.58323464900 6.66724339100
-74.58343467100 6.66577337600
-74.58367470200 6.66365335400
-74.58372470800 6.66321335000
-74.58385472400 6.66214333900
-74.58413475500 6.66016331900
-74.58447479000 6.65790329600
-74.58464099900 6.65692743700
-74.58486482800 6.65561327400
-74.58526486400 6.65349325300
-74.58567489800 6.65162323600
-74.58605492800 6.65001322200
-74.58640495400 6.64869321000
-74.58673497600 6.64759320100
-74.58704499700 6.64663319300
-74.58735501700 6.64572318600
-74.58764503600 6.64484317900
-74.58794505500 6.64403317200
-74.58817507300 6.64301316300
-74.58842509200 6.64204315400
-74.58867511100 6.64104314500
-74.58895513100 6.64003313700
-74.58925515200 6.63900312800
-74.58958517500 6.63796311900
-74.58996519900 6.63686311100
-74.59038522700 6.63559310000
-74.59050523500 6.63518309700
-74.59348543700 6.62559301800
-74.59502554500 6.62026297200
-74.59510042600 6.62003316500
-74.59849577500 6.60961288600
-74.60181600000 6.59897279800
-74.60454618300 6.59038272700
-74.60493425400 6.58968053600
-74.60606991000 6.58762563500
-74.60706631500 6.58582270100
-74.60719632200 6.58559270000
-74.60744467700 6.58514242100
-74.60747193800 6.58509299500
-74.60747356900 6.58509003900
-74.60756983200 6.58491550900
-74.60834167700 6.58351611900
-74.60916227700 6.58202833400
-74.60917642600 6.58200268000
-74.61095652000 6.57880266100
-74.61170656000 6.57736265300
-74.61216658600 6.57639264600
-74.61265661500 6.57522263800
-74.61318664800 6.57378262700
-74.61373668400 6.57208261300
-74.61460107800 6.56916655400
-74.61472675300 6.56874258500
-74.61509677800 6.56758257500
-74.61535679500 6.56680256900
-74.61627683900 6.56555256500
-74.61640685200 6.56468255600
-74.61719691400 6.56144252700
-74.61822698600 6.55789249600
-74.61921705500 6.55455246800
-74.61998711000 6.55179244500
-74.62051715000 6.54966242500
-74.62092718400 6.54780240800
-74.62127721500 6.54603239100
-74.62170725000 6.54412237400
-74.62236729600 6.54179235400
-74.62330735800 6.53894233100
-74.62435742400 6.53604230800
-74.62583751600 6.53207227800
-74.62592752200 6.53183227600
-74.62596752400 6.53175227600
-74.62617753600 6.53128227300
-74.62653755700 6.53046226700
-74.62701758600 6.52925225800
-74.62705758800 6.52914225700
-74.62707818100 6.52908174200
-74.62713867700 6.52890396900
-74.62714642600 6.52888119700
-74.62720469400 6.52870997200
-74.62754762000 6.52770224600
-74.62809765800 6.52581223000
-74.62838356700 6.52472861500
-74.62871770400 6.52346220900
-74.62939816800 6.52092764600
-74.62951776300 6.52048218300
-74.63055783700 6.51683215200
-74.63170791700 6.51288211800
-74.63222795300 6.51120210400
-74.63284799600 6.50911208700
-74.63324802300 6.50782207600
-74.63325156100 6.50781082800
-74.63486813200 6.50267203400
-74.63604821100 6.49893200300
-74.63659825000 6.49703198700
-74.63700813200 6.49551976100
-74.63717829200 6.49489196800
-74.63841838500 6.49008192600
-74.63910843400 6.48769190500
-74.63982848000 6.48565188900
-74.64053852200 6.48394187700
-74.64174859000 6.48131185900
-74.64221861700 6.48024185200
-74.64262864200 6.47919184400
-74.64299866600 6.47809183500
-74.64332869000 6.47693182500
-74.64362871300 6.47572181500
-74.64470683400 6.47083285300
-74.64519884100 6.46860174900
-74.64682897300 6.46140168300
-74.64725900600 6.45965166700
-74.64776904100 6.45793165200
-74.64841908400 6.45599163700
-74.64910912800 6.45403162200
-74.64977917100 6.45205160600
-74.65032920900 6.45020159000
-74.65120927400 6.44696156200
-74.65203932900 6.44441154100
-74.65217933700 6.44404153800
-74.65307939100 6.44180152200
-74.65328940300 6.44132151900
-74.65580954900 6.43556147900
-74.65655959200 6.43381146700
-74.65713962700 6.43236145600
-74.65763965800 6.43101144600
-74.65813969000 6.42959143400
-74.65861972200 6.42809142200
-74.65908975500 6.42654140900
-74.66080988100 6.42007135300
-74.66182995400 6.41641132100
-74.66455014800 6.40681123900
-74.66518019400 6.40444121800
-74.66575023700 6.40222119800
-74.66705035300 6.39543113300
-74.66782041100 6.39249110700
-74.66832044400 6.39089109400
-74.66886048200 6.38905107900
-74.66946052900 6.38654105600
-74.66977055600 6.38500104100
-74.67009058100 6.38365102900
-74.67065061900 6.38189101500
-74.67139066800 6.37962099600
-74.67181069700 6.37818098400
-74.67200071200 6.37736097700
-74.67230073600 6.37605096500
-74.67258075800 6.37485095400
-74.67284077900 6.37372094300
-74.67323080500 6.37253093400
-74.67340081600 6.37204093000
-74.67349082100 6.37180092800
-74.67399085400 6.37035091700
-74.67404085700 6.37020091500
-74.67461089900 6.36806089700
-74.67486975200 6.36708786300
-74.67487762500 6.36705826800
-74.67515093900 6.36603087900
-74.67545095900 6.36501087000
-74.67583098600 6.36376086000
-74.67641102000 6.36235085000
-74.67660103100 6.36189084600
-74.67735107400 6.36022083500
-74.67799111400 6.35846082100
-74.67812633700 6.35808252100
-74.67888117000 6.35597080200
-74.67914118600 6.35531079700
-74.67978122500 6.35367078500
-74.67986123000 6.35347078300
-74.68028126100 6.35189077000
-74.68074130000 6.34970074900
-74.68079130400 6.34949074700
-74.68120133500 6.34780073200
-74.68162136800 6.34607071600
-74.68185138600 6.34511070800
-74.68251143500 6.34257068500
-74.68304147100 6.34091067200
-74.68361151200 6.33880065300
-74.68413155700 6.33624062900
-74.68537164600 6.33183059100
-74.68564166900 6.33047057800
-74.68594170500 6.32806055400
-74.68606171500 6.32752054900
-74.68649175100 6.32549053000
-74.68703179500 6.32302050700
-74.68755183500 6.32097048900
-74.68828188800 6.31830046500
-74.68873192500 6.31623044600
-74.68956197800 6.31386042800
-74.69050204000 6.31096040400
-74.69152210100 6.30843038600
-74.69216214300 6.30656037100
-74.69341221600 6.30365035000
-74.69425226800 6.30133033200
-74.69634243600 6.29220024900
-74.69702250300 6.28804020800
-74.69830259800 6.28315016500
-74.69960268900 6.27870012700
-74.70210283700 6.27272008400
-74.70329292300 6.26840004700
-74.70457301700 6.26361000500
-74.70592309900 6.26012997900
-74.70689316400 6.25705995400
-74.70757322000 6.25399992600
-74.70818326300 6.25181990700
-74.70928333800 6.24829987800
-74.71024340600 6.24491984900
-74.71136347400 6.24206982800
-74.71243353700 6.23951980900
-74.71366360500 6.23696979300
-74.71521368700 6.23412977700
-74.71633374700 6.23197976400
-74.71734380200 6.23000975200
-74.71870387300 6.22759973800
-74.72028395500 6.22477972200
-74.72178403300 6.22214970800
-74.72306410500 6.21938968900
-74.72468419700 6.21590966600
-74.72657430600 6.21157963600
-74.72791438700 6.20816961100
-74.72917446100 6.20513958900
-74.73079455500 6.20138956300
-74.73209464200 6.19731953000
-74.73325471800 6.19385950200
-74.73482481400 6.18980947200
-74.73616491000 6.18500943100
-74.73810503600 6.17928938500
-74.74036517700 6.17312933800
-74.74271532700 6.16636928400
-74.74314536000 6.16469927000
-74.74347538400 6.16342925800
-74.74421542700 6.16172924600
-74.74571550500 6.15913923200
-74.74619553000 6.15830922800
-74.74720558200 6.15652921800
-74.74818563500 6.15461920600
-74.74969571500 6.15182919000
-74.75066576600 6.15006918000
-74.75072576900 6.14996918000
-74.75203583900 6.14752916500
-74.75517601200 6.14114912500
-74.75755612800 6.13767911000
-74.75886619300 6.13565910100
-74.76044627500 6.13292908600
-74.76366643400 6.12807906400
-74.76480649000 6.12634905600
-74.76602655000 6.12454904800
-74.76608580700 6.12448294400
-74.76775662800 6.12261904400
-74.76856666500 6.12171904200
-74.77029674700 6.11938903400
-74.77181682200 6.11713902400
-74.77309688700 6.11500901300
-74.77419694700 6.11280899900
-74.77533701000 6.11046898400
-74.77650707100 6.10836897200
-74.77767713400 6.10616895900
-74.77927721200 6.10385895000
-74.78060727900 6.10170893900
-74.78139731300 6.10091893800
-74.78260737000 6.09940893300
-74.78401744000 6.09725892400
-74.78456746800 6.09627891800
-74.78530751100 6.09457890600
-74.78605756800 6.09161888000
-74.78679760800 6.09018887100
-74.78745764300 6.08896886400
-74.78872770500 6.08710885600
-74.79015777500 6.08503884700
-74.79285791100 6.08066882600
-74.79411243200 6.07846844100
-74.79412895900 6.07843945400
-74.79594807200 6.07524879600
-74.79652810100 6.07434879100
-74.79697422200 6.07352268100
-74.79787817200 6.07184877700
-74.79897823300 6.06964876300
-74.80042830900 6.06696874700
-74.80161837400 6.06459873300
-74.80268843800 6.06201871400
-74.80394851200 6.05901869300
-74.80479856600 6.05661867400
-74.80557861400 6.05448865800
-74.80645867300 6.05173863500
-74.80859880000 6.04655859800
-74.80920884000 6.04475858400
-74.80962888500 6.04182855400
-74.80989892400 6.03904852500
-74.81007894700 6.03742850800
-74.81015899100 6.03362846500
-74.81031902200 6.03125843900
-74.81030904200 6.02931841600
-74.81029906100 6.02753839500
-74.81028908400 6.02543837100
-74.81026909700 6.02410835500
-74.81026911700 6.02230833500
-74.81023913900 6.02017830900
-74.81021915300 6.01876829300
-74.81052918200 6.01706827700
-74.81096921100 6.01568826500
-74.81121923600 6.01412825000
-74.81158926900 6.01221823200
-74.81197930000 6.01051821600
-74.81254934000 6.00855819900
-74.81294938400 6.00576817100
-74.81301940700 6.00377814900
-74.81305942200 6.00258813600
-74.81362946400 6.00038811600
-74.81382948200 5.99937810700
-74.81437952500 5.99709808600
-74.81458955100 5.99526806700
-74.81539960200 5.99303805000
-74.81586964000 5.99091803000
-74.81633967600 5.98908801400
-74.81728973100 5.98691799900
-74.81799977500 5.98493798400
-74.81800256300 5.98479729800
-74.81800566900 5.98464052700
-74.81800579900 5.98463396600
-74.81800580500 5.98463364400
-74.81800920100 5.98446227900
-74.81801980100 5.98392727900
-74.81804073300 5.98287079800
-74.81805981000 5.98190794900
-74.81817982900 5.98052793400
-74.81820984100 5.97945792200
-74.81827997500 5.97847621900
-74.81830986000 5.97805790700
-74.81850989300 5.97560788100
-74.81897992700 5.97386786600
-74.82008998900 5.97150785000
-74.82090003000 5.97021784400
-74.82185007900 5.96862783600
-74.82268011600 5.96768783300
-74.82322014600 5.96654782600
-74.82355016800 5.96559781900
-74.82398020000 5.96392780400
-74.82467529900 5.96258888700
-74.82467941500 5.96258096000
-74.82493025100 5.96209779300
-74.82528599500 5.96140666500
-74.82559564200 5.96080509500
-74.82562904200 5.96074020800
-74.82563028900 5.96073778400
-74.82608950500 5.95328960500
-74.82728055300 5.94129757700
-74.82728308400 5.94129159400
-74.82728502100 5.94128701600
-74.82728893400 5.94127776900
-74.82729997300 5.94125167800
-74.82730262500 5.94124540800
-74.82731448500 5.94121737800
-74.82731810900 5.94120881200
-74.82732910400 5.94118282600
-74.82733115700 5.94117797500
-74.82734422600 5.94114708600
-74.82734557300 5.94114390100
-74.82735852600 5.94111328500
-74.82736067400 5.94110820900
-74.82737345600 5.94107800000
-74.82737720500 5.94106913800
-74.82738806300 5.94104347600
-74.82739130000 5.94103582600
-74.82740304900 5.94100805500
-74.82740575700 5.94100165600
-74.82741715900 5.94097470700
-74.82741809200 5.94097250100
-74.82742122000 5.94096510800
-74.82742436400 5.94095767800
-74.82742692800 5.94095161600
-74.82743152400 5.94094075400
-74.82743305900 5.94093712500
-74.82743585800 5.94093051100
-74.82743702600 5.94092774900
-74.82743891900 5.94092327700
-74.82744269700 5.94091434600
-74.82744587500 5.94090683500
-74.82744843800 5.94090077900
-74.82745093900 5.94089486600
-74.82745473300 5.94088589900
-74.82745696000 5.94088063700
-74.82746082600 5.94087150000
-74.82746309100 5.94086614600
-74.82746566100 5.94086007200
-74.82746764600 5.94085538000
-74.82746914100 5.94085184600
-74.82747052500 5.94084857400
-74.82747452700 5.94083911500
-74.82747659800 5.94083422200
-74.82748293600 5.94081924100
-74.82748466900 5.94081514600
-74.82752554300 5.94071854000
-74.82752618100 5.94071703000
-74.82759078000 5.94056435100
-74.82772115400 5.94025621100
-74.82789909600 5.93983564100
-74.82805059800 5.93947756400
-74.82862824700 5.93798680000
-74.82933029900 5.93617498300
-74.82941068100 5.93596753700
-74.83097076700 5.93279751700
-74.83286085400 5.93051751100
-74.83528098000 5.92630748800
-74.83644103800 5.92447747900
-74.83665755400 5.92420823400
-74.83800111000 5.92253747300
-74.84025121300 5.91995746700
-74.84205129200 5.91809746500
-74.84493142300 5.91477745700
-74.84557582500 5.91428178500
-74.84688150400 5.91327746100
-74.84839976500 5.91180597900
-74.84855435700 5.91165615000
-74.84856022400 5.91165046300
-74.84883158900 5.91138746000
-74.85010164800 5.90982745500
-74.85057167300 5.90896745000
-74.85118170500 5.90782744300
-74.85163172700 5.90713744000
-74.85223175800 5.90612743500
-74.85381183300 5.90404742800
-74.85501189300 5.90218741900
-74.85597195900 5.89900739200
-74.85675200400 5.89723738000
-74.85796206200 5.89551737300
-74.85916212500 5.89337736100
-74.85984216200 5.89205735300
-74.86127224000 5.88914733400
-74.86256231600 5.88610731300
-74.86398239700 5.88296729200
-74.86538247200 5.88025727500
-74.86666255200 5.87678724900
-74.86766261300 5.87422723000
-74.86851267300 5.87129720500
-74.86914272400 5.86849717900
-74.86959277400 5.86524714600
-74.87008280700 5.86361713200
-74.87090286600 5.86065710700
-74.87245295800 5.85695708000
-74.87440307700 5.85191704300
-74.87570315100 5.84896702200
-74.87643319500 5.84717701000
-74.87708323200 5.84574700000
-74.87827329800 5.84329698400
-74.87940336600 5.84041696300
-74.88032341700 5.83849695000
-74.88151347900 5.83639693900
-74.88208350800 5.83549693400
-74.88417361000 5.83246692200
-74.88576368700 5.83012691100
-74.88732381200 5.82766045700
-74.88755377700 5.82729689800
-74.88907385000 5.82517688900
-74.89197397900 5.82214688500
-74.89355404900 5.82055688400
-74.89666419300 5.81670687200
-74.89830427000 5.81458686500
-74.89997434800 5.81248685800
-74.90185444000 5.80976684700
-74.90363452400 5.80737683800
-74.90538460400 5.80535683400
-74.90744469100 5.80361683500
-74.90926477000 5.80191683500
-74.91065483000 5.80058683400
-74.91269492200 5.79830683000
-74.91387497800 5.79673682400
-74.91600508300 5.79349680900
-74.91738515500 5.79109679600
-74.91886523200 5.78851678200
-74.92045977100 5.78549901200
-74.92063532600 5.78516676200
-74.92226541900 5.78159673800
-74.92378550600 5.77818671500
-74.92395551600 5.77778671200
-74.92515558600 5.77501669300
-74.92613564800 5.77219667000
-74.92713570600 5.76995665500
-74.92886579200 5.76726664200
-74.93133590900 5.76402663100
-74.93390602300 5.76131662700
-74.93621612200 5.75925662800
-74.93744617600 5.75797662600
-74.93854622900 5.75643662000
-74.93962628600 5.75449660900
-74.94013631400 5.75340660200
-74.94062634400 5.75212659200
-74.94146639900 5.74964657200
-74.94184642200 5.74871656600
-74.94255646300 5.74708655400
-74.94349651000 5.74557654700
-74.94478657000 5.74399654200
-74.94489658200 5.74317653400
-74.94526662700 5.74018650300
-74.94544666100 5.73754647500
-74.94564668600 5.73586645700
-74.94618673400 5.73303643000
-74.94685679000 5.72994640200
-74.94733022700 5.72854066400
-74.94783685400 5.72703637800
-74.94907692600 5.72410635800
-74.95021698900 5.72176634300
-74.95132705400 5.71912632400
-74.95250711600 5.71699631200
-74.95316716600 5.71438628800
-74.95413722300 5.71209627200
-74.95565730700 5.70900625300
-74.95707737600 5.70698624400
-74.96121758600 5.70015620900
-74.96247766400 5.69679618400
-74.96408319900 5.69030543000
-74.96433780700 5.68927611600
-74.96595790100 5.68551609000
-74.96823802900 5.68067605800
-74.96882805400 5.68009605800
-74.96984810700 5.67832604800
-74.97068815000 5.67697604200
-74.97071610700 5.67693106900
-74.97119780300 5.67615620100
-74.97121676700 5.67612569500
-74.97137818400 5.67586603600
-74.97192041800 5.67452368300
-74.97240824600 5.67331601700
-74.97311828300 5.67206601100
-74.97391832500 5.67066600300
-74.97437176900 5.66987532200
-74.97512838700 5.66855599100
-74.97708849500 5.66454596600
-74.97798854000 5.66322596000
-74.97926797400 5.66084998000
-74.97952862100 5.66036594300
-74.98071869200 5.65749592300
-74.98184875600 5.65498590600
-74.98211878000 5.65362589300
-74.98280883200 5.65091586900
-74.98367888900 5.64825584700
-74.98424893800 5.64550582100
-74.98477898400 5.64282579600
-74.98506902600 5.63988576500
-74.98527081800 5.63890378200
-74.98581909000 5.63623573100
-74.98603910900 5.63509572000
-74.98629922500 5.62519560800
-74.98583922500 5.62375558600
-74.98572922800 5.62317557800
-74.98522923800 5.62066554400
-74.98504304000 5.61700013500
-74.98500927700 5.61633549100
-74.98461930600 5.61252544300
-74.98459930700 5.61231544000
-74.98430933800 5.60856539400
-74.98423611700 5.60779560800
-74.98422511600 5.60767995100
-74.98422402100 5.60766843800
-74.98420329700 5.60745057000
-74.98401076500 5.60542644200
-74.98389937100 5.60425533900
-74.98386013700 5.60377775200
-74.98354940500 5.59999528600
-74.98355387600 5.59991350800
-74.98381946700 5.59505523200
-74.98399744300 5.59162443900
-74.98413954500 5.58888516300
-74.98429961800 5.58252509100
-74.98484966400 5.58001506800
-74.98468966100 5.57974506300
-74.98492967000 5.57969506500
-74.98665978200 5.57461502500
-74.98766986300 5.57017498400
-74.98824993000 5.56571493900
-74.98887000500 5.56069488700
-74.98950098500 5.55591322700
-74.98963009200 5.55493482800
-74.99020779900 5.55220055600
-74.99053016800 5.55067478800
-74.99231027700 5.54607475400
-74.99380037500 5.54147471700
-74.99579050500 5.53554466900
-74.99701059100 5.53134463300
-74.99862928500 5.52653787600
-74.99866069800 5.52644459400
-74.99885070900 5.52600459100
-75.00118084600 5.52052455200
-75.00317095900 5.51614452300
-75.00413100800 5.51448451400
-75.00477104200 5.51336450800
-75.00527175000 5.51213043200
-75.00690116900 5.50811447000
-75.00779122300 5.50585445300
-75.00898132400 5.50009439900
-75.01037142300 5.49517435700
-75.01145152400 5.48912429800
-75.01146152500 5.48906429700
-75.01172156800 5.48591426400
-75.01173157000 5.48575426200
-75.01186890700 5.48309461200
-75.01200163500 5.48052420400
-75.01207168200 5.47642415700
-75.01202168000 5.47637415600
-75.01194219700 5.47615298200
-75.01179168000 5.47573414600
-75.01175168400 5.47522414000
-75.01186169700 5.47439413100
-75.01219171200 5.47400413000
-75.01227173000 5.47253411400
-75.01270179700 5.46764406200
-75.01281180600 5.46714405800
-75.01341185600 5.46434403100
-75.01467194400 5.46003399500
-75.01475195000 5.45976399300
-75.01587202100 5.45660396800
-75.01703208600 5.45411395100
-75.01833216500 5.45081392700
-75.01980098300 5.44809896600
-75.02031227000 5.44715390600
-75.02200236600 5.44347388100
-75.02340243800 5.44106386800
-75.02371627400 5.44036588800
-75.02456250400 5.43848385100
-75.02584257400 5.43588383400
-75.02601258800 5.43519382800
-75.02678264400 5.43234380300
-75.02731333200 5.43081518900
-75.02812273000 5.42848377300
-75.02783275100 5.42562373600
-75.02895284200 5.42059369000
-75.03036294000 5.41586365000
-75.03174302600 5.41207362100
-75.03516320900 5.40566358300
-75.03538244600 5.40513313400
-75.03628327500 5.40295356400
-75.03678167000 5.40181862000
-75.03747334400 5.40024354500
-75.03811339300 5.39760352100
-75.03835341900 5.39600350500
-75.03875345200 5.39416348800
-75.04168365100 5.38469340900
-75.04263372200 5.38096337600
-75.04369378900 5.37801335300
-75.04610392800 5.37251331500
-75.04802402700 5.36923329800
-75.04985412900 5.36544327300
-75.05060417100 5.36384326300
-75.05065023600 5.36374724400
-75.05131421000 5.36236325300
-75.05234428500 5.35858322000
-75.05281431500 5.35725321000
-75.05324436200 5.35423318000
-75.05346494400 5.35203394600
-75.05359441100 5.35074314300
-75.05369443000 5.34932312700
-75.05381445800 5.34707310300
-75.05418450300 5.34406307200
-75.05470456000 5.34035303400
-75.05500034900 5.33842072600
-75.05515460600 5.33741300500
-75.05567464900 5.33501298300
-75.05610468800 5.33272296100
-75.05637471200 5.33133294700
-75.05698476600 5.32824291800
-75.05744481500 5.32504288600
-75.05763791200 5.32358194200
-75.05774485000 5.32277286300
-75.05790487000 5.32138284800
-75.05848493600 5.31706280400
-75.05919501700 5.31172275000
-75.05960505500 5.30943272800
-75.06009509400 5.30737270900
-75.06013434300 5.30716366100
-75.06058513800 5.30476268400
-75.06106517400 5.30292266800
-75.06116065900 5.30223749300
-75.06123218600 5.30172422900
-75.06123397000 5.30171142900
-75.06123409000 5.30171056600
-75.06123452800 5.30170742400
-75.06123519300 5.30170265600
-75.06122878500 5.28839392400
-75.05868817200 5.28234616500
-75.05610532100 5.27405228000
-75.05610564300 5.27405168200
-75.05610584900 5.27405129900
-75.05610612700 5.27405078300
-75.05610646100 5.27405016200
-75.05610694000 5.27404927100
-75.05610729500 5.27404861300
-75.05610758000 5.27404808400
-75.05611812900 5.27402848700
-75.05612103900 5.27402308100
-75.05613290300 5.27400104200
-75.05613717800 5.27399310000
-75.05621116200 5.27385566200
-75.05624042900 5.27380129400
-75.05636640500 5.27356727200
-75.05646825300 5.27337807200
-75.05648185000 5.27335281300
-75.05648245500 5.27335168800
-75.05697516600 5.27243639400
-75.05835236400 5.26987801400
-75.05847056300 5.26965844000
-75.06010369000 5.26662462700
-75.06306569100 5.26112220400
-75.06707587800 5.25603218800
-75.07086608600 5.24839214000
-75.07537736700 5.24055937600
-75.07928652200 5.23377206000
-75.08603685300 5.22380201700
-75.08968700900 5.22061201900
-75.09170710000 5.21836201400
-75.09321717200 5.21626200600
-75.09425722400 5.21469199900
-75.09571729700 5.21235198700
-75.09717737600 5.20950197000
-75.09844745000 5.20657194900
-75.09936750600 5.20415193100
-75.10061758100 5.20106190900
-75.10121762000 5.19932189500
-75.10195767700 5.19631186800
-75.10227508400 5.19487673900
-75.10264773300 5.19319183900
-75.10349779800 5.18980180900
-75.10393718800 5.18871594300
-75.10419784000 5.18807179600
-75.10544790600 5.18578178300
-75.10640795800 5.18384177100
-75.10730800600 5.18219176100
-75.10873808400 5.17934174300
-75.10991814600 5.17719173100
-75.11121821200 5.17511172100
-75.11301830300 5.17219170600
-75.11412835900 5.17038169700
-75.11624846200 5.16735168500
-75.11896859300 5.16352166900
-75.12181873000 5.15956165400
-75.12302879000 5.15770164500
-75.12509889000 5.15483163400
-75.12639896000 5.15236161900
-75.12798904100 5.14972160500
-75.12930910700 5.14765159500
-75.13038916300 5.14573158500
-75.13167923000 5.14347157200
-75.13289929300 5.14140156100
-75.13391934900 5.13929154800
-75.13451937700 5.13853154500
-75.14216971700 5.13050153400
-75.14215971700 5.13048153300
-75.14327976900 5.12913153000
-75.14399980400 5.12810152600
-75.14475984300 5.12676151800
-75.14543988500 5.12498150500
-75.14603850500 5.12349290900
-75.14619993100 5.12309149100
-75.14705997900 5.12128147900
-75.14771001400 5.11995147100
-75.14847005300 5.11870146400
-75.14944010300 5.11707145600
-75.15012014100 5.11558144600
-75.15143019900 5.11423144400
-75.15304026800 5.11277144400
-75.15440032700 5.11145144300
-75.15556037600 5.11055144500
-75.15662042100 5.10962144600
-75.15772046700 5.10867144700
-75.15851051400 5.10680143300
-75.15892054400 5.10523142000
-75.15922056500 5.10419141100
-75.15955058600 5.10328140400
-75.15968059300 5.10306140200
-75.15994060700 5.10249139900
-75.16065064700 5.10096138800
-75.16193072000 5.09814136900
-75.16262075600 5.09696136300
-75.16491088800 5.09173132700
-75.16701100700 5.08711129600
-75.16767104400 5.08575128700
-75.17181128400 5.07616122000
-75.17263329200 5.07366699600
-75.17268134200 5.07352119900
-75.17403141300 5.07104118400
-75.17574149500 5.06872117600
-75.17895164000 5.06505116700
-75.18245181200 5.05988114500
-75.18827210700 5.05041109700
-75.19257233200 5.04275105400
-75.19899266000 5.03200099800
-75.20157278900 5.02798097900
-75.20576299500 5.02168095000
-75.20591058600 5.02148025300
-75.21279333100 5.01212091500
-75.21417270400 5.01056369000
-75.21969364400 5.00433089800
-75.22718397200 4.99685089100
-75.22928406800 4.99443088500
-75.23145416700 4.99193088000
-75.23370427400 4.98889086800
-75.23795448200 4.98264084100
-75.23991458400 4.97922082300
-75.24237470000 4.97602081200
-75.24673490400 4.97049079400
-75.25039507700 4.96564077700
-75.25344522200 4.96158076200
-75.25599535700 4.95688073500
-75.25781545400 4.95347071500
-75.26015555900 4.95087071000
-75.26311568600 4.94821071100
-75.26745588000 4.94353070300
-75.27135606700 4.93814068200
-75.27745635400 4.93024065500
-75.28142653300 4.92588064700
-75.28355663300 4.92309063700
-75.28829544500 4.91663058900
-75.28867687800 4.91611061100
-75.29456716300 4.90779057700
-75.30151750200 4.89763053400
-75.30570967400 4.89092439000
-75.30968791400 4.88456046900
-75.31635826100 4.87285040500
-75.32410865800 4.85983033600
-75.32889888800 4.85313031000
-75.33869938000 4.83760023400
-75.34646978300 4.82410016100
-75.35421018700 4.81040008400
-75.35836041300 4.80214003300
-75.35874217400 4.80129277100
-75.36360071200 4.79050995400
-75.36420467700 4.78898828100
-75.36666089700 4.78279989700
-75.37013109800 4.77473984100
-75.37297127700 4.76692978100
-75.38088174700 4.74758964100
-75.38689208300 4.73486955700
-75.39449250800 4.71880945200
-75.39858273300 4.71050940000
-75.40405302000 4.70066934400
-75.40747320000 4.69441930800
-75.40963555100 4.69067474800
-75.41049335700 4.68918927900
-75.41404353300 4.68375925400
-75.41695368600 4.67843922400
-75.41999384800 4.67274919000
-75.42050006400 4.67177603200
-75.42270399400 4.66753915900
-75.42552414400 4.66232912800
-75.42799429300 4.65606908200
-75.42969439500 4.65184905100
-75.43234454900 4.64565900800
-75.43475469400 4.63967896400
-75.43563474900 4.63726894600
-75.44000501200 4.62621886400
-75.44293517700 4.61997882300
-75.44509531500 4.61380877400
-75.44780551000 4.60399869000
-75.45010568500 4.59488860800
-75.45041571000 4.59349859600
-75.45132576800 4.59093857600
-75.45232583700 4.58755854700
-75.45273968000 4.58650371100
-75.45334589900 4.58495852800
-75.45346590600 4.58467852600
-75.45452596800 4.58214850800
-75.45616606300 4.57838848200
-75.45757614400 4.57523846000
-75.45922623900 4.57149843500
-75.45929624300 4.57131843300
-75.45995628200 4.56975842200
-75.46111635300 4.56669839900
-75.46263644600 4.56268836900
-75.46411654300 4.55828833400
-75.46412114700 4.55827574200
-75.46581664900 4.55363829800
-75.46712673600 4.54965826600
-75.46784678400 4.54737824700
-75.46896685300 4.54440822400
-75.46984690600 4.54217820800
-75.47106698100 4.53897818400
-75.47180702200 4.53745817400
-75.47250706100 4.53602816500
-75.47355711900 4.53380815000
-75.47384713500 4.53319814600
-75.47445717100 4.53177813600
-75.47531722100 4.52976812200
-75.47540722600 4.52954812100
-75.47547723100 4.52933811900
-75.47747735700 4.52375807600
-75.47754736200 4.52353807400
-75.47762736700 4.52332807200
-75.47769737200 4.52311807100
-75.47775737600 4.52289806900
-75.47783738100 4.52268806700
-75.47791738600 4.52246806500
-75.47798739000 4.52225806400
-75.47806739500 4.52204806200
-75.47814740000 4.52183806100
-75.47823740600 4.52162805900
-75.47832741100 4.52141805800
-75.47840741600 4.52120805600
-75.47849742100 4.52100805500
-75.47858742600 4.52079805300
-75.47867743100 4.52058805200
-75.47876743700 4.52037805000
-75.47885744200 4.52017804900
-75.47895744700 4.51996804800
-75.47904745200 4.51976804600
-75.47914745800 4.51955804500
-75.47923746300 4.51934804300
-75.47932746800 4.51914804200
-75.47942747400 4.51894804100
-75.47952747900 4.51873803900
-75.47962748500 4.51853803800
-75.47971749000 4.51832803700
-75.47981749600 4.51812803500
-75.47991750100 4.51792803400
-75.48001750700 4.51771803300
-75.48010751200 4.51751803100
-75.48020751700 4.51731803000
-75.48030752300 4.51711802900
-75.48040752800 4.51690802700
-75.48050753400 4.51670802600
-75.48060753900 4.51650802500
-75.48075754700 4.51620802300
-75.48179760000 4.51451801500
-75.48393770500 4.51133800100
-75.48527788100 4.50942750400
-75.48635782200 4.50788798600
-75.48844792700 4.50463797100
-75.49182808900 4.49993795300
-75.49185809100 4.49987795200
-75.50015847600 4.48962792200
-75.50048849100 4.48924792100
-75.50062849800 4.48906792000
-75.50076850400 4.48889792000
-75.50090851100 4.48872791900
-75.50105851800 4.48854791900
-75.50119852400 4.48837791900
-75.50134853100 4.48819791800
-75.50148853700 4.48802791800
-75.50163854400 4.48785791700
-75.50176855000 4.48767791600
-75.50191855700 4.48750791600
-75.50205856400 4.48732791600
-75.50220857100 4.48715791500
-75.50234857700 4.48698791500
-75.50249858400 4.48680791400
-75.50255347900 4.48674125900
-75.50255866400 4.48673496300
-75.50263859000 4.48663791400
-75.50278859700 4.48646791300
-75.50292860400 4.48629791300
-75.50307861100 4.48611791200
-75.50321861700 4.48594791200
-75.50336862400 4.48576791100
-75.50350863100 4.48558791100
-75.50363863700 4.48541791000
-75.50376864300 4.48522790900
-75.50384864700 4.48512790900
-75.50389864900 4.48504790900
-75.50402865600 4.48486790800
-75.50659989000 4.48063254100
-75.50660878700 4.48061788600
-75.50917891700 4.47643786500
-75.51700929100 4.46582782600
-75.52881981900 4.45306780400
-75.53831237000 4.44257250400
-75.53885027100 4.44197778200
-75.54104744600 4.43955352600
-75.55268089300 4.42671775300
-75.55912256400 4.42006574100
-75.56368440700 4.41535493900
-75.56368672100 4.41535255000
-75.56368696400 4.41535229900
-75.56369112300 4.41534800400
-75.56369138000 4.41534773900
-75.60159915700 4.39060459700
-75.60159853800 4.39060543500
-75.60158265800 4.39062695400
-75.60158231700 4.39062741500
-75.60158045500 4.39062993800
-75.60063453900 4.39191166700
-75.59974001300 4.39312376100
-75.59888331800 4.39428459400
-75.59631264900 4.39776788300
-75.59393660700 4.40099511800
-75.59137241300 4.40447790800
-75.58894229700 4.40776792000
-75.58622216300 4.41185793900
-75.58389204600 4.41554795600
-75.58358203100 4.41603795900
-75.57966182400 4.42321800000
-75.57935354600 4.42386605300
-75.57438152900 4.43431807300
-75.57281539100 4.43960667500
-75.57255140200 4.44049812500
-75.56876115400 4.45184821600
-75.56836112800 4.45305822600
-75.56434086600 4.46496832100
-75.56006061500 4.47515839300
-75.55874054400 4.47768840900
-75.55623040900 4.48251843800
-75.55533036300 4.48404844600
-75.55348026800 4.48712846200
-75.55423027900 4.48838848500
-75.55430028100 4.48847848600
-75.55437068400 4.48858739200
-75.55494029100 4.48946850500
-75.55620031700 4.49097853600
-75.55785035000 4.49292857600
-75.55885037000 4.49412860100
-75.55962038700 4.49494861800
-75.55884034300 4.49664863000
-75.55877033800 4.49685863100
-75.55871033400 4.49707863300
-75.55864032900 4.49728863500
-75.55857032500 4.49750863700
-75.55850032000 4.49771863800
-75.55843031500 4.49793864000
-75.55837031100 4.49815864200
-75.55830030600 4.49836864400
-75.55824030200 4.49858864600
-75.55818029800 4.49880864800
-75.55812029300 4.49901864900
-75.55805028900 4.49923865100
-75.55799028400 4.49945865300
-75.55793028000 4.49967865500
-75.55787027600 4.49988865700
-75.55781027100 4.50010865900
-75.55775026700 4.50032866100
-75.55770026300 4.50054866300
-75.55764025900 4.50076866500
-75.55759025500 4.50098866700
-75.55754025100 4.50120866900
-75.55749024700 4.50142867100
-75.55745024300 4.50164867300
-75.55741023900 4.50186867500
-75.55737023500 4.50209867700
-75.55734023200 4.50231867900
-75.55730022800 4.50253868200
-75.55727022500 4.50276868400
-75.55723022100 4.50298868600
-75.55720021800 4.50320868800
-75.55717021400 4.50343869100
-75.55714021100 4.50365869300
-75.55711020800 4.50388869500
-75.55708020400 4.50410869700
-75.55705020100 4.50432870000
-75.55702019700 4.50455870200
-75.55699019400 4.50477870400
-75.55695019000 4.50499870600
-75.55691018600 4.50522870900
-75.55687018300 4.50544871100
-75.55684017900 4.50566871300
-75.55681017600 4.50589871500
-75.55677017200 4.50611871700
-75.55672016800 4.50633871900
-75.55668016500 4.50655872200
-75.55665016100 4.50678872400
-75.55661015700 4.50700872600
-75.55656015300 4.50722872800
-75.55652015000 4.50744873000
-75.55648014600 4.50767873200
-75.55644014200 4.50789873500
-75.55639013800 4.50811873700
-75.55635013400 4.50833873900
-75.55630013000 4.50855874100
-75.55625012600 4.50877874300
-75.55620012200 4.50899874500
-75.55615011800 4.50921874700
-75.55610011400 4.50943874900
-75.55605011000 4.50965875100
-75.55600010600 4.50987875300
-75.55595010200 4.51009875500
-75.55590009800 4.51031875700
-75.55584009400 4.51053875900
-75.55579009000 4.51075876100
-75.55574008600 4.51097876300
-75.55568008100 4.51119876500
-75.55563007700 4.51141876700
-75.55558007300 4.51163876900
-75.55553006900 4.51185877100
-75.55548006500 4.51207877300
-75.55542006100 4.51229877500
-75.55536005700 4.51251877700
-75.55531005300 4.51273877900
-75.55526004900 4.51295878100
-75.55520004400 4.51317878300
-75.55514004000 4.51339878400
-75.55509003600 4.51360878600
-75.55503003200 4.51382878800
-75.55497002700 4.51404879000
-75.55491002300 4.51426879200
-75.55484001800 4.51448879400
-75.55478001400 4.51469879600
-75.55472001000 4.51491879800
-75.55465000500 4.51513879900
-75.55459000100 4.51534880100
-75.55451999600 4.51556880300
-75.55445999200 4.51577880500
-75.55444678000 4.51582032300
-75.55438998700 4.51599880700
-75.55432998300 4.51621880900
-75.55427997900 4.51643881100
-75.55421997400 4.51665881200
-75.55416997000 4.51687881400
-75.55411996600 4.51709881600
-75.55406996200 4.51731881900
-75.55400995800 4.51753882000
-75.55396995400 4.51775882300
-75.55391995000 4.51797882500
-75.55386994600 4.51819882700
-75.55381994200 4.51841882900
-75.55377993800 4.51863883100
-75.55372993400 4.51885883300
-75.55368993000 4.51908883500
-75.55365992700 4.51930883700
-75.55364733400 4.51937809300
-75.55361992300 4.51952883900
-75.55358992000 4.51975884200
-75.55354991600 4.51997884400
-75.55351991400 4.52008884500
-75.55350991400 4.52008884500
-75.55350862600 4.52009281300
-75.55349144000 4.52014579700
-75.55312525900 4.52127471200
-75.55214199900 4.52430604800
-75.55214186400 4.52430646500
-75.55214145500 4.52430772600
-75.55006678600 4.53070381500
-75.54953965000 4.53232894400
-75.54447930100 4.54921908600
-75.54441929600 4.54943908800
-75.54380923000 4.55373913100
-75.54370922200 4.55418913600
-75.54352920900 4.55481914100
-75.54336919700 4.55539914600
-75.54318918500 4.55597915100
-75.54296916300 4.55735916400
-75.54247910700 4.56108920200
-75.54242910000 4.56153920700
-75.54235909000 4.56225921500
-75.54225907800 4.56306922300
-75.54214906500 4.56388923100
-75.54208905500 4.56470924000
-75.54205904700 4.56528924700
-75.54202904400 4.56550924900
-75.54192899800 4.56950929400
-75.54188899200 4.56990929800
-75.54185898700 4.57028930300
-75.54180898000 4.57078930800
-75.54173897300 4.57122931200
-75.54164896500 4.57164931600
-75.54150895600 4.57207932000
-75.54138894700 4.57253932400
-75.54065889600 4.57504934500
-75.54076889600 4.57533934900
-75.54085889600 4.57561935400
-75.54094889600 4.57590935800
-75.54103889600 4.57618936200
-75.54112889600 4.57647936700
-75.54121889600 4.57675937100
-75.54129889500 4.57704937500
-75.54137889500 4.57733937900
-75.54145889500 4.57762938300
-75.54151889300 4.57790938700
-75.54158889300 4.57820939100
-75.54165889200 4.57849939600
-75.54172889100 4.57878940000
-75.54179889000 4.57907940400
-75.54186888900 4.57936940800
-75.54194888900 4.57964941200
-75.54202888800 4.57993941600
-75.54209888800 4.58022942000
-75.54216888700 4.58051942400
-75.54224888600 4.58080942900
-75.54231888600 4.58109943300
-75.54238888500 4.58138943700
-75.54244888400 4.58167944100
-75.54251888300 4.58196944500
-75.54256888100 4.58225944900
-75.54260887900 4.58255945300
-75.54265887800 4.58284945700
-75.54269887600 4.58314946100
-75.54273887400 4.58344946500
-75.54276887200 4.58373946800
-75.54280887000 4.58403947200
-75.54283886800 4.58433947600
-75.54286886600 4.58462948000
-75.54290886400 4.58492948400
-75.54294843400 4.58515899900
-75.54295886200 4.58521948700
-75.54299886000 4.58551949100
-75.54302885800 4.58580949500
-75.54306885600 4.58610949900
-75.54311885500 4.58640950300
-75.54315885300 4.58669950700
-75.54318885100 4.58699951100
-75.54322884900 4.58728951400
-75.54326884700 4.58758951800
-75.54330884500 4.58788952200
-75.54333884300 4.58817952600
-75.54336884100 4.58847953000
-75.54340883900 4.58876953300
-75.54343883700 4.58906953700
-75.54346883400 4.58936954100
-75.54349883200 4.58965954500
-75.54352883000 4.58995954800
-75.54354882800 4.59025955200
-75.54357882500 4.59055955600
-75.54359882300 4.59084956000
-75.54360882000 4.59114956300
-75.54362881700 4.59144956700
-75.54363881400 4.59174957000
-75.54363881100 4.59205957400
-75.54363880800 4.59235957700
-75.54364880500 4.59265958100
-75.54364880200 4.59294958400
-75.54365880000 4.59311958700
-75.54328872600 4.59891965000
-75.54334864200 4.60680974200
-75.54353864500 4.60717974800
-75.54383863300 4.60914977400
-75.54401861900 4.61103979800
-75.54387858900 4.61340982400
-75.54368854600 4.61681986200
-75.54336851200 4.61897988300
-75.54319849600 4.61996989300
-75.54242841300 4.62526994600
-75.54206838100 4.62713996400
-75.54183835900 4.62842997700
-75.54161833800 4.62969998900
-75.54064825900 4.63413003000
-75.53964818100 4.63822006700
-75.53902813900 4.64020008300
-75.53819808400 4.64283010500
-75.53707802300 4.64504011800
-75.53578794300 4.64845014400
-75.53426786200 4.65131016100
-75.53269778500 4.65362017100
-75.53157772800 4.65553018100
-75.53026766800 4.65702018500
-75.52904761200 4.65853018900
-75.52788754400 4.66123020800
-75.52619743600 4.66605024600
-75.52513736500 4.66942027400
-75.52428730000 4.67278030400
-75.52501726100 4.67865038000
-75.52453717800 4.68487044700
-75.52455710000 4.69222053200
-75.52433706100 4.69509056300
-75.52423704400 4.69642057700
-75.52168677700 4.71330074600
-75.52015663400 4.72194083000
-75.51887649600 4.73079091900
-75.51766641400 4.73466095100
-75.51679636500 4.73654096300
-75.51523421500 4.74776721700
-75.51508617600 4.74883108800
-75.51493613800 4.75189112100
-75.51478609800 4.75511115700
-75.51518606100 4.75975121500
-75.51541601900 4.76439127100
-75.51641601600 4.76770132100
-75.51631595500 4.77312138200
-75.51599588600 4.77853144200
-75.51556582600 4.78273148600
-75.51458574300 4.78748153000
-75.51327564900 4.79217157100
-75.51249555200 4.79876163900
-75.51233514000 4.80073816600
-75.51215549500 4.80295168400
-75.51174541600 4.80905175000
-75.51149538000 4.81166177800
-75.51163534300 4.81552182400
-75.51174530800 4.81908186700
-75.51197524200 4.82591194800
-75.51195517500 4.83204201900
-75.51210509800 4.83963210900
-75.51219502200 4.84701219500
-75.51220494100 4.85451228200
-75.51214486300 4.86160236400
-75.51190480200 4.86645241800
-75.51119473700 4.87032245500
-75.51083467800 4.87469250200
-75.51106462300 4.88052257200
-75.51114458300 4.88452261900
-75.51045449800 4.89021267800
-75.51026447000 4.89222269900
-75.50962441100 4.89573273300
-75.50871433400 4.90011277400
-75.50816429200 4.90228279300
-75.50806427100 4.90398281200
-75.50791425800 4.90474281900
-75.50752423500 4.90566282600
-75.50677419200 4.90735283700
-75.50617415500 4.90890284900
-75.50472405800 4.91347288600
-75.50383398100 4.91785292800
-75.50398100500 4.91878587600
-75.50455805900 4.92244759700
-75.50467395200 4.92318299900
-75.50517394000 4.92575303400
-75.50534391300 4.92882307100
-75.50535389400 4.93056309100
-75.50505386200 4.93261311200
-75.50505384900 4.93385312600
-75.50455382200 4.93480313200
-75.50281370100 4.94070318200
-75.50067356400 4.94682323000
-75.49999349800 4.95087327000
-75.49964342400 4.95667333300
-75.49948336900 4.96125338500
-75.49809327000 4.96618342700
-75.49687319600 4.96935345100
-75.49495307500 4.97463349100
-75.49338298500 4.97815351600
-75.49269291700 4.98238355700
-75.49217283700 4.98819361900
-75.49130275500 4.99311366700
-75.48973264600 4.99840371100
-75.48694248200 5.00509375900
-75.48362232200 5.00967377700
-75.48082218200 5.01407379800
-75.47769205100 5.01664379400
-75.47596193400 5.02219384000
-75.47541191000 5.02270384000
-75.46630153200 5.04308627000
-75.45856094600 5.06040409800
-75.45680084900 5.06399412100
-75.45529076200 5.06741414400
-75.45283061900 5.07314418400
-75.45153050900 5.07935424300
-75.45014036500 5.08843433300
-75.44892089200 5.09578769900
-75.44850020400 5.09832443000
-75.44718007300 5.10644451000
-75.44616998200 5.11178456100
-75.44482987000 5.11799461900
-75.44321974600 5.12456467800
-75.44215964000 5.13115474300
-75.44164955700 5.13733481000
-75.44073947000 5.14260486100
-75.44048942200 5.14628490100
-75.44102941900 5.14821492900
-75.44077937700 5.15136496300
-75.44006928200 5.15791503100
-75.43894918300 5.16367508600
-75.43954914000 5.16957516100
-75.43859904400 5.17554522000
-75.43797893500 5.18375530900
-75.43684884600 5.18848535200
-75.43610229600 5.19332543800
-75.43591875100 5.19451541200
-75.43506865700 5.20056547300
-75.43386856500 5.20539551600
-75.43239846900 5.20980555100
-75.43291844900 5.21327559700
-75.43182839200 5.21522560800
-75.43041827600 5.22162566700
-75.43043822600 5.22629572200
-75.43044818400 5.23022576700
-75.42903810300 5.23346579000
-75.42834805300 5.23601581200
-75.42765800100 5.23868583600
-75.42758794600 5.24357589200
-75.42744792800 5.24475590400
-75.42735791800 5.24549591100
-75.42752790500 5.24718593300
-75.42770663400 5.24787458100
-75.42786790200 5.24849595200
-75.42788543200 5.24868003700
-75.42798789200 5.24975596800
-75.42798787700 5.25118598400
-75.42789464900 5.25152943300
-75.42760784900 5.25258599600
-75.42742816000 5.25296781800
-75.42738112800 5.25306775500
-75.42726623700 5.25331188800
-75.42719327000 5.25346693300
-75.42714585000 5.25356769700
-75.42713526900 5.25359017900
-75.42712782200 5.25360600300
-75.43186721500 5.32452687600
-75.43186722000 5.32452793900
-75.43186722700 5.32452951800
-75.43186738200 5.32456411600
-75.43188716700 5.32897692800
-75.43174708300 5.33639701300
-75.43309703600 5.34484712500
-75.43414698500 5.35286722900
-75.43372692600 5.35702727300
-75.43275681800 5.36401734400
-75.43259680100 5.36513735500
-75.43229676400 5.36764738100
-75.43182670600 5.37159742200
-75.42953657600 5.37662745600
-75.42596640300 5.38172747700
-75.42126618100 5.38783749700
-75.41711600400 5.39157749600
-75.41425587500 5.39474750300
-75.41226575800 5.39948753600
-75.41041564700 5.40408757000
-75.40791552500 5.40774758600
-75.40606139600 5.40806215800
-75.40514542800 5.40821756200
-75.40159529200 5.40992754400
-75.39960347600 5.40993215400
-75.39804298200 5.40993576700
-75.39804163900 5.40993577000
-75.39802165100 5.40993581600
-75.39798595900 5.40993589900
-75.39797118600 5.40993593300
-75.39784333400 5.40993622900
-75.39782992000 5.40993626000
-75.39771785300 5.40993651900
-75.39745266500 5.40993713300
-75.39733445300 5.40993740700
-75.39731096100 5.40993746100
-75.39729515000 5.40993749800
-75.39691412100 5.41919106200
-75.40010323200 5.42624869800
-75.40147647500 5.42989132800
-75.40192671800 5.43330632900
-75.40443669700 5.44377871200
-75.40443668700 5.44878733700
-75.40443668000 5.45265746200
-75.40489442400 5.45538971400
-75.40603116600 5.45948759200
-75.40739691000 5.46267484700
-75.40854127900 5.46540660100
-75.40990689700 5.46904923000
-75.41013576700 5.47132610600
-75.40967800800 5.47610685400
-75.41066987600 5.47996398300
-75.41157774800 5.48140736100
-75.41523985500 5.49003387300
-75.41740659100 5.49706675500
-75.41958095200 5.50409913700
-75.42672968300 5.51350091100
-75.43193287900 5.54101155300
-75.44298021700 5.55922009000
-75.44298525400 5.55922810400
-75.44298529000 5.55922959300
-75.44298557400 5.55924142600
-75.44298558800 5.55924199700
-75.44298583900 5.55925244300
-75.44298902100 5.55938482100
-75.44314913600 5.56604683600
-75.44337489100 5.57543990900
-75.44321287200 5.59067296000
-75.44320471300 5.59144009300
-75.44671479100 5.59498017100
-75.44937485000 5.59767023100
-75.45440494700 5.60404035900
-75.45864501400 5.61085048300
-75.46051506000 5.61235052000
-75.46288512200 5.61386056300
-75.46431515900 5.61486059000
-75.46632520000 5.61722063900
-75.46661520200 5.61788064900
-75.46748521000 5.61987068200
-75.47001527800 5.62127072500
-75.47414538600 5.62396080000
-75.47678543900 5.62714086500
-75.48093552600 5.63186096400
-75.48573563400 5.63651107000
-75.48688564900 5.63866110700
-75.48819563000 5.64447118800
-75.48655197800 5.64752035400
-75.48598551300 5.64857121200
-75.48370538400 5.65352124500
-75.48185527200 5.65826128000
-75.48135521200 5.66221132100
-75.48087514500 5.66702137200
-75.48021177100 5.67138427800
-75.48016507100 5.67169141800
-75.47959501400 5.67520145300
-75.47935497800 5.67781148100
-75.48042499700 5.67936151000
-75.48183501300 5.68218155800
-75.48407505100 5.68551162000
-75.48412505300 5.68554162100
-75.48383502900 5.68680163300
-75.48343498600 5.68961166100
-75.48294494000 5.69234168700
-75.48380495700 5.69343170900
-75.48460496400 5.69527173900
-75.48559497600 5.69716177200
-75.48639498000 5.69928180500
-75.48692497200 5.70157183700
-75.48755496800 5.70387187000
-75.48795496300 5.70559189500
-75.48824495400 5.70737191800
-75.48859494000 5.70966194900
-75.48940493600 5.71259199100
-75.49027493500 5.71529203200
-75.49089493900 5.71689205700
-75.49159495200 5.71781207500
-75.49309498100 5.71970211300
-75.49493502200 5.72159215500
-75.49705507300 5.72331219700
-75.49860511100 5.72462222900
-75.49969513300 5.72588225500
-75.50039513800 5.72760228300
-75.50114514000 5.72972231500
-75.50166513700 5.73156234200
-75.50178511600 5.73386237000
-75.50201510300 5.73575239400
-75.50190508600 5.73707240900
-75.50344516100 5.73477239800
-75.50385515600 5.73649242300
-75.50402514700 5.73787244000
-75.50443513800 5.73999246900
-75.50467511600 5.74275250400
-75.50462509100 5.74493252900
-75.50462506100 5.74774256100
-75.50429501600 5.75084259400
-75.50745507400 5.75520267800
-75.50923511100 5.75726272100
-75.51078514000 5.75926276100
-75.51193515900 5.76104279400
-75.51304514900 5.76535285500
-75.51327829200 5.76986590600
-75.51369503500 5.77793300800
-75.51462506400 5.77815302100
-75.51527507800 5.77886303600
-75.51591508600 5.78001305600
-75.51699509900 5.78216309300
-75.51807511800 5.78373312200
-75.51907173000 5.78502733500
-75.51951514500 5.78560315900
-75.52073516900 5.78710319000
-75.52196520200 5.78783321100
-75.52476528400 5.78888325300
-75.52517527900 5.79059327800
-75.52584526800 5.79365332000
-75.52621525800 5.79575334900
-75.52737525000 5.80000341000
-75.52801524700 5.80224344300
-75.52888524300 5.80533348800
-75.52975524300 5.80797352800
-75.53049524300 5.81027356300
-75.53153524700 5.81308360600
-75.53275525700 5.81589365200
-75.53378526600 5.81818369000
-75.53493528300 5.82013372400
-75.53609529800 5.82231376200
-75.53655527500 5.82592380900
-75.53691523800 5.83040386500
-75.53732521700 5.83367390700
-75.53773519200 5.83723395300
-75.53825516800 5.84107400300
-75.53884513800 5.84560406200
-75.53929889500 5.84806070000
-75.53971511600 5.85031412500
-75.53909506200 5.85347415600
-75.53831503000 5.85399415300
-75.53864502700 5.85530417200
-75.53921502700 5.85708419900
-75.53973502800 5.85857422200
-75.54043503400 5.86017424800
-75.54146505000 5.86183427800
-75.54284507200 5.86401431800
-75.54399509000 5.86585435100
-75.54532511300 5.86785438900
-75.54647512800 5.86997442600
-75.54819515200 5.87307448000
-75.54952517000 5.87542452100
-75.55045517700 5.87765455700
-75.55131518400 5.87960458900
-75.55212519100 5.88150462000
-75.55275519300 5.88327464700
-75.55350519800 5.88505467600
-75.55437520500 5.88712470900
-75.55524521100 5.88918474200
-75.55627521800 5.89176478300
-75.55737522800 5.89417482300
-75.55835523500 5.89652486000
-75.55968524300 5.89990491400
-75.56080270700 5.90285824400
-75.56094524800 5.90323496600
-75.56193524900 5.90621501100
-75.56280525200 5.90862504800
-75.56355525400 5.91074508100
-75.56395525200 5.91217510200
-75.56430524500 5.91384512500
-75.56441523000 5.91562514700
-75.56442521000 5.91751516900
-75.56450518200 5.92032520200
-75.56535519800 5.92147522400
-75.56583520600 5.92215523800
-75.56630521300 5.92295525200
-75.56687521900 5.92414527200
-75.56725522300 5.92501528600
-75.56771522600 5.92613530400
-75.56821522900 5.92737532300
-75.56855523100 5.92817533600
-75.56915523600 5.92961535900
-75.56950523600 5.93066537500
-75.56988524000 5.93151538900
-75.57036524200 5.93277540900
-75.57082524500 5.93392542700
-75.57134524700 5.93527544800
-75.57185524800 5.93680547200
-75.57226525300 5.93756548500
-75.57310526200 5.93929551400
-75.57343526900 5.93970552200
-75.57416528000 5.94087554400
-75.57468528500 5.94203556300
-75.57500528900 5.94267557300
-75.57544529600 5.94338558600
-75.57594530400 5.94411560000
-75.57635530500 5.94532561900
-75.57667530500 5.94624563300
-75.57767531200 5.94867567100
-75.57792531400 5.94933568200
-75.57837531700 5.95043569900
-75.57856531900 5.95080570600
-75.57894532300 5.95157571900
-75.57932532800 5.95224573000
-75.57951533100 5.95258573600
-75.58006534200 5.95328575000
-75.58067535200 5.95424576800
-75.58136536200 5.95536578800
-75.58180537100 5.95595580000
-75.58211537400 5.95659581100
-75.58259538000 5.95751582700
-75.58286538100 5.95822583800
-75.58307538500 5.95854584400
-75.58321538400 5.95904585100
-75.58331537600 5.96005586400
-75.58331537200 5.96044586800
-75.58330535900 5.96161588200
-75.58400537300 5.96251590000
-75.58437538100 5.96292590800
-75.58521539900 5.96381592800
-75.58686543400 5.96560596600
-75.58765545100 5.96649598500
-75.58839546600 5.96735600300
-75.58910434400 5.96813489400
-75.58920548300 5.96824602200
-75.58939548600 5.96853602700
-75.59094552100 5.97010606200
-75.59193553900 5.97144608800
-75.59252555000 5.97220610300
-75.59379557600 5.97367613300
-75.59461559400 5.97454615200
-75.59550561200 5.97565617500
-75.59642563100 5.97672619700
-75.59705564500 5.97733621100
-75.59788566000 5.97847623300
-75.59901568200 5.97989626100
-75.60030570300 5.98189629800
-75.60108571900 5.98285631800
-75.60168572800 5.98383633600
-75.60264574500 5.98518636100
-75.60332575700 5.98620638100
-75.60380576500 5.98689639400
-75.60399576700 5.98732640100
-75.60472577900 5.98844642100
-75.60508578400 5.98908643300
-75.60574579100 5.99048645600
-75.60632579800 5.99162647500
-75.60665580300 5.99217648500
-75.60710580700 5.99313650100
-75.60746581100 5.99389651400
-75.60827582300 5.99528653900
-75.60875582300 5.99670656000
-75.60899582400 5.99734657000
-75.60928582800 5.99792658000
-75.60957582800 5.99881659400
-75.61014207900 5.99994025400
-75.61085584300 6.00135663700
-75.61136584800 6.00247665500
-75.61284586100 6.00577670900
-75.61349586700 6.00723673300
-75.61419586900 6.00918676300
-75.61478587300 6.01063678600
-75.61554587500 6.01278681900
-75.61597587400 6.01414684000
-75.61634587400 6.01526685700
-75.61678587500 6.01659687700
-75.61742587600 6.01840690400
-75.61777587600 6.01955692200
-75.61811587600 6.02056693700
-75.61884587500 6.02285697100
-75.61893587300 6.02336697800
-75.61930587100 6.02465699700
-75.61980586900 6.02641702300
-75.61999586900 6.02701703200
-75.62007224500 6.02735164400
-75.62041586300 6.02885705800
-75.62084586300 6.03011707700
-75.62140586500 6.03165710100
-75.62183586900 6.03265711700
-75.62212587100 6.03336712800
-75.62262587500 6.03446714600
-75.62309588400 6.03508715800
-75.62326588700 6.03535716300
-75.62341588700 6.03579717000
-75.62362589100 6.03604717500
-75.62421590000 6.03702719300
-75.62492591400 6.03795721100
-75.62524592000 6.03838722000
-75.62586592300 6.03997724500
-75.62624592300 6.04114726200
-75.62759590700 6.04676734200
-75.62838588800 6.05093739900
-75.62836587800 6.05181740900
-75.63110585300 6.06253756200
-75.63182582900 6.06704762200
-75.63544586100 6.07519775600
-75.63618581000 6.08213784400
-75.63918575900 6.09606803700
-75.64046572500 6.10316813300
-75.64221574100 6.10709819800
-75.64384582200 6.10454818600
-75.64404583500 6.10401818200
-75.64512589400 6.10184816800
-75.64585593100 6.10067816200
-75.64630595600 6.09968815500
-75.64684598400 6.09878815100
-75.64754601000 6.09845815400
-75.64874605600 6.09788816100
-75.65056613900 6.09580815600
-75.65193620100 6.09428815300
-75.65292625000 6.09270814500
-75.65404623900 6.09724821000
-75.65517620800 6.10355829500
-75.65523620700 6.10383829900
-75.65618619600 6.10775835500
-75.65690619400 6.11020839100
-75.65696619300 6.11041839400
-75.65746618700 6.11257842400
-75.65797618000 6.11472845400
-75.65812617200 6.11598847100
-75.65842615400 6.11849850300
-75.65845605400 6.12790861200
-75.65802599300 6.13222865800
-75.65796595600 6.13545869500
-75.65792593000 6.13775872100
-75.65738586800 6.14185876300
-75.65629578200 6.14650880500
-75.65825575700 6.15482892300
-75.65831575500 6.15516892700
-75.65861656300 6.15755575100
-75.65983567600 6.16722908300
-75.66332478200 6.17737934800
-75.66577568600 6.18450934700
-75.67464584900 6.19666958300
-75.67918591600 6.20432972000
-75.68157593000 6.21038981600
-75.68500599000 6.21540991100
-75.68618599600 6.21842995800
-75.68762600400 6.22211001600
-75.68799600600 6.22310003200
-75.68851600800 6.22446005300
-75.68926601600 6.22607008000
-75.68977602100 6.22718009800
-75.69112602600 6.23080015400
-75.69318604800 6.23514022700
-75.69363604900 6.23641024600
-75.69399605100 6.23731026100
-75.69453604600 6.23939029100
-75.69512603900 6.24193032600
-75.70039598700 6.26289062600
-75.70342597000 6.27380078500
-75.70620590300 6.28854098500
-75.70640195400 6.29004413900
-75.70773582700 6.30027113800
-75.70800581800 6.30189115900
-75.70827580800 6.30370118300
-75.70889580400 6.30596121600
-75.70943580000 6.30795124500
-75.70996576900 6.31248130300
-75.71050576100 6.31492133700
-75.71077575500 6.31627135600
-75.71112574900 6.31790137800
-75.71148573400 6.32043141100
-75.71165571500 6.32269143900
-75.71192569900 6.32505147000
-75.71191568500 6.32631148400
-75.71191566600 6.32803150400
-75.71191564900 6.32966152300
-75.71172561200 6.33246155300
-75.71153558900 6.33399156900
-75.71135307500 6.33545828500
-75.71126555700 6.33616159100
-75.71107552100 6.33887162100
-75.71078546400 6.34330166900
-75.71069544100 6.34520169000
-75.71069542300 6.34683170900
-75.71069540800 6.34819172500
-75.71077538800 6.35036175100
-75.71085536800 6.35243177600
-75.71085533600 6.35542181000
-75.71084531200 6.35759183600
-75.71074527700 6.36057186900
-75.71091526400 6.36229189100
-75.71072522300 6.36545192500
-75.71063519300 6.36798195400
-75.71045517100 6.36943196900
-75.71044516000 6.37042198000
-75.71053514200 6.37241200400
-75.71070512700 6.37431202800
-75.71078509600 6.37748206600
-75.71114506800 6.38118211200
-75.71140505400 6.38326213900
-75.71167504500 6.38489216100
-75.71211503000 6.38769219800
-75.71238501600 6.38977222500
-75.71237499200 6.39194225000
-75.71237497400 6.39366227000
-75.71227496100 6.39456228000
-75.71218494200 6.39601229500
-75.71200492200 6.39728230800
-75.71172489900 6.39863232100
-75.71127486800 6.40008233300
-75.71099484800 6.40107234100
-75.71036480700 6.40297235700
-75.71063478900 6.40548238900
-75.71078476900 6.40775241700
-75.71090118200 6.41049602500
-75.71094473400 6.41152246200
-75.71084469300 6.41500250100
-75.71085465800 6.41829254000
-75.71078462300 6.42128257400
-75.71049457400 6.42499261300
-75.71012478200 6.42801004700
-75.70993450600 6.42956266100
-75.70975449000 6.43047266900
-75.70977449000 6.43054267000
-75.70978152700 6.43059394100
-75.70992370600 6.43162988200
-75.70993064500 6.43168043700
-75.71005447700 6.43258269700
-75.71041446500 6.43480272600
-75.71059445000 6.43673275100
-75.71038441400 6.43943278000
-75.71071438500 6.44315282600
-75.71107437400 6.44529285500
-75.71306436700 6.45204295500
-75.71435787000 6.45440304000
-75.71648441300 6.45828306400
-75.72007448800 6.46233314900
-75.72371456900 6.46604323100
-75.72523460000 6.46778326700
-75.72628460900 6.47022330700
-75.72827463200 6.47417337400
-75.72942464900 6.47609340800
-75.73138464900 6.48216350000
-75.73344459800 6.49317364900
-75.73411460600 6.49452367200
-75.73509461600 6.49661370700
-75.73548461100 6.49827373000
-75.73627461600 6.50023376100
-75.73715463400 6.50122378200
-75.73818465400 6.50254380800
-75.73919466700 6.50442384100
-75.73981466200 6.50678387500
-75.74023465500 6.50879390300
-75.74053464300 6.51080392900
-75.74081462700 6.51310395900
-75.74106460700 6.51572399200
-75.74148459600 6.51808402400
-75.74216459400 6.52033405700
-75.74368461000 6.52350411000
-75.74487463100 6.52522414300
-75.74612464800 6.52753418300
-75.74695464100 6.53069422900
-75.74754461700 6.53473428200
-75.74747458000 6.53794431800
-75.74714452500 6.54203436200
-75.74648447200 6.54496438900
-75.74809449900 6.54733443400
-75.75326046000 6.55712990200
-75.75326186000 6.55713255500
-75.75327588900 6.55715915800
-75.75430200000 6.55910482300
-75.75491135800 6.56026026200
-75.75554747500 6.56146643800
-75.76003465100 6.56997482400
-75.76120167800 6.57203429100
-75.76190467700 6.57327488200
-75.76380469900 6.57708494600
-75.76659052700 6.58166568300
-75.76824021700 6.58437826800
-75.76827476700 6.58443507900
-75.76920703600 6.58599408800
-75.76928699700 6.58612780400
-75.76928885600 6.58613091400
-75.76934677400 6.58622776700
-75.76936194400 6.58625313600
-75.76946478500 6.58642511500
-75.76946623400 6.58642756700
-75.77110721800 6.58920505100
-75.77242482900 6.59143520500
-75.77383485600 6.59329524200
-75.77638962100 6.59663887400
-75.77736492300 6.59791533300
-75.77974496300 6.60152540000
-75.78103497400 6.60447544800
-75.78161497500 6.60616547400
-75.78216497700 6.60766549700
-75.78247497100 6.60916551800
-75.78283496700 6.61061553800
-75.78326497200 6.61146555300
-75.78381497300 6.61307557700
-75.78468499000 6.61420560000
-75.78540500500 6.61501561700
-75.78614502200 6.61566563200
-75.78707504600 6.61628565000
-75.78840507600 6.61763567900
-75.78957510100 6.61892570700
-75.79055511500 6.62064573700
-75.79126512100 6.62225576300
-75.79186512500 6.62365578600
-75.79317512100 6.62807585100
-75.79385510800 6.63142589700
-75.79423509200 6.63399593100
-75.79479507600 6.63720597500
-75.79529507300 6.63908600200
-75.79581507000 6.64090602800
-75.79718508000 6.64420608100
-75.80171515600 6.65109621000
-75.80195925500 6.65157978800
-75.80435518700 6.65632629800
-75.80670522400 6.66005636700
-75.80898525800 6.66389643600
-75.81206531800 6.66782651400
-75.81240811100 6.66835498800
-75.81374534600 6.67041656200
-75.81479536200 6.67213659300
-75.81596537800 6.67421663000
-75.81596451400 6.67421728200
-75.81593853700 6.67423687400
-75.81580880200 6.67433472400
-75.81557598500 6.67451032200
-75.81557437300 6.67451153800
-75.81424409600 6.67551487200
-75.80599496700 6.68173661100
-75.79398444900 6.69291661200
-75.78353475100 6.70126475100
-75.78284398400 6.70181659600
-75.77506362900 6.71086661800
-75.77221348200 6.71574664400
-75.77013337600 6.71920666200
-75.76766324700 6.72357668700
-75.76558313600 6.72753671000
-75.76344302000 6.73169673600
-75.76138290500 6.73598676400
-75.75969280700 6.73995679200
-75.75847273600 6.74272681100
-75.75665262900 6.74714684300
-75.75491252700 6.75122687100
-75.75319241700 6.75615691000
-75.75169232500 6.76002693900
-75.75108229200 6.76127694700
-75.74692132900 6.76975618500
-75.74554198700 6.77256701900
-75.74363184200 6.78012708600
-75.74352182600 6.78123709800
-75.74339180800 6.78257711200
-75.74316178100 6.78429712900
-75.74097167900 6.78710713900
-75.74068165100 6.78876715500
-75.74058162900 6.79055717400
-75.74074161700 6.79215719500
-75.74135161100 6.79450722900
-75.74133155400 6.79979729000
-75.74194150000 6.80668737600
-75.74197148000 6.80857739800
-75.74199146600 6.80996741500
-75.74152140700 6.81397745600
-75.74041131400 6.81919750500
-75.73972059200 6.82237931600
-75.73924121700 6.82458755500
-75.73751109600 6.83055760600
-75.73514094900 6.83686765400
-75.73207077300 6.84374770100
-75.72964063700 6.84890773400
-75.72699050300 6.85325775700
-75.72370034400 6.85789777500
-75.72070019100 6.86288780100
-75.71834006200 6.86758783000
-75.71457986800 6.87400786500
-75.71180972500 6.87875789000
-75.70851954700 6.88517793000
-75.70527937100 6.89159797000
-75.70392929600 6.89434798700
-75.70285923800 6.89650800100
-75.70179197800 6.89841604300
-75.70054911700 6.90063802400
-75.69829900100 6.90447804400
-75.69584887600 6.90855806600
-75.69301872400 6.91394809800
-75.68937853600 6.92024813200
-75.68625837100 6.92592816500
-75.68215816200 6.93268819900
-75.68010806100 6.93584821400
-75.67849798900 6.93755821700
-75.67676790500 6.94002822700
-75.67443902800 6.94349388100
-75.67295771800 6.94569825200
-75.66884750900 6.95245828700
-75.66515732500 6.95812831300
-75.66209717600 6.96259833200
-75.65990706500 6.96620835100
-75.65903701800 6.96780836000
-75.65799695200 6.97073838300
-75.65706689400 6.97331840300
-75.65568682200 6.97577841700
-75.65285667300 6.98087844600
-75.65054656100 6.98414845900
-75.64636635100 6.99082849200
-75.64011603800 7.00062853900
-75.63458577100 7.00848857100
-75.63049557800 7.01381858900
-75.62713542200 7.01791860100
-75.62594536500 7.01961860800
-75.62455528800 7.02248862600
-75.62293520400 7.02528864100
-75.62186185800 7.02683563000
-75.62114511700 7.02786865200
-75.61780496900 7.03135865700
-75.61394480600 7.03461865300
-75.61117468400 7.03736865600
-75.60840455500 7.04089866700
-75.60667447600 7.04289867200
-75.60379433900 7.04672868600
-75.60256006600 7.04795221900
-75.60148423800 7.04901868700
-75.59801409100 7.05198868500
-75.59536397600 7.05455868600
-75.59283386100 7.05745869300
-75.59031374700 7.06029869900
-75.58857366100 7.06286871000
-75.58732359700 7.06497872100
-75.58639355500 7.06603872400
-75.58492349400 7.06721872200
-75.57015280000 7.08618878400
-75.54931184900 7.11040884300
-75.52939089900 7.13740894300
-75.52445005600 7.14372307800
-75.50715985600 7.16581903500
-75.50617981200 7.16689903700
-75.49760041200 7.17644311400
-75.49488930300 7.17945906300
-75.48119868600 7.19469909300
-75.46481790600 7.21677917400
-75.44945552400 7.23259662100
-75.44863719000 7.23343919500
-75.44303694300 7.23919920200
-75.44252692000 7.23972920300
-75.41617575600 7.26683923600
-75.39516482900 7.28827926000
-75.39219469800 7.29129926400
-75.37323478000 7.31064471400
-75.36520350800 7.31883929500
-75.34904278100 7.33661932900
-75.33689638600 7.35067688800
-75.32801182300 7.36095938600
-75.30545067900 7.39781957300
-75.29864035000 7.40742961200
-75.29634023500 7.41098962900
-75.29400012300 7.41420964100
-75.29192002200 7.41721965400
-75.28941989400 7.42141967600
-75.28716977700 7.42532969700
-75.28419961500 7.43124973400
-75.28059943100 7.43722976500
-75.27721926000 7.44274979300
-75.27474913500 7.44671981300
-75.27285904000 7.44970982700
-75.27113895500 7.45234983900
-75.26958888900 7.45372983900
-75.26684875500 7.45775985600
-75.26363859100 7.46304988300
-75.26150413600 7.46602351800
-75.25773830700 7.47126991600
-75.25658824900 7.47316992600
-75.25516816200 7.47684995300
-75.25401808800 7.48023998000
-75.24957790900 7.48314996600
-75.24719776900 7.48882000700
-75.24718776800 7.48887000700
-75.24329753900 7.49820007400
-75.24030735600 7.50602013300
-75.23790721100 7.51204017700
-75.23670823900 7.51612442600
-75.23640710700 7.51715022000
-75.23521701500 7.52196026300
-75.23282688400 7.52678029400
-75.23042675300 7.53160032400
-75.22652654000 7.53942037300
-75.22323637200 7.54484040100
-75.22113626700 7.54815041700
-75.21874611700 7.55477046800
-75.21754603100 7.55898050400
-75.21605592700 7.56410054800
-75.21426580600 7.56981059500
-75.21277569500 7.57553064500
-75.20947549200 7.58425071100
-75.20708534500 7.59057075900
-75.20572869100 7.59451441200
-75.20439517100 7.59839082100
-75.20380509700 7.60350087400
-75.20142491700 7.61283095700
-75.20029485900 7.61475096700
-75.19994478300 7.62073103200
-75.19748458100 7.63188113500
-75.19721447400 7.64100123800
-75.19582434000 7.64913131800
-75.19505426000 7.65425136900
-75.19383415300 7.66038142700
-75.19371212200 7.66108549900
-75.19296407000 7.66540147600
-75.19181398800 7.66952151100
-75.19128394200 7.67217153700
-75.18615351400 7.69608175900
-75.17905929100 7.72276736100
-75.17876297000 7.72388200300
-75.16754217700 7.76297233600
-75.15812149500 7.79731263400
-75.15582859800 7.80071370800
-75.12640510800 7.84435781800
-75.07942017900 7.91405095900
-75.06159712700 7.94048804300
-75.01315437800 8.01234358100
-74.99295686400 8.03127873400
-74.94842852000 8.07302402100
-74.87740504900 8.13960846800
-74.82533096500 8.18842787900
-74.76002344100 8.24965363100
-74.75826696200 8.25126551200
-74.68724268100 8.31644288200
-74.62669770900 8.37200362700
-74.62632060700 8.37225345700
-74.56627527700 8.41203344600
-74.50620541600 8.44445370000
-74.50524290200 8.44497317700
-74.47966040600 8.45878340200
-74.47538187800 8.46109308400
-74.47356872800 8.46207187800
-74.47330293800 8.46221536000
-74.47004708400 8.46397297100
-74.46949721400 8.46426980800
-74.46941865200 8.46431221800
-74.46940784200 8.46431805400
-74.46934708900 8.46435085000
-74.46901619600 8.46452947700
-74.46817294400 8.46498469000
-74.46672902900 8.46576416000
-74.46610754400 8.46609965700
-74.46610682000 8.46610004800
-74.46609301300 8.46610750100
-74.46608134800 8.46611379800
-74.46608034500 8.46611434000
-74.46603177300 8.46614056100
-74.46632141700 8.46318297300

