-71.80439760000 20.26650053200
-71.27709966000 20.20050047200
-70.62650298000 20.00219915200
-69.97750092000 19.80150023200
-69.41480256000 19.69610015200
-68.85279846000 19.58900069200
-68.02179714000 19.68700025200
-67.53130344000 19.72130015200
-67.04049690000 19.75429919200
-66.25939950000 19.82460017200
-65.69400024000 19.82880011200
-65.12850198000 19.83289907200
-64.34359740000 19.77939983200
-63.76010130000 19.72419923200
-63.35979840000 19.69149971200
-62.84669868000 19.57430081200
-62.17649838000 19.27519985200
-61.55339814000 18.95890043200
-60.91199874000 18.88850027200
-60.72900012000 18.59460059200
-60.53379822000 18.51309965200
-60.27840036000 18.19099991200
-60.05130012000 17.82250031200
-59.81900022000 17.54840081200
-59.46480180000 17.24309921200
-59.08829886000 16.91209991200
-58.82400126000 16.39699931200
-58.80110166000 15.99110039200
-58.69189836000 15.77029997200
-58.66609950000 15.41160011200
-58.52629854000 15.28390019200
-58.28839866000 15.14999963200
-57.91320036000 14.86419959200
-57.79059984000 14.49890039200
-57.71070090000 13.87399961200
-57.56800086000 13.10159963200
-57.46810158000 12.42730037200
-57.42380142000 11.66119949200
-57.53260044000 11.14379975200
-57.76169976000 10.63449947200
-58.15710072000 10.15970033200
-58.63919832000 10.19019989200
-59.12139888000 10.22000033200
-59.98820112000 10.29510029200
-60.45729822000 10.34529977200
-60.92660142000 10.39490039200
-61.54219818000 10.42730039200
-62.15790168000 10.45849997200
-62.64089964000 10.48180007200
-63.23270040000 10.50909995200
-63.87820056000 10.53159995200
-64.20989988000 10.51939973200
-64.50769800000 10.47399995200
-64.99700172000 10.53919991200
-65.12090310000 10.59990023200
-65.52570348000 10.61530013200
-65.54085265300 10.61659535900
-65.96430210000 10.65279953200
-66.43659978000 10.66240019200
-66.86949924000 10.66660031200
-67.49890128000 10.59239963200
-67.96130364000 10.49950019200
-68.08650210000 10.81449983200
-68.37920388000 11.17360019200
-68.72969826000 11.51259995200
-69.02410122000 11.84370041200
-69.34780116000 12.17510039200
-69.59439846000 12.44960021200
-69.86340324000 12.66850001200
-70.18270110000 12.92959973200
-70.49569698000 13.16230013200
-70.65940086000 13.31009957200
-70.95249936000 13.43760005200
-71.19490050000 13.50290009200
-71.83969884000 13.46469977200
-72.42819984000 13.40970041200
-72.91609956000 13.36750031200
-73.30319982000 13.28979971200
-73.63200384000 13.05830009200
-73.87380216000 12.74310011200
-74.05770114000 12.38630015200
-74.30660244000 12.22430033200
-74.40038693200 12.11190204400
-74.47640220000 12.02079971200
-74.79640206000 11.91380015200
-75.12280272000 11.76449969200
-75.37030038000 11.59480001200
-75.63130182000 11.39000033200
-75.90499884000 11.08730027200
-76.06449882000 10.76500037200
-76.27480308000 10.57439999200
-76.38901428500 10.46486633900
-76.46753647600 10.39586196700
-76.63409876900 10.07582449400
-76.68763662900 9.92829791300
-76.72808745200 9.78315082300
-76.77567667600 9.33700186100
-76.92201351100 8.99792869400
-76.95598629400 8.93227829700
-77.00437167100 9.18149800400
-77.13140608100 9.46073383900
-77.22625058300 9.66044854700
-77.31343486700 9.80575564300
-77.40025863200 9.91686064300
-77.45382308400 9.98540499200
-77.52996576400 10.10913691500
-77.55144315500 10.14826095600
-77.67859644000 10.26959987200
-77.92169958000 10.43239979200
-78.12870030000 10.54699985200
-78.22889712000 10.61460011200
-78.42720024000 10.63879967200
-78.74549874000 10.65340037200
-78.96980286000 10.57950011200
-79.15110012000 10.47869975200
-79.23439782000 10.41450023200
-79.43209830000 10.43109983200
-79.74819954000 10.38939959200
-80.10530082000 10.30500029200
-80.36460108000 10.27120025200
-80.63569638000 10.15390019200
-80.87899788000 10.05790043200
-81.07920072000 9.93537047200
-81.30629736000 9.77762027200
-81.46920006000 9.58708001200
-81.65419776000 9.44431967200
-82.08020016000 9.43984037200
-82.31259924000 9.50912957200
-82.52459712000 9.59939957200
-82.80190278000 9.76994993200
-83.02130118000 9.87310973200
-83.20850370000 10.05259997200
-83.46479796000 10.20880037200
-83.78240202000 10.32129947200
-84.07270044000 10.44789977200
-84.42410274000 10.53740027200
-84.74620050000 10.59329981200
-85.12380216000 10.65340037200
-85.43489832000 10.62689969200
-85.71640014000 10.56739997200
-85.96900170000 10.48859975200
-86.24790198000 10.38819989200
-86.64800256000 10.23499973200
-86.97489930000 10.54730027200
-87.46209720000 11.09589959200
-87.89009850000 11.39669993200
-88.31900016000 11.69680025200
-88.91970066000 11.99919989200
-89.61900336000 12.29479985200
-90.29270178000 12.54259973200
-90.89800254000 12.58370021200
-90.81030276000 13.39410017200
-90.42600258000 13.91720015200
-90.03730014000 14.39229971200
-89.71800228000 14.81509973200
-89.37159732000 15.21500015200
-88.87640382000 15.62219993200
-88.35099786000 15.95829971200
-87.72280128000 16.25060081200
-86.96610252000 16.47590069200
-86.31950382000 16.69449989200
-85.67140194000 16.91099921200
-84.90969846000 17.10659981200
-84.24790200000 17.34399983200
-83.70580284000 17.48089973200
-82.86460110000 17.62570001200
-82.24420158000 17.69070053200
-81.62480160000 17.80159943200
-81.68930046000 18.33320045200
-81.75409704000 18.86470031200
-81.25630182000 18.95980079200
-80.75789640000 19.05360023200
-80.20950318000 19.15970033200
-79.66040040000 19.26420023200
-79.01100162000 19.38150029200
-78.36070248000 19.49649995200
-77.67259974000 19.62280091200
-76.98339846000 19.74649997200
-76.35639960000 19.84530071200
-75.72869874000 19.94190023200
-75.23880012000 19.99019999200
-74.74859622000 20.03720087200
-73.99420164000 20.16589925200
-73.23850242000 20.29129985200
-72.33219918000 20.33099939200
-71.80439760000 20.26650053200

