-105.04299924000 18.62159915200
-104.72499846000 18.36840053200
-104.40599814000 18.20899955200
-104.19100182000 18.13829987200
-103.79199978000 17.92000001200
-103.19999688000 17.61549941200
-102.43199916000 17.27989967200
-101.70300294000 17.02560035200
-100.86699672000 16.63629905200
-100.33599852000 16.44239999200
-99.80599968000 16.29800039200
-99.43470000000 16.13400077200
-99.02809908000 15.91909985200
-98.58779910000 15.77149967200
-98.16570288000 15.63990023200
-97.69139856000 15.50800037200
-97.21739952000 15.35840039200
-96.72699744000 15.36009977200
-96.21900180000 15.36089987200
-95.79859920000 15.27649967200
-95.46630102000 15.09020039200
-95.11699680000 14.88659951200
-94.87290186000 14.69979947200
-94.54219812000 14.47859963200
-94.05519858000 14.22210017200
-93.65579982000 14.01609989200
-93.30940242000 13.79319959200
-92.96189874000 13.72210031200
-92.59919730000 13.49800013200
-92.27239992000 13.22329997200
-92.06320194000 13.27120013200
-91.71859734000 13.08010007200
-91.30789944000 12.83220011200
-90.89800254000 12.58370021200
-90.29270178000 12.54259973200
-89.61900336000 12.29479985200
-88.91970066000 11.99919989200
-88.31900016000 11.69680025200
-87.89009850000 11.39669993200
-87.46209720000 11.09589959200
-86.97489930000 10.54730027200
-86.64800256000 10.23499973200
-86.44869990000 9.93830015200
-86.20359804000 9.68363957200
-85.91049954000 9.42337037200
-85.61239632000 9.20326997200
-85.38050088000 9.08907977200
-85.04380044000 8.93723015200
-84.68579862000 8.77169045200
-84.41870112000 8.63673977200
-84.15769950000 8.47377011200
-84.00720222000 8.30027963200
-83.83769982000 8.18188949200
-83.60540010000 8.04444977200
-83.35990134000 7.92758981200
-83.23310088000 7.84853975200
-83.07420354000 7.59169001200
-82.87480170000 7.36639031200
-82.87490088000 7.11804017200
-82.87500006000 6.56231015200
-82.87500006000 5.83296005200
-82.87500006000 5.05417007200
-82.87500006000 4.56302981200
-82.87500006000 4.07187983200
-82.87500006000 3.59489981200
-82.80639648000 3.11791997200
-83.37789918000 3.16484993200
-83.92250070000 3.13868999200
-84.46710204000 3.11226005200
-84.56670378000 2.53424009200
-84.57129666000 2.06617997200
-84.57589728000 1.59812003200
-85.34940336000 1.64441009200
-85.38610068000 0.83180405200
-86.26560210000 0.88046201200
-87.14499660000 0.92890901200
-88.02449802000 0.97714397200
-88.90409844000 1.02514007200
-89.78359986000 1.07290001200
-90.66320046000 1.12040993200
-90.69730380000 1.73614997200
-91.56079872000 1.81658999200
-91.53759762000 2.01116999200
-92.11830138000 1.99009001200
-92.09020230000 2.19974987200
-92.24510184000 2.22694985200
-92.92790214000 2.29988009200
-93.61070244000 2.37247985200
-94.40440362000 2.43993989200
-95.19819642000 2.50693985200
-95.22409824000 2.22175001200
-96.12020106000 2.23784993200
-96.17500314000 1.87283009200
-96.87999726000 1.88567993200
-97.58509830000 1.89823997200
-97.55120088000 2.08840997200
-97.84629828000 2.07656003200
-98.36740116000 2.14462991200
-98.88860322000 2.21252987200
-98.91750330000 2.11218005200
-99.65699766000 2.19006983200
-99.73889928000 2.26882001200
-99.81079866000 2.27260001200
-99.91290276000 2.27226989200
-100.04699700000 2.29965995200
-100.06600194000 2.20704005200
-100.39399722000 2.20650005200
-100.64399724000 2.20439999200
-101.06700138000 2.21045987200
-101.19599910000 2.19889991200
-101.20300290000 2.24142005200
-101.51200098000 2.23226003200
-101.48999778000 2.60498999200
-101.69699868000 2.63971001200
-101.87799840000 2.64212993200
-102.06800082000 2.63531999200
-102.10900122000 2.78563997200
-102.11799618000 2.89293995200
-102.14499996000 2.88899993200
-102.19300074000 3.07219007200
-102.21900174000 3.23868989200
-102.19899744000 3.45815993200
-102.25900260000 3.75070997200
-102.18399804000 3.77752997200
-102.31999974000 4.65326021200
-102.45700080000 5.52896975200
-102.55799862000 6.35534993200
-102.65899662000 7.18171985200
-102.80999754000 7.79085011200
-102.96099846000 8.39992997200
-103.59500130000 8.37047963200
-104.22899622000 8.34000977200
-104.25800322000 8.45574005200
-104.29599762000 9.17473979200
-104.29599762000 10.01710037200
-103.59799956000 10.12320047200
-103.62799836000 10.27460009200
-103.73899842000 10.93659977200
-103.80699918000 11.40450005200
-103.87499994000 11.87230007200
-103.77200322000 11.89039997200
-103.92700194000 12.58679963200
-104.18099976000 13.32839963200
-104.43699648000 14.06980037200
-104.56300350000 14.67220025200
-104.69000250000 15.27449987200
-105.31999962000 15.10760027200
-105.35700222000 15.55760009200
-105.39800262000 16.26049991200
-105.36699672000 17.03079983200
-105.39900216000 17.76790055200
-105.58599858000 17.88080033200
-105.51000222000 18.14030075200
-105.44200128000 18.35519987200
-105.35199732000 18.55109981200
-105.24700170000 18.76189997200
-105.04299924000 18.62159915200

