-80.53910064000 7.33518983200
-80.36280054000 7.22072981200
-80.24980158000 7.13272997200
-80.09580222000 7.10067989200
-79.84559628000 7.16010005200
-79.65760032000 7.18384979200
-79.46970372000 7.22831015200
-79.24019616000 7.30108973200
-78.98179626000 7.31873981200
-78.75109872000 7.32892997200
-78.64630128000 7.33730987200
-78.71479794000 7.23226979200
-78.76190178000 7.09976999200
-78.74700156000 7.03057997200
-78.69760128000 6.99653009200
-78.59899908000 6.94228979200
-78.54190056000 6.85276985200
-78.44280246000 6.75680015200
-78.39969642000 6.66010991200
-78.33560184000 6.56364017200
-78.26499936000 6.50194985200
-78.19460298000 6.46107005200
-78.15139776000 6.34345013200
-78.12930294000 6.23949005200
-78.08609772000 6.12184007200
-78.05039976000 6.05273015200
-78.00800328000 6.00452993200
-77.91010290000 5.50529003200
-78.08000184000 4.83152015200
-78.34190364000 4.06590995200
-78.66169740000 3.39203999200
-79.16459652000 2.78018993200
-79.47799686000 2.42696999200
-79.79129784000 2.07368993200
-80.29170234000 1.54937999200
-80.29386805400 1.54557210000
-80.57379906000 1.05338009200
-80.88659676000 0.43188995200
-81.22940064000 -0.28445406800
-81.41459652000 -1.09546998800
-81.59850306000 -1.81384008800
-81.53179938000 -2.43744990800
-81.65190132000 -3.00021000800
-81.59889978000 -3.24450996800
-81.92579652000 -3.72130998800
-82.00980378000 -4.50353004800
-81.99849708000 -5.25339978800
-81.95410152000 -6.00264978800
-81.78399666000 -6.65543976800
-81.54920196000 -7.30603986800
-81.37470240000 -7.98837990800
-81.04060368000 -8.66539950800
-80.70099642000 -9.43400004800
-80.36840052000 -9.92088978800
-79.99659738000 -10.56029982800
-79.61810310000 -11.29059978800
-79.14720150000 -11.89029984800
-78.66539766000 -12.64140024800
-78.40689858000 -13.01439948800
-78.14759832000 -13.38720036800
-77.63880150000 -13.91359992800
-77.12539668000 -14.46749970800
-76.76480106000 -14.84329992800
-76.40290062000 -15.21850020800
-75.91629798000 -15.73550034800
-75.29229738000 -16.33020018800
-74.60949708000 -16.82299986800
-73.94930262000 -17.37350088800
-73.39969638000 -17.74699980800
-72.73660284000 -18.25670058800
-72.26640324000 -18.72150036800
-71.74649808000 -19.29809958800
-71.48650356000 -19.81119912800
-71.36229708000 -20.24909970800
-71.32279968000 -20.75769996800
-71.24949648000 -21.26219946800
-71.30680092000 -21.96540060800
-71.34750360000 -22.75839996800
-71.38950354000 -23.52269940800
-71.46589662000 -24.26260002800
-71.52429960000 -25.09280016800
-71.62830360000 -25.83970062800
-71.75250252000 -26.65220064800
-71.84709936000 -27.24780084800
-71.95780188000 -27.75469974800
-72.16979976000 -28.27759938800
-72.43319700000 -28.90139964800
-72.55460358000 -29.53569984800
-72.59989932000 -30.19029990800
-72.61810308000 -30.96520044800
-72.67829904000 -31.53129954800
-72.76219938000 -32.31880188800
-72.88900002000 -32.74190142800
-72.86100012000 -33.35850150800
-72.93749994000 -33.83689884800
-73.24569702000 -34.29040146800
-73.67549904000 -34.88759988800
-73.89739998000 -35.57770152800
-74.26170342000 -36.16529838800
-74.44159704000 -36.72489930800
-74.59559640000 -37.56349950800
-74.65480038000 -38.13759996800
-74.83589928000 -38.54199984800
-74.98829646000 -39.06809988800
-75.14949798000 -39.56439966800
-75.12780006000 -39.81309882800
-75.19480128000 -40.35889824800
-75.18890376000 -40.86280068800
-75.39219666000 -41.36659998800
-75.39689628000 -41.82559962800
-75.40170282000 -42.28450008800
-75.55799862000 -42.97219854800
-75.63159936000 -43.64820096800
-75.78240210000 -44.05059816800
-75.82140342000 -44.84939964800
-76.00620276000 -45.65850072800
-76.67459874000 -45.64270014800
-77.66069796000 -45.76050186800
-77.76399996000 -45.58850088800
-77.99019624000 -45.09159846800
-78.20649720000 -44.41109856800
-78.89330286000 -44.54489904800
-79.58580012000 -44.66550066800
-80.28109746000 -44.78189856800
-81.10649880000 -44.87599950800
-81.93460086000 -44.96409996800
-82.13770296000 -44.40399936800
-82.35070038000 -43.63899990800
-82.50890346000 -42.86069862800
-83.44750212000 -42.98149878800
-83.45379636000 -42.87300108800
-83.60369874000 -42.22249980800
-83.71620180000 -41.67369834800
-83.82689658000 -41.12469870800
-84.48699960000 -41.19089892800
-85.14839934000 -41.25329970800
-86.24009700000 -41.39250180800
-87.33640284000 -41.52130134800
-87.41709900000 -41.27289954800
-88.44670098000 -41.31869892800
-89.24960322000 -41.37810126800
-90.05400090000 -41.43190002800
-90.08760078000 -41.05849830800
-90.73909764000 -41.08229826800
-91.39099878000 -41.10250092800
-91.47560112000 -40.73189928800
-91.51219944000 -40.28239824800
-91.54830168000 -39.83290098800
-91.60350030000 -39.34930038800
-91.65789792000 -38.86560060800
-92.33969886000 -38.91839982800
-93.02249916000 -38.96730042800
-93.07479852000 -38.42940138800
-93.99629970000 -38.48229978800
-94.09310154000 -37.71699900800
-94.12979886000 -37.00059882800
-94.90950018000 -36.98509974800
-95.68890378000 -36.96459954800
-96.55149834000 -36.92089842800
-97.41310128000 -36.87099846800
-97.40170296000 -36.29359824800
-98.41670226000 -36.19279860800
-99.53179938000 -36.13320168800
-100.64499660000 -36.06320184800
-101.28600306000 -35.99700162800
-101.92600242000 -35.92739868800
-102.56500242000 -35.85440058800
-103.20200352000 -35.77809912800
-103.99800114000 -35.69440074800
-104.79299922000 -35.60549928800
-105.39099882000 -35.52360144800
-105.98799888000 -35.43880074800
-106.66600038000 -35.39350122800
-107.34300234000 -35.34450144800
-108.07099920000 -35.24039844800
-108.79699716000 -35.13190074800
-109.25900262000 -34.54460142800
-109.27700046000 -34.20370104800
-109.26999666000 -33.91669842800
-109.20500190000 -33.70190046800
-109.32299802000 -33.39170070800
-109.41000372000 -33.14009850800
-109.18299870000 -33.02040102800
-108.97200018000 -32.93650050800
-109.20600126000 -32.66149902800
-109.43499762000 -32.40000150800
-109.79100036000 -32.11520010800
-110.20999914000 -31.91979984800
-110.68699644000 -31.71500016800
-111.20200344000 -31.56380088800
-111.66000372000 -31.55640036800
-112.02300270000 -31.53619950800
-111.97799676000 -31.38619992800
-111.95099640000 -31.04459952800
-111.88500210000 -30.66580014800
-111.85099794000 -30.62439924800
-111.79699704000 -30.42480084800
-111.77500158000 -30.18729966800
-111.77300268000 -30.02470008800
-111.74900058000 -29.57880012800
-111.80599974000 -29.26560012800
-112.36699674000 -29.16020004800
-112.95600120000 -29.00880042800
-113.01999660000 -28.78720098800
-113.02100370000 -28.54949946800
-113.01000210000 -28.38290028800
-112.93399818000 -28.37940018800
-112.95500184000 -28.12899966800
-112.97100060000 -27.84950070800
-113.00099940000 -27.60740088800
-113.13300330000 -27.57699960800
-113.12899776000 -27.27269934800
-113.11199946000 -27.01429944800
-112.97599794000 -26.83020012800
-112.94699868000 -26.72410002800
-112.68399816000 -26.80089954800
-112.65799716000 -26.55380058800
-112.68299862000 -26.28230100800
-112.67199702000 -26.03790096800
-112.62000276000 -25.93420026800
-112.55000310000 -25.92589956800
-112.54100040000 -25.78739928800
-112.45500180000 -25.78599924800
-112.43699640000 -25.68269922800
-112.36399848000 -25.66370004800
-112.36599738000 -25.56419946800
-112.38800040000 -25.42919928800
-112.44300084000 -25.19849976800
-112.45300290000 -25.05940062800
-111.97799676000 -25.02659994800
-111.97699740000 -24.89069940800
-112.04799660000 -24.65909952800
-112.10299686000 -24.44849970800
-112.12300116000 -24.22240062800
-112.09799952000 -24.11039922800
-111.71299752000 -24.03199950800
-111.76300044000 -23.85980034800
-111.83200074000 -23.72750088800
-111.86399844000 -23.47500030800
-111.87100224000 -23.32670028800
-111.74099724000 -23.20870020800
-111.92400360000 -23.01580050800
-112.20800022000 -22.82089992800
-112.57499700000 -22.61949918800
-112.93399818000 -22.40699964800
-113.27999886000 -22.22310066800
-113.61000060000 -22.12639998800
-113.90599818000 -22.10219952800
-114.12500004000 -22.10569962800
-114.42099762000 -22.11450000800
-114.37899786000 -21.62700078800
-114.31800072000 -21.56360046800
-114.22899630000 -21.12129978800
-114.08699790000 -20.59930032800
-113.93099982000 -20.57449920800
-113.79599766000 -20.32099908800
-113.69699856000 -19.96750068800
-113.49800118000 -19.30059996800
-113.62300110000 -19.28520006800
-113.36399838000 -18.77659980800
-113.51999664000 -18.75790032800
-113.38300332000 -18.44420046800
-113.26399992000 -18.00810042800
-113.38800048000 -17.99379924800
-113.17400352000 -17.53840068800
-113.32900242000 -17.52109908800
-113.11699680000 -17.06500050800
-113.24099736000 -17.05150032800
-113.04100044000 -16.68339924800
-113.16500100000 -16.67029956800
-112.97299950000 -16.36090080800
-113.06600190000 -16.35129924800
-112.97299950000 -15.79170030800
-112.86900324000 -15.24779988800
-112.76599878000 -14.70380028800
-112.61299896000 -14.71800048800
-112.58100126000 -14.06190012800
-112.43900304000 -13.86460014800
-112.42600254000 -13.38630000800
-111.84600060000 -13.46450046800
-111.26599884000 -13.54129980800
-111.19100184000 -13.39640052800
-111.00700386000 -13.41079998800
-110.89199826000 -12.75529956800
-111.07700352000 -12.74170020800
-110.92600242000 -11.96840004800
-110.67500304000 -11.47239978800
-110.48500062000 -11.39420040800
-110.44699866000 -10.82240016800
-110.29199976000 -10.80169962800
-110.21800230000 -10.08040038800
-110.07099918000 -9.66504948800
-109.85700222000 -9.67656048800
-109.75599666000 -8.92453956800
-109.03800204000 -9.03536988800
-108.31999968000 -9.14480970800
-108.19200132000 -8.35694988800
-108.06300360000 -8.24013996800
-107.87999724000 -7.51408998800
-107.65299996000 -7.18593972800
-107.60700222000 -6.75924018800
-107.44100190000 -6.36670014800
-106.94999700000 -6.44278002800
-106.84500120000 -6.01620000800
-106.75199898000 -6.01875024800
-106.74099738000 -5.61990030800
-106.58699802000 -5.62382988800
-106.44999696000 -5.04324006800
-106.25299830000 -4.49390976800
-105.54399864000 -4.56934974800
-105.37999722000 -4.07847030800
-104.69899746000 -4.15157982800
-104.53900140000 -3.84439992800
-103.63700106000 -3.95089008800
-102.73500054000 -4.05638988800
-102.57099912000 -3.43472010800
-102.56600196000 -2.93571996800
-102.75399774000 -2.93391996800
-102.68699652000 -2.43571002800
-102.62100222000 -1.90611006800
-102.40200036000 -1.90745988800
-102.30699924000 -1.59588996800
-102.46199796000 -1.53268998800
-102.39900210000 -1.28335992800
-102.52400202000 -1.28284008800
-102.39700320000 -0.50323092800
-102.31900020000 -0.01547700800
-102.29399874000 0.15706793200
-102.25299834000 0.37169993200
-102.23999784000 0.71282099200
-102.20999994000 0.70600007200
-102.18099978000 1.13426003200
-102.08200068000 1.20646001200
-101.95899966000 1.26875999200
-101.82499686000 1.33438997200
-101.64399714000 1.40376989200
-101.58000192000 1.31772989200
-101.48699952000 1.38887003200
-101.42299656000 1.33816007200
-101.34799956000 1.39907009200
-101.31500250000 1.35012989200
-101.19499974000 1.42309001200
-101.15299980000 1.38575999200
-101.04699708000 1.47077003200
-101.07399744000 1.51368005200
-100.96399692000 1.65512999200
-100.90799712000 1.74347993200
-100.97399898000 1.83188999200
-101.04900354000 1.90637003200
-101.14900200000 1.98018011200
-101.26999656000 2.04850001200
-101.35600272000 2.10436013200
-101.43800352000 2.16015005200
-101.51200098000 2.23226003200
-101.20300290000 2.24142005200
-101.19599910000 2.19889991200
-101.06700138000 2.21045987200
-100.64399724000 2.20439999200
-100.39399722000 2.20650005200
-100.06600194000 2.20704005200
-100.04699700000 2.29965995200
-99.91290276000 2.27226989200
-99.81079866000 2.27260001200
-99.73889928000 2.26882001200
-99.65699766000 2.19006983200
-98.91750330000 2.11218005200
-98.88860322000 2.21252987200
-98.36740116000 2.14462991200
-97.84629828000 2.07656003200
-97.55120088000 2.08840997200
-97.58509830000 1.89823997200
-96.87999726000 1.88567993200
-96.17500314000 1.87283009200
-96.12020106000 2.23784993200
-95.22409824000 2.22175001200
-95.19819642000 2.50693985200
-94.40440362000 2.43993989200
-93.61070244000 2.37247985200
-92.92790214000 2.29988009200
-92.24510184000 2.22694985200
-92.09020230000 2.19974987200
-92.11830138000 1.99009001200
-91.53759762000 2.01116999200
-91.56079872000 1.81658999200
-90.69730380000 1.73614997200
-90.66320046000 1.12040993200
-89.78359986000 1.07290001200
-88.90409844000 1.02514007200
-88.02449802000 0.97714397200
-87.14499660000 0.92890901200
-86.26560210000 0.88046201200
-85.38610068000 0.83180405200
-85.34940336000 1.64441009200
-84.57589728000 1.59812003200
-84.57129666000 2.06617997200
-84.56670378000 2.53424009200
-84.46710204000 3.11226005200
-83.92250070000 3.13868999200
-83.37789918000 3.16484993200
-82.80639648000 3.11791997200
-82.87500006000 3.59489981200
-82.87500006000 4.07187983200
-82.87500006000 4.56302981200
-82.87500006000 5.05417007200
-82.87500006000 5.83296005200
-82.87500006000 6.56231015200
-82.87490088000 7.11804017200
-82.87480170000 7.36639031200
-82.81099692000 7.30259993200
-82.74819942000 7.28342003200
-82.68569946000 7.27796981200
-82.61710362000 7.30701011200
-82.49199678000 7.29605009200
-82.33850106000 7.25126987200
-82.27339938000 7.12880993200
-82.20210264000 7.04084015200
-82.12519836000 7.00800995200
-82.08959958000 6.96742013200
-81.94360356000 6.94970993200
-81.88860330000 6.97836017200
-81.74099736000 7.06054025200
-81.58429710000 7.03949015200
-81.48739626000 7.05516005200
-81.34230042000 7.09932989200
-81.16280370000 7.17174011200
-81.03849786000 7.22241011200
-80.89369956000 7.29416999200
-80.78350068000 7.35837977200
-80.68699638000 7.41545003200
-80.53910064000 7.33518983200

