-78.42720024000 10.63879967200
-78.22889712000 10.61460011200
-78.12870030000 10.54699985200
-77.92169958000 10.43239979200
-77.67859644000 10.26959987200
-77.55144315500 10.14826095600
-77.52996576400 10.10913691500
-77.45382308400 9.98540499200
-77.40025863200 9.91686064300
-77.31343486700 9.80575564300
-77.22625058300 9.66044854700
-77.13140608100 9.46073383900
-77.00437167100 9.18149800400
-76.95598629400 8.93227829700
-76.91488782000 8.72059141900
-76.87741130900 8.55295839100
-76.83172565800 8.44445496900
-76.80031677300 8.36640864800
-76.77652216300 8.30930158400
-76.75200683300 8.26644508900
-76.71866047400 8.21585667100
-76.69954668000 8.16079781100
-76.69050005500 8.13530613400
-76.65954090000 8.08593229100
-76.62625392200 8.03807447400
-76.61254546800 7.99095769100
-76.61072091400 7.94078272500
-76.59870217800 7.88417844700
-76.58010850900 7.84240717700
-76.55184746500 7.76442156200
-76.55146649900 7.76337029800
-76.55060361100 7.76098918000
-76.54959413000 7.75820354300
-76.54921385800 7.75715419400
-76.54921108500 7.75714654300
-76.54908115800 7.75678801200
-76.54885085500 7.75615249800
-76.54882498100 7.75608109900
-76.54882012100 7.75606768600
-76.54879384400 7.75599517600
-76.54878708600 7.75597652700
-76.54878326200 7.75596597500
-76.54878252400 7.75596393900
-76.54598802300 7.74276681500
-76.54598712700 7.74275592600
-76.54598610600 7.74274352000
-76.54598264600 7.74270147100
-76.54598090200 7.74268027400
-76.54597316200 7.74258621800
-76.54597138600 7.74256463200
-76.54597005400 7.74254845200
-76.54593113000 7.74207541500
-76.54584576100 7.74103797000
-76.54578276900 7.74027244700
-76.54574869700 7.73985838700
-76.54574698800 7.73983761200
-76.54574559300 7.73982066500
-76.54574547500 7.73981922900
-76.54573607500 7.73970499700
-76.54566187200 7.73880323100
-76.54562609100 7.73836840700
-76.54558203700 7.73783302900
-76.54555544600 7.73750988800
-76.54522204200 7.73345815200
-76.54512651800 7.73229728900
-76.54479813900 7.72830663400
-76.54480580500 7.72824237300
-76.54656835800 7.71346648100
-76.54651844000 7.70568639000
-76.54538543500 7.70156900700
-76.54386845600 7.69605625000
-76.54194583000 7.69253142200
-76.53822838100 7.68571607000
-76.53218834900 7.67017582600
-76.52582822200 7.66242566800
-76.50980778200 7.65399539900
-76.49822751400 7.64330515200
-76.49297742800 7.63517500100
-76.48906735800 7.62967489600
-76.49365754000 7.62685491200
-76.49757774100 7.62027487700
-76.50103792600 7.61369483800
-76.50362810200 7.60537476900
-76.50357819000 7.59706467200
-76.50353328400 7.58870126200
-76.50349834700 7.58219449900
-76.50475849300 7.57256440100
-76.49806849300 7.55204409100
-76.49409841300 7.54725399300
-76.48924830400 7.54247388600
-76.48528821000 7.53899380400
-76.47737800500 7.53379365900
-76.47218789400 7.52811353800
-76.46850784500 7.52137342000
-76.46556779100 7.51731334200
-76.46324774900 7.51412328000
-76.46253146200 7.51349233800
-76.45854763800 7.50998318200
-76.45173746800 7.50482304900
-76.44544732700 7.49861291000
-76.44178726500 7.49312280700
-76.44079725300 7.49123277500
-76.43822722100 7.48628269000
-76.43563719700 7.48054259600
-76.43347717000 7.47639252500
-76.43135715500 7.47126244200
-76.43007715100 7.46773238800
-76.42698713200 7.46004226600
-76.42481711400 7.45503218400
-76.42259709100 7.45036210700
-76.41967704800 7.44537201700
-76.41645700400 7.43958191600
-76.41365696400 7.43470182900
-76.40978690500 7.42824171300
-76.40657688700 7.42003158400
-76.40348684000 7.41493149200
-76.40256682900 7.41314146100
-76.40084680800 7.40981140400
-76.39833678100 7.40458131700
-76.38832672200 7.37932091700
-76.38731672500 7.37593086700
-76.38514094500 7.36205760100
-76.38457682300 7.35846063500
-76.37902546800 7.34345370000
-76.37537678700 7.33359024800
-76.36720673400 7.31335992600
-76.35978665500 7.29796966900
-76.34506646500 7.27037919200
-76.33655632600 7.25709894700
-76.29795564800 7.20144788900
-76.29358557200 7.19514776900
-76.28846552500 7.18376758300
-76.28614855100 7.17681656200
-76.28307729900 7.16760267300
-76.28060551900 7.16018722500
-76.27690551900 7.14881705400
-76.27335542900 7.14625698700
-76.26683524300 7.14351688500
-76.26228519300 7.13416672800
-76.25601509700 7.12386654200
-76.24926497000 7.11490636600
-76.24012477600 7.10481615100
-76.23377465200 7.09684599100
-76.22711456900 7.08409577200
-76.22146452900 7.07042555300
-76.21701451000 7.05857536800
-76.21237451400 7.04389514800
-76.20705459400 7.02018481700
-76.20480465600 7.00750464600
-76.20415062100 7.00513845000
-76.19996468500 6.98999439100
-76.19468463700 6.97815419700
-76.18968460200 6.96612400400
-76.18561458000 6.95564383900
-76.18265454800 6.94953373700
-76.17960451100 6.94361363600
-76.17544445700 6.93578350000
-76.17308582900 6.93329113500
-76.17159585400 6.93171667800
-76.17156437300 6.93168341100
-76.17156437400 6.93160341000
-76.17144856200 6.93025541500
-76.17109441700 6.92613334200
-76.17015444900 6.92029326400
-76.16820445000 6.91427317400
-76.16653445900 6.90825308600
-76.16562149900 6.89992047000
-76.16558452100 6.89958297500
-76.16400453600 6.89338288600
-76.24331522430 6.98655651989
-76.30756067150 7.04723277554
-76.41106722520 7.08649388213
-76.56811165160 7.14360094627
-76.68589497140 7.20784639343
-76.84293939780 7.27209184059
-77.03567573930 7.32919890473
-77.21413531470 7.38273677736
-77.47111710330 7.43627464999
-77.71382212590 7.48981252262
-77.97080391460 7.52550443771
-78.22850040000 7.50952001200
-78.64630128000 7.33730987200
-78.75109872000 7.32892997200
-78.98179626000 7.31873981200
-79.24019616000 7.30108973200
-79.46970372000 7.22831015200
-79.65760032000 7.18384979200
-79.84559628000 7.16010005200
-80.09580222000 7.10067989200
-80.24980158000 7.13272997200
-80.36280054000 7.22072981200
-80.53910064000 7.33518983200
-80.68699638000 7.41545003200
-80.78350068000 7.35837977200
-80.89369956000 7.29416999200
-81.03849786000 7.22241011200
-81.16280370000 7.17174011200
-81.34230042000 7.09932989200
-81.48739626000 7.05516005200
-81.58429710000 7.03949015200
-81.74099736000 7.06054025200
-81.88860330000 6.97836017200
-81.94360356000 6.94970993200
-82.08959958000 6.96742013200
-82.12519836000 7.00800995200
-82.20210264000 7.04084015200
-82.27339938000 7.12880993200
-82.33850106000 7.25126987200
-82.49199678000 7.29605009200
-82.61710362000 7.30701011200
-82.68569946000 7.27796981200
-82.74819942000 7.28342003200
-82.81099692000 7.30259993200
-82.87480170000 7.36639031200
-83.07420354000 7.59169001200
-83.23310088000 7.84853975200
-83.35990134000 7.92758981200
-83.60540010000 8.04444977200
-83.83769982000 8.18188949200
-84.00720222000 8.30027963200
-84.15769950000 8.47377011200
-84.41870112000 8.63673977200
-84.68579862000 8.77169045200
-85.04380044000 8.93723015200
-85.38050088000 9.08907977200
-85.61239632000 9.20326997200
-85.91049954000 9.42337037200
-86.20359804000 9.68363957200
-86.44869990000 9.93830015200
-86.64800256000 10.23499973200
-86.24790198000 10.38819989200
-85.96900170000 10.48859975200
-85.71640014000 10.56739997200
-85.43489832000 10.62689969200
-85.12380216000 10.65340037200
-84.74620050000 10.59329981200
-84.42410274000 10.53740027200
-84.07270044000 10.44789977200
-83.78240202000 10.32129947200
-83.46479796000 10.20880037200
-83.20850370000 10.05259997200
-83.02130118000 9.87310973200
-82.80190278000 9.76994993200
-82.52459712000 9.59939957200
-82.31259924000 9.50912957200
-82.08020016000 9.43984037200
-81.65419776000 9.44431967200
-81.46920006000 9.58708001200
-81.30629736000 9.77762027200
-81.07920072000 9.93537047200
-80.87899788000 10.05790043200
-80.63569638000 10.15390019200
-80.36460108000 10.27120025200
-80.10530082000 10.30500029200
-79.74819954000 10.38939959200
-79.43209830000 10.43109983200
-79.23439782000 10.41450023200
-79.15110012000 10.47869975200
-78.96980286000 10.57950011200
-78.74549874000 10.65340037200
-78.42720024000 10.63879967200

