  -81.598899780    -3.244509968 
  -82.001558112    -5.050551586 
  -81.638427787    -7.059217111 
  -80.995942776    -8.767035195 
  -80.125694082   -10.356948646 
  -79.146085976   -11.896977112 
  -78.126789361   -13.417900523 
  -76.852441594   -14.753272705 
  -75.550620290   -16.085758928 
  -74.119033688   -17.232935289 
  -72.733921393   -18.257496648 
  -71.743338196   -19.297461312 
  -71.299099630   -20.950472349 
  -71.366016813   -23.141792124 
  -71.515906373   -24.944808748 
  -71.767746477   -26.766023493 
  -72.254940671   -28.497303400 
  -72.592272995   -30.270328086 
  -72.728491625   -32.244490570 
  -73.032743099   -34.016641640 
  -73.921955174   -35.670308541 
  -74.545027898   -37.365539240 
  -74.981505917   -39.131761070 
  -75.176947274   -40.910805150 
  -75.470676810   -42.691504678 
  -75.821738852   -44.260309121 
  -76.006202760   -45.658500728
  -73.006202760   -45.658500728
  -72.821738852   -44.260309121
  -72.470676810   -42.691504678
  -72.176947274   -40.910805150
  -71.981505917   -39.131761070
  -71.545027898   -37.365539240
  -70.921955174   -35.670308541
  -70.032743099   -34.016641640
  -69.728491625   -32.244490570
  -69.592272995   -30.270328086
  -69.254940671   -28.497303400
  -68.767746477   -26.766023493
  -68.515906373   -24.944808748
  -68.366016813   -23.141792124
  -68.299099630   -20.950472349
  -68.743338196   -19.297461312
  -69.733921393   -18.257496648
  -71.119033688   -17.232935289
  -72.550620290   -16.085758928
  -73.852441594   -14.753272705
  -75.126789361   -13.417900523
  -76.146085976   -11.896977112
  -77.125694082   -10.356948646
  -77.995942776    -8.767035195
  -78.638427787    -7.059217111
  -79.001558112    -5.050551586
  -78.598899780    -3.244509968
