  -75.143796605     6.307870994
  -74.943652538     5.906985779
  -74.902641509     5.456979661
  -75.034901404     5.019413444
  -75.164849050     4.588419709
  -75.307784976     4.170324249
  -75.487967023     3.761833387
  -75.679880113     3.369723671
  -75.966975436     3.021517386
  -76.259768266     2.673716575
  -76.559574857     2.335433781
  -76.872222945     1.979078134
  -77.219377027     1.624357442
  -77.467953764     1.239123180
  -77.683702370     0.838290327
  -77.864883682     0.474925883
  -78.062582025     0.063831803
  -78.278420297    -0.499173547
  -78.372837784    -0.903347172
  -78.480361260    -1.343691856
  -78.601808271    -1.782945238
  -78.551920772    -2.249863182
  -78.599863213    -2.756498517
  -78.598899780    -3.244509968
  -81.598899780    -3.244509968 
  -81.599863213    -2.756498517 
  -81.551920772    -2.249863182 
  -81.601808271    -1.782945238 
  -81.480361260    -1.343691856 
  -81.372837784    -0.903347172 
  -81.278420297    -0.499173547 
  -81.062582025     0.063831803 
  -80.864883682     0.474925883 
  -80.683702370     0.838290327 
  -80.467953764     1.239123180 
  -80.219377027     1.624357442 
  -79.872222945     1.979078134 
  -79.559574857     2.335433781 
  -79.259768266     2.673716575 
  -78.966975436     3.021517386 
  -78.679880113     3.369723671 
  -78.487967023     3.761833387 
  -78.307784976     4.170324249 
  -78.164849050     4.588419709 
  -78.034901404     5.019413444 
  -77.902641509     5.456979661 
  -77.943652538     5.906985779 
  -78.143796605     6.307870994 
  -78.405653174     6.673454748 
  -78.604037108     6.944880089 
  -78.646301280     7.337309872 
  -78.206350347     7.510900542 
  -77.654319982     7.476025652 
  -77.181262495     7.370505089 
  -76.725100904     7.221617453 
  -76.164004536     6.893382886
