  -65.540852653    10.616595359 
  -66.145185436    10.438378519 
  -66.586440590    10.325800706 
  -66.942014787    10.235896844 
  -67.298660241    10.191729958 
  -67.755020568    10.137339349 
  -68.196938559    10.059633966 
  -68.628111737     9.912350883 
  -68.949481081     9.766804050 
  -69.268053374     9.569420631 
  -69.502343870     9.237322737 
  -69.865109095     8.968013420 
  -70.227664394     8.692522021 
  -70.608900142     8.455912585 
  -70.909097530     8.119922049 
  -71.265410015     7.831810266 
  -71.631327876     7.561844009 
  -72.047150069     7.360989806 
  -72.178757925     6.867497419 
  -71.787800256     6.651373265 
  -71.791563446     6.193312885 
  -71.963675408     5.774215370 
  -72.393714663     5.480411819 
  -72.586298035     5.135654970 
  -72.843297423     4.769494474 
  -73.138755428     4.442337160 
  -73.530854915     4.232465558 
  -73.814208255     3.909568012 
  -74.001625860     3.567665385 
  -74.362879537     3.304791449 
  -74.731416835     3.067933464 
  -75.041220686     2.743094465 
  -75.386781075     2.458223886 
  -75.686576811     2.122960235 
  -76.125805214     1.816617839 
  -76.418323614     1.468305310 
  -76.795358688     1.237295998 
  -77.174782505     1.007527013 
  -77.457201392     0.665083563 
  -77.697878729     0.288591076 
  -77.738845664    -0.148122777 
  -77.920090319    -0.553011994 
  -78.066659783    -0.973092323 
  -78.258120729    -1.367431512 
  -78.453750155    -1.765970474 
  -78.584840439    -2.114146021 
