132.8240 30.7544
132.6300 30.4926
132.4020 30.2149
132.0730 29.8177
131.7600 29.3921
131.6280 28.9874
131.5240 28.8591
131.4670 28.7508
131.3090 28.4508
131.0970 28.3182
130.6490 28.1358
130.5230 27.7094
130.2110 27.2135
129.7850 26.6709
129.3600 26.1908
128.9780 25.8591
128.4620 25.4576
127.9070 24.9690
127.3980 24.5029
126.9010 24.1011
126.4260 23.7606
125.9540 23.4977
125.5500 23.3799
125.0420 23.4009
124.5340 23.4203
124.0260 23.4381
123.5180 23.4541
123.0100 23.4686
122.5010 23.6429
122.1400 23.9492
121.7790 24.2554
121.5750 24.6914
121.3350 24.9630
120.9810 24.6536
120.5460 23.9788
120.3600 23.1983
120.3940 22.5813
120.4250 22.0434
120.4520 21.6321
120.3440 21.2021
120.2900 20.6307
120.5020 20.2550
120.4410 19.9370
120.1150 19.4868
119.7950 18.8781
119.2790 18.2014
119.1610 17.6290
119.2480 16.8402
119.2550 16.5557
119.7280 16.4070
120.2010 16.2573
120.6730 16.1065
121.1450 15.9547
121.6160 15.8018
122.0860 15.6479
122.5550 15.4930
123.0240 15.3372
123.4920 15.1804
123.9590 15.0226
124.4250 14.8639
124.8910 14.7042
125.1500 14.1321
125.4940 13.3056
125.6860 12.8181
126.1370 12.2653
126.2400 11.6304
126.2140 11.0599
126.5730 10.2964
126.8240  9.4492
127.0530  8.7503
127.2190  8.1365
127.2340  7.2916
127.2500  6.4468
127.4590  5.8965
127.4980  5.4740
127.8360  5.2240
128.1510  4.7632
128.3870  4.3347
128.6840  3.7005
128.9980  3.1140
129.2170  2.6706
129.2460  1.9281
129.1970  1.0593
129.9890  0.6842
130.5460  0.4749
131.1020  0.2656
131.7380  0.1497
132.3730  0.0339
132.5150  0.0171
132.6510  0.8116
132.7200  1.1645
132.7340  1.7285
132.7660  2.2569
132.8170  2.5387
132.8500  2.9083
132.7950  3.3122
132.7400  3.6983
132.7900  4.1199
132.9110  4.4538
133.0320  4.7875
133.1890  5.0162
133.2400  5.3491
133.3080  5.7343
133.4290  5.9622
133.6740  6.1559
133.9890  6.3326
134.2690  6.6102
134.5210  6.9902
135.4150  6.8951
136.1830  6.9889
136.7590  7.3677
137.1440  7.6196
137.5290  7.8712
137.9820  8.5336
138.3090  9.1962
138.3590  9.3787
138.5740  9.9526
138.7100 10.6492
138.8130 11.1214
139.4830 10.9006
140.1000 10.9459
140.7720 10.8578
141.6080 11.0581
142.1220 11.2852
142.9610 11.4031
143.0970 11.5689
143.0820 11.7921
143.1060 12.0301
143.1430 12.2650
143.2390 12.4781
143.4030 12.6947
143.5100 12.8222
143.6620 13.0577
143.7710 13.2676
143.8710 13.5409
143.9030 13.6235
143.9420 13.8108
143.9760 14.0870
144.0820 14.6394
144.2160 14.6557
144.3340 14.8845
144.5300 14.9167
144.4530 15.5256
144.7990 15.6531
144.7920 16.1227
144.8410 16.4780
144.7980 16.9793
144.6710 17.4201
144.9700 17.5346
144.7730 17.8295
144.7060 18.0198
144.6630 18.1656
144.6260 18.3591
144.6010 18.7556
144.5430 19.0727
144.5270 19.1234
144.2520 19.7253
144.1370 19.7533
144.0830 19.8577
143.9700 20.1109
143.8420 20.4178
143.5750 20.3968
143.4930 20.5325
143.3920 20.7283
143.2810 20.9619
143.3210 21.0606
143.2800 21.3203
143.2180 21.6590
143.1500 21.9278
142.9970 22.1385
142.7740 22.3766
142.5600 22.6620
142.2570 23.0091
141.57   23.8
141.1    24.77
140.75   26.06
140.5    27.3
140.48   27.5
140.26   29.7
140.02   30.68
139.65   32.125
139.45   32.5
139.15   34.2
139.13   34.19
138.83   33.83
138.4    33.5
138.04   33.28
137.9    33.25
137.6    33.21
137.25   33.195
137.2170 33.1992
137.2070 33.1969
137.1990 33.1954
137.1930 33.1935
137.1870 33.1887
137.1810 33.1829
137.1750 33.1765
137.1690 33.1685
137.1620 33.1625
137.1560 33.1549
137.1510 33.1480
137.1460 33.1378
137.1390 33.1300
137.1300 33.1159
137.1250 33.1059
137.1180 33.0981
137.1130 33.0906
137.1040 33.0811
137.0950 33.0744
137.0850 33.0672
137.0740 33.0627
137.0600 33.0572
137.0500 33.0546
137.0410 33.0535
137.0310 33.0520
137.0200 33.0515
137.0100 33.0488
137.0040 33.0474
137.0000 33.0466
136.9840 33.0417
136.9710 33.0370
136.9600 33.0309
136.9490 33.0257
136.9390 33.0221
136.9250 33.0173
136.9100 33.0138
136.8990 33.0100
136.8880 33.0077
136.8750 33.0047
136.8640 33.0013
136.8580 33.0006
136.8450 32.9935
136.8320 32.9863
136.8200 32.9788
136.8080 32.9724
136.7960 32.9652
136.7880 32.9600
136.7790 32.9542
136.7690 32.9483
136.7570 32.9413
136.7440 32.9342
136.7320 32.9277
136.7190 32.9212
136.7050 32.9149
136.6900 32.9080
136.6760 32.9018
136.6580 32.8937
136.6410 32.8874
136.6210 32.8789
136.6010 32.8706
136.5850 32.8645
136.5700 32.8590
136.5550 32.8514
136.5260 32.8423
136.5030 32.8335
136.4830 32.8251
136.4620 32.8178
136.4390 32.8104
136.4140 32.8042
136.3980 32.8031
136.3820 32.8057
136.3660 32.8078
136.3450 32.8081
136.3290 32.8071
136.3110 32.8058
136.2870 32.8008
136.2630 32.7953
136.2460 32.7921
136.2350 32.7898
136.2270 32.7866
136.2170 32.7814
136.2110 32.7734
136.2020 32.7628
136.1930 32.7557
136.1810 32.7484
136.1640 32.7434
136.1490 32.7415
136.1380 32.7418
136.1230 32.7419
136.1050 32.7417
136.0920 32.7397
136.0750 32.7356
136.0640 32.7324
136.0530 32.7300
136.0430 32.7252
136.0340 32.7214
136.0230 32.7165
136.0130 32.7138
136.0050 32.7114
135.9950 32.7084
135.9810 32.7050
135.9660 32.7009
135.9530 32.6972
135.9400 32.6925
135.9270 32.6892
135.9110 32.6860
135.9010 32.6841
135.8900 32.6836
135.8790 32.6861
135.8660 32.6880
135.8520 32.6907
135.8400 32.6935
135.8270 32.6940
135.8160 32.6937
135.8020 32.6917
135.7890 32.6891
135.7730 32.6833
135.7610 32.6798
135.7510 32.6752
135.7390 32.6705
135.7260 32.6659
135.7140 32.6602
135.7020 32.6567
135.6860 32.6535
135.6690 32.6523
135.6470 32.6502
135.6250 32.6488
135.5990 32.6470
135.5780 32.6462
135.5570 32.6450
135.5390 32.6455
135.5090 32.6466
135.4840 32.6466
135.4640 32.6475
135.4470 32.6486
135.4310 32.6471
135.4170 32.6443
135.4100 32.6423
135.4060 32.6394
135.3980 32.6347
135.3890 32.6300
135.3810 32.6256
135.3690 32.6225
135.3570 32.6215
135.3450 32.6244
135.3370 32.6282
135.3240 32.6327
135.3140 32.6369
135.3010 32.6396
135.2930 32.6402
135.2820 32.6383
135.2750 32.6358
135.2670 32.6323
135.2570 32.6276
135.2490 32.6246
135.2360 32.6221
135.2220 32.6217
135.2110 32.6226
135.1990 32.6240
135.1860 32.6271
135.1820 32.6279
135.1710 32.6290
135.1590 32.6289
135.1500 32.6254
135.1440 32.6190
135.1390 32.6138
135.1330 32.6064
135.1270 32.5969
135.1200 32.5908
135.1140 32.5827
135.1090 32.5796
135.1060 32.5774
135.0970 32.5739
135.0900 32.5709
135.0790 32.5681
135.0690 32.5631
135.0540 32.5594
135.0420 32.5569
135.0330 32.5552
135.0220 32.5532
135.0110 32.5506
135.0030 32.5473
134.9990 32.5434
134.9900 32.5403
134.9830 32.5343
134.9780 32.5276
134.9740 32.5213
134.9720 32.5152
134.9700 32.5085
134.9690 32.4990
134.9700 32.4921
134.9720 32.4869
134.9750 32.4805
134.9800 32.4721
134.9830 32.4634
134.9850 32.4565
134.9850 32.4470
134.9800 32.4380
134.9760 32.4306
134.9720 32.4236
134.9670 32.4165
134.9600 32.4094
134.9550 32.4029
134.9480 32.3947
134.9390 32.3871
134.9330 32.3814
134.9240 32.3754
134.9140 32.3692
134.9050 32.3634
134.8910 32.3556
134.8780 32.3444
134.8660 32.3366
134.8530 32.3274
134.8410 32.3181
134.8280 32.3075
134.8180 32.2986
134.8050 32.2909
134.7850 32.2831
134.7690 32.2788
134.7560 32.2762
134.7430 32.2730
134.7260 32.2696
134.7030 32.2664
134.6900 32.2640
134.6810 32.2596
134.6770 32.2561
134.6690 32.2505
134.6600 32.2433
134.6500 32.2378
134.6400 32.2319
134.6330 32.2239
134.6280 32.2171
134.6220 32.2113
134.6170 32.2061
134.6110 32.2017
134.6030 32.2005
134.5920 32.1989
134.5790 32.1970
134.5720 32.1956
134.5600 32.1912
134.5460 32.1879
134.5390 32.1856
134.5280 32.1810
134.5150 32.1782
134.5020 32.1713
134.4930 32.1664
134.4820 32.1630
134.4670 32.1608
134.4520 32.1585
134.4390 32.1564
134.4280 32.1523
134.4170 32.1473
134.4050 32.1411
134.3900 32.1307
134.3820 32.1210
134.3720 32.1141
134.3620 32.1060
134.3520 32.1001
134.3450 32.0962
134.3370 32.0933
134.3280 32.0933
134.3200 32.0928
134.3090 32.0889
134.2990 32.0828
134.2870 32.0743
134.2770 32.0662
134.2690 32.0573
134.2640 32.0514
134.2590 32.0415
134.2560 32.0341
134.2530 32.0281
134.2460 32.0194
134.2400 32.0124
134.2340 32.0078
134.2310 32.0025
134.2260 31.9946
134.2200 31.9896
134.2130 31.9843
134.2060 31.9780
134.1980 31.9709
134.1890 31.9652
134.1770 31.9597
134.1670 31.9549
134.1590 31.9512
134.1480 31.9457
134.1380 31.9407
134.1270 31.9359
134.1180 31.9326
134.1050 31.9281
134.0960 31.9234
134.0820 31.9176
134.0720 31.9123
134.0600 31.9068
134.0460 31.8988
134.0360 31.8943
134.0260 31.8877
134.0170 31.8837
134.0050 31.8794
133.9900 31.8688
133.9810 31.8644
133.9640 31.8588
133.9470 31.8524
133.9320 31.8466
133.9160 31.8397
133.9020 31.8334
133.8900 31.8264
133.8780 31.8195
133.8630 31.8096
133.8460 31.7990
133.8300 31.7894
133.8190 31.7831
133.8030 31.7758
133.7870 31.7681
133.7700 31.7598
133.7520 31.7510
133.7330 31.7401
133.7130 31.7304
133.6970 31.7214
133.6810 31.7125
133.6690 31.7041
133.6560 31.6981
133.6440 31.6913
133.6320 31.6889
133.6180 31.6870
133.6100 31.6817
133.6010 31.6757
133.5880 31.6650
133.5780 31.6568
133.5740 31.6505
133.5680 31.6413
133.5610 31.6360
133.5520 31.6323
133.5420 31.6312
133.5290 31.6318
133.5190 31.6310
133.5130 31.6288
133.5060 31.6250
133.4980 31.6185
133.4930 31.6107
133.4930 31.6051
133.4840 31.5996
133.4730 31.5931
133.4600 31.5864
133.4460 31.5812
133.4340 31.5757
133.4240 31.5699
133.4140 31.5630
133.4020 31.5575
133.3870 31.5535
133.3750 31.5496
133.3620 31.5434
133.3520 31.5369
133.3400 31.5287
133.3300 31.5226
133.3200 31.5151
133.3130 31.5095
133.3090 31.5016
133.3030 31.4920
133.3000 31.4823
133.2960 31.4707
133.2940 31.4583
133.2910 31.4464
133.2880 31.4323
133.2840 31.4174
133.2810 31.4053
133.2750 31.3956
133.2700 31.3869
133.2700 31.3797
133.2720 31.3713
133.2740 31.3617
133.2700 31.3496
133.2660 31.3367
133.2630 31.3255
133.2640 31.3154
133.2630 31.3042
133.2560 31.2886
133.2530 31.2786
133.2490 31.2711
133.2400 31.2607
133.2310 31.2492
133.2190 31.2338
133.2100 31.2197
133.1990 31.2044
133.1900 31.1901
133.1740 31.1774
133.1610 31.1734
133.1470 31.1683
133.1340 31.1624
133.1240 31.1548
133.1090 31.1495
133.1000 31.1455
133.0910 31.1371
133.0780 31.1280
133.0650 31.1196
133.0490 31.1131
133.0360 31.1037
133.0290 31.0932
133.0230 31.0799
133.0140 31.0687
133.0020 31.0616
132.9880 31.0556
132.9740 31.0464
132.9610 31.0420
132.9460 31.0398
132.9290 31.0412
132.9100 31.0386
132.8990 31.0362
132.8880 31.0322
132.8710 31.0266
132.8580 31.0199
132.8490 31.0139
132.8240 30.7544
