137.857  36.525
137.8540 36.5997
137.9020 37.1840
137.8890 37.8556
137.8480 38.4846
137.7740 38.9816
137.8450 39.4043
138.0850 39.6594
138.3520 39.8324
138.6550 40.0722
138.6550 40.4744
138.7560 40.7823
138.4750 41.1030
138.4890 41.4818
138.7430 41.7693
138.8240 41.9955
138.8110 42.7664
138.8010 43.1922
138.5630 43.9389
138.5770 44.2948
138.8500 44.8113
139.0380 45.4118
139.1580 45.9466
139.3700 46.2240
139.9380 46.5157
140.5530 46.9557
141.1780 47.3923
142.0230 48.0512
142.8780 48.7036
142.7610 49.2409
142.6410 49.7781
142.5210 50.3178
142.3980 50.8574
142.5410 51.6998
142.6920 52.5418
142.7840 53.0425
142.8490 53.3843
142.4090 54.0349
141.2780 54.0742
140.1450 54.1028
139.2110 54.3328
137.9180 54.5883
136.6100 54.8299
135.1380 55.0602
133.6500 55.2726
132.6740 55.4913
131.6880 55.7022
130.7470 55.8611
129.7980 56.0127
128.3930 56.4015
126.9600 56.7741
125.4990 57.1299
124.5730 57.1781
123.6450 57.2194
122.7150 57.2538
121.7840 57.2814
120.8510 57.3021
119.9180 57.3159
119.0210 57.1509
118.1330 56.9796
117.2530 56.8021
116.3820 56.6184
115.0150 56.5256
113.6560 56.4179
112.3050 56.2954
110.9240 56.2207
109.7580 55.7616
109.3750 55.3308
109.0000 54.8989
108.6910 54.1503
108.3930 53.4009
107.7060 53.0813
107.0290 52.7578
106.3620 52.4305
105.7050 52.0994
105.0580 51.7648
104.4200 51.4267
104.9040 50.7860
105.3750 50.1433
105.5820 49.2921
105.7810 48.4406
105.9160 47.9102
106.0480 47.3797
106.1770 46.8490
106.3040 46.3182
106.4600 45.8748
106.6140 45.4311
106.7650 44.9873
106.9140 44.5432
107.0610 44.0990
107.2050 43.6546
108.1310 43.1492
109.0410 42.6365
109.6930 42.0700
110.5700 41.6014
111.4350 41.1262
112.2870 40.6446
112.9110 41.0237
113.5420 41.3993
114.3920 41.1630
115.2350 40.9206
115.8100 40.5955
116.3790 40.2675
117.0100 40.0571
117.6380 39.8433
118.2450 40.0536
118.8560 40.2608
119.8460 40.6543
120.8480 41.0392
121.3130 41.3292
121.7820 41.6173
122.2550 41.9035
122.7320 42.1878
123.5100 41.5302
124.2720 40.8675
125.0190 40.1999
125.1990 39.7415
125.3760 39.2829
125.5510 38.8240
125.7230 38.3648
125.9140 37.5413
126.1010 36.7175
126.1150 36.1691
126.1280 35.6207
126.1960 34.9364
126.2630 34.2521
125.5210 33.5633
124.7910 32.8701
124.0720 32.1727
123.3640 31.4713
123.8670 31.3257
124.4870 31.2501
125.0300 31.1957
125.7290 31.2017
126.4040 31.2274
127.0540 31.2730
127.6550 31.3620
128.2580 31.4706
128.8120 31.6013
129.4420 31.7926
129.7680 32.0417
129.92   32.425
130.08   32.53
130.465  32.69
130.78   32.77
130.7977 32.7736
130.8095 32.7790
130.8181 32.7827
130.8278 32.7872
130.9373 32.8353
130.9470 32.8444
130.9588 32.8526
130.9706 32.8607
131.17   33.09
131.245  33.15
131.1547 33.1977
131.1450 33.2041
131.1364 33.2096
131.1278 33.2151
131.1042 33.2269
131.0934 33.2297
131.0848 33.2315
131.0740 33.2315
131.0665 33.2306
131.0600 33.2306
131.0482 33.2316
130.98   33.24
130.908  33.245
130.825  33.26
130.73   33.29
130.64   33.35
130.502  33.472
130.5056 33.4833
130.4968 33.4942
130.4837 33.5059
130.4728 33.5159
130.4597 33.5294
130.4466 33.5412
130.4379 33.5493
130.4281 33.5593
130.4194 33.5601
130.4117 33.5701
130.4019 33.5791
130.3921 33.5882
130.3833 33.5972
130.37   33.605
130.27   33.7
130.22   33.775
130.185  33.83
130.212  33.88
130.37   33.935
130.825  34.089
131.1    34.15
131.37   34.29
131.705  34.45
132.02   34.675
132.0404 34.6881
132.0526 34.6980
132.0638 34.7088
132.0738 34.7178
132.0816 34.7250
132.0906 34.7349
132.0962 34.7431
132.11   34.75
132.29    34.956
132.575  35.145
132.965  35.27
133.12   35.30
133.66   35.39
134.025  35.44
134.0464 35.4425
134.0598 35.4449
134.0710 35.4464
134.0822 35.4489
134.0923 35.4504
134.1024 35.4529
134.1102 35.4536
134.1259 35.4559
134.1404 35.4583
134.27   35.465
134.43   35.467
134.53   35.45
134.7284 35.3983
134.7382 35.3944
134.7503 35.3913
134.7635 35.3872
134.7776 35.3813
134.7865 35.3792
134.7984 35.3743
134.8105 35.3702
134.8214 35.3653
134.8312 35.3614
134.8466 35.3581
134.8586 35.3532
134.8685 35.3510
134.8815 35.3461
134.8914 35.3421
134.9024 35.3399
134.9133 35.3368
135.2054 35.2647
135.2145 35.2613
135.2269 35.2581
135.2426 35.2532
135.2573 35.2482
135.2664 35.2439
135.2776 35.2407
135.2911 35.2384
135.2989 35.2368
135.3079 35.2353
135.3102 35.2335
135.3125 35.2309
135.3182 35.2274
135.3261 35.2240
135.3329 35.2215
135.3398 35.2181
135.3477 35.2147
135.3568 35.2095
135.37   35.202
135.455  35.13
135.51   35.105
135.5224 35.1019
135.5404 35.0952
135.5540 35.0865
135.5632 35.0795
135.5703 35.0697
135.5774 35.0572
135.5824 35.0437
135.5839 35.0365
135.5875 35.0284
135.5933 35.0214
135.6014 35.0134
135.6118 35.0037
135.6244 34.9932
135.6244 34.9931
135.6545 34.9622
135.6525 34.9567
135.6495 34.9494
135.6454 34.9411
135.6469 34.9338
135.6504 34.9276
135.6530 34.9195
135.6555 34.9114
135.6582 34.9015
135.6597 34.8924
135.6600 34.8833
135.6605 34.8715
135.6605 34.8597
135.6830 34.8631
135.6918 34.8642
135.7006 34.8645
135.709  34.8647
135.727  34.874
135.747  34.878
135.758  34.9
135.768  34.922
135.7677 34.9246
135.7674 34.9337
135.7713 34.9447
135.7732 34.9538
135.7739 34.9638
135.7746 34.9730
135.7775 34.9839
135.7874 35.0124
135.7937 35.0225
135.7956 35.0299
135.7975 35.0363
135.7995 35.0427
135.8026 35.0482
135.8078 35.0566
135.8109 35.0639
135.8139 35.0703
135.8190 35.0814
135.8210 35.0887
135.8228 35.0978
135.8269 35.1070
135.8299 35.1144
135.8352 35.1209
135.8404 35.1301
135.8455 35.1412
135.8484 35.1521
135.8524 35.1650
135.8542 35.1759
135.8548 35.1877
135.8577 35.1987
135.8597 35.2052
135.8583 35.2115
135.8593 35.2151
135.8601 35.2224
135.8632 35.2298
135.8673 35.2381
135.8703 35.2472
135.8700 35.2536
135.8731 35.2609
135.8794 35.2693
135.8824 35.2775
135.8833 35.2848
135.8851 35.2940
135.8882 35.3013
135.8901 35.3086
135.8943 35.3160
135.8985 35.3225
135.9048 35.3317
135.9101 35.3391
135.9163 35.3520
135.9896 35.4847
135.9971 35.4930
136.0045 35.5032
136.0109 35.5107
136.0205 35.5209
136.0558 35.5881
136.0621 35.5982
136.0674 35.6065
136.0770 35.6177
136.0855 35.6279
136.0952 35.6363
136.1038 35.6447
136.1102 35.6521
136.1166 35.6605
136.1220 35.6660
136.13   35.664
136.15   35.67
136.169  35.687
136.245  35.718
136.27   35.738
136.2776 35.7380
136.2830 35.7436
136.2906 35.7492
136.2992 35.7576
136.3067 35.7651
136.3154 35.7734
136.3240 35.7818
136.3327 35.7884
136.3414 35.7959
136.3512 35.8043
136.3577 35.8090
136.3642 35.8155
136.443  35.892
136.477  35.913
136.548  35.96
136.577  35.975
136.5901 35.9769
136.6023 35.9799
136.6145 35.9838
136.6255 35.9876
136.6355 35.9915
136.6443 35.9962
136.6552 36.0028
136.6661 36.0130
136.6748 36.0214
136.6868 36.0298
136.6944 36.0373
136.7020 36.0447
136.7129 36.0549
136.9048 36.1933
136.9801 36.2526
136.9946 36.2574
137.0079 36.2631
137.0257 36.2697
137.0424 36.2772
137.0591 36.2838
137.0769 36.2913
137.0947 36.2998
137.1136 36.3055
137.1337 36.3148
137.1504 36.3214
137.1693 36.3299
137.1849 36.3364
137.1994 36.3412
137.2117 36.3450
137.2206 36.3469
137.2393 36.3662
137.2527 36.3728
137.2727 36.3839
137.2883 36.3923
137.3028 36.3988
137.3172 36.4054
137.3318 36.4119
137.3474 36.4167
137.3619 36.4223
137.3753 36.4279
137.3842 36.4326
137.3953 36.4400
137.4098 36.4510
137.4197 36.4584
137.4275 36.4640
137.4364 36.4704
137.4498 36.4769
137.4632 36.4844
137.4901 36.4883
137.5013 36.4911
137.5126 36.4940
137.5238 36.4959
137.5327 36.5015
137.5383 36.5052
137.5449 36.5089
137.55   36.509
137.675  36.526
137.84   36.525
137.857  36.525
