141.8830 34.2127
141.9920 34.6663
142.0290 34.8886
142.0670 35.1636
142.1700 35.2168
142.2210 35.3333
142.3250 35.5027
142.4600 35.6730
142.5550 35.9438
142.6060 36.0009
142.6810 36.0642
142.7610 36.1878
142.8870 36.2636
143.0200 36.3393
143.1510 36.5195
143.2750 36.6488
143.4080 36.8604
143.5180 37.0594
143.6370 37.2899
143.7430 37.4792
143.8430 37.7097
143.8880 37.9281
143.9280 38.1655
143.9730 38.3585
144.0170 38.5356
144.0610 38.7095
144.1190 38.9086
144.1890 39.1233
144.2030 39.3737
144.2360 39.5572
144.2250 39.7667
144.2540 39.9281
144.2830 40.0672
144.3280 40.2029
144.3990 40.3668
144.4790 40.5494
144.4540 40.8470
145.0770 41.3192
145.7100 41.7880
146.1980 42.0762
146.6900 42.3623
147.3450 42.6851
148.3400 43.2079
149.3110 43.7205
150.3390 44.1874
150.8770 44.4470
151.4190 44.7040
152.2400 45.1576
152.8800 45.5293
153.5280 45.8973
154.1950 46.4400
154.6640 46.8526
155.1410 47.2632
155.7420 47.7246
156.3530 48.1828
157.0240 48.6594
157.5680 49.1072
158.1210 49.5524
158.6440 49.8546
159.1740 50.1545
159.8770 50.8551
160.5990 51.4877
160.9450 52.1588
161.5840 52.6540
162.4580 53.0032
162.7900 53.6249
163.2820 54.3468
163.6700 54.7786
164.0660 55.2092
163.3400 55.8170
162.5920 56.4203
162.9600 56.8360
163.3360 57.2505
163.7210 57.6638
164.1150 58.0760
164.5180 58.4869
164.9300 58.8966
166.2580 59.3762
167.6230 59.8420
169.0270 60.2932
169.8650 61.0172
170.7430 61.7358
169.7220 61.6666
168.7060 61.5898
167.6960 61.5055
166.6910 61.4138
165.0130 61.3376
163.3450 61.2409
162.3530 61.2721
161.3590 61.2961
160.3630 61.3128
159.3670 61.3222
158.0450 61.4068
156.7170 61.4785
155.3370 61.6067
153.9460 61.7209
152.5960 62.3526
151.1890 62.9707
149.7210 63.5742
148.1910 64.1621
146.5950 64.7332
144.9320 65.2865
145.4870 64.4376
146.0080 63.5867
146.4990 62.7340
146.9630 61.8797
146.1260 61.5698
145.3060 61.2549
144.5020 60.9351
143.7150 60.6107
142.9430 60.2817
142.1870 59.9484
142.0860 59.4786
141.9880 59.0087
141.8930 58.5387
141.8000 58.0686
141.7090 57.5985
141.6210 57.1283
141.5350 56.6581
141.4510 56.1878
141.7000 55.6503
141.9430 55.1123
142.1790 54.5738
142.4090 54.0349
142.8490 53.3843
142.7840 53.0425
142.6920 52.5418
142.5410 51.6998
142.3980 50.8574
142.5210 50.3178
142.6410 49.7781
142.7610 49.2409
142.8780 48.7036
142.0230 48.0512
141.1780 47.3923
140.5530 46.9557
139.9380 46.5157
139.3700 46.2240
139.1580 45.9466
139.0380 45.4118
138.8500 44.8113
138.5770 44.2948
138.5630 43.9389
138.8010 43.1922
138.8110 42.7664
138.8240 41.9955
138.7430 41.7693
138.4890 41.4818
138.4750 41.1030
138.7560 40.7823
138.6550 40.4744
138.6550 40.0722
138.3520 39.8324
138.0850 39.6594
137.8450 39.4043
137.7740 38.9816
137.8480 38.4846
137.8890 37.8556
137.9020 37.1840
137.8540 36.5997
137.857  36.525
137.8603 36.5164
137.8661 36.5065
137.8685 36.4965
137.8698 36.4847
137.8700 36.4738
137.8712 36.4620
137.8737 36.4502
137.8772 36.4384
137.8819 36.4248
137.8866 36.4148
137.8901 36.4040
137.8925 36.3940
137.8938 36.3822
137.8962 36.3704
137.9008 36.3595
137.9066 36.3468
137.9124 36.3323
137.9228 36.3161
137.9251 36.3079
137.9287 36.2970
137.9344 36.2834
137.9380 36.2698
137.9427 36.2535
137.9463 36.2381
137.9947 36.1705
138.0005 36.1642
138.0061 36.1588
138.0175 36.1498
138.0279 36.1336
138.0336 36.1255
138.0747 36.0787
138.0860 36.0734
138.0939 36.0690
138.1066 36.0518
138.1168 36.0419
138.1236 36.0329
138.1327 36.0230
138.1383 36.0159
138.1441 36.0059
138.1431 35.9977
138.1521 35.9897
138.1600 35.9843
138.1691 35.9762
138.1770 35.9673
138.1827 35.9601
138.1918 35.9520
138.2008 35.9448
138.2087 35.9386
138.2178 35.9305
138.2234 35.9224
138.2292 35.9124
138.2349 35.9007
138.2395 35.8944
138.2474 35.8863
138.2542 35.8819
138.2643 35.8756
138.2710 35.8702
138.2834 35.8604
138.3872 35.7642
138.3928 35.7588
138.3974 35.7516
138.4008 35.7426
138.4043 35.7335
138.4088 35.7245
138.4134 35.7182
138.4168 35.7118
138.4330 35.6548
138.4376 35.6457
138.4345 35.6294
138.4379 35.6194
138.4358 35.6131
138.4325 35.6076
138.4348 35.6003
138.4360 35.5922
138.4384 35.5840
138.4407 35.5759
138.46   35.55
138.45   35.46
138.455  35.35
138.46   35.29
138.48   35.26
138.9    35.36
138.888  35.285
139.2    35.23
139.228  35.08
139.2392 35.0141
139.4290 34.8599
139.9230 34.7126
140.4400 34.6310
140.8700 34.5295
141.1040 34.4389
141.4410 34.3565
141.8830 34.2127
