114.0000 18.4377
114.4190 18.8261
114.9260 19.3405
115.4940 19.6873
116.3190 19.8153
117.1450 19.9395
117.5040 20.3301
117.8640 20.7199
118.0450 21.4983
118.4840 22.1067
118.9580 22.0031
119.6180 22.2686
120.0360 21.9509
120.4520 21.6321
120.4250 22.0434
120.3940 22.5813
120.3600 23.1983
120.5460 23.9788
120.9810 24.6536
121.3350 24.9630
121.5750 24.6914
122.0240 24.8530
122.5540 25.0649
123.1820 24.8598
123.7210 24.8985
123.7550 25.0165
124.1480 25.0702
124.7050 25.1197
124.6970 25.4751
125.1590 25.5691
125.7360 25.6437
125.6630 25.9270
126.0650 26.1233
126.3830 26.3700
126.4770 26.5403
126.8200 26.8106
126.7450 27.0057
126.8850 27.1491
127.4170 27.4855
127.3470 27.6615
127.5990 27.7896
128.0490 28.0528
128.5570 28.4010
128.3210 28.7079
128.6870 29.0321
129.0550 29.3554
128.6460 29.8931
128.8810 30.1042
128.8480 30.3870
129.0320 30.5854
128.8190 31.0245
129.0590 31.2645
129.1210 31.4094
129.4420 31.7926
128.8120 31.6013
128.2580 31.4706
127.6550 31.3620
127.0540 31.2730
126.4040 31.2274
125.7290 31.2017
125.0300 31.1957
124.4870 31.2501
123.8670 31.3257
123.3640 31.4713
122.7800 31.5022
122.1950 31.5305
121.6110 31.5571
121.0270 31.5810
120.3680 31.3919
119.7110 31.1994
119.0010 31.3760
118.5770 31.7763
118.1500 32.1751
117.7190 32.5725
117.2840 32.9684
116.5210 33.5930
115.7460 34.2128
114.9600 34.8277
114.2800 34.8426
113.5990 34.8538
113.2500 34.4690
112.9050 34.0833
112.2740 33.4649
111.6510 32.8434
111.6330 32.2519
111.6150 31.6603
111.2090 31.2517
110.8060 30.8418
109.8800 30.5693
108.9590 30.2903
108.0430 30.0049
107.1330 29.7132
106.2620 29.2543
105.3990 28.7898
105.1700 28.3343
104.9420 27.8784
105.1820 27.1169
105.4190 26.3549
105.7200 25.7969
106.0180 25.2383
106.5780 24.6464
107.1320 24.0524
107.6810 23.4564
108.5610 23.1408
109.4360 22.8203
110.3080 22.4951
111.1750 22.1652
112.0380 21.8307
112.2880 21.4078
112.5370 20.9845
112.7840 20.5609
113.0300 20.1369
113.2740 19.7126
113.5170 19.2880
113.7590 18.8630
114.0000 18.4377
