128.4620 25.4576
128.9780 25.8591
129.3600 26.1908
129.7850 26.6709
130.2110 27.2135
130.5230 27.7094
130.6490 28.1358
131.0970 28.3182
131.3090 28.4508
131.4670 28.7508
131.5240 28.8591
131.6280 28.9874
131.7600 29.3921
132.0730 29.8177
132.4020 30.2149
132.6300 30.4926
132.8240 30.7544
132.5810 30.9906
132.2690 31.2571
132.0300 31.4844
131.7170 31.7606
131.2840 31.8771
130.8350 31.9821
130.1850 32.0194
129.7680 32.0417
129.4420 31.7926
129.1210 31.4094
129.0590 31.2645
128.8190 31.0245
129.0320 30.5854
128.8480 30.3870
128.8810 30.1042
128.6460 29.8931
129.0550 29.3554
128.6870 29.0321
128.3210 28.7079
128.5570 28.4010
128.0490 28.0528
127.5990 27.7896
127.3470 27.6615
127.4170 27.4855
126.8850 27.1491
126.7450 27.0057
126.8200 26.8106
126.4770 26.5403
126.3830 26.3700
126.0650 26.1233
125.6630 25.9270
125.7360 25.6437
125.1590 25.5691
124.6970 25.4751
124.7050 25.1197
124.1480 25.0702
123.7550 25.0165
123.7210 24.8985
123.1820 24.8598
122.5540 25.0649
122.0240 24.8530
121.5750 24.6914
121.7790 24.2554
122.1400 23.9492
122.5010 23.6429
123.0100 23.4686
123.5180 23.4541
124.0260 23.4381
124.5340 23.4203
125.0420 23.4009
125.5500 23.3799
125.9540 23.4977
126.4260 23.7606
126.9010 24.1011
127.3980 24.5029
127.9070 24.9690
128.4620 25.4576
