161.228  -61.4567
161.975  -61.763
162.579  -62.2128
163.202  -62.6599
163.773  -62.4746
164.275  -62.3219
164.768  -62.1772
165.103  -62.0772
165.653  -62.4727
165.969  -62.6676
166.62  -63.0869
166.858  -63.2206
167.55  -62.9712
168.277  -62.7732
168.708  -62.6321
169.238  -62.4461
169.605  -62.6762
170.068  -62.9724
170.441  -63.1488
171.009  -63.4473
171.64  -63.8072
172.164  -64.0974
172.52  -64.2561
173.631  -64.7379
174.242  -64.5079
174.814  -64.3149
175.162  -64.1741
175.582  -63.984
176.063  -64.1878
176.549  -64.4101
176.819  -64.506
177.338  -64.7362
177.889  -64.9749
178.24  -65.0791
178.759  -65.274
179.381  -65.4773
179.963  -65.7385
180.803  -65.9859
181.207  -66.1632
182.074  -65.8623
182.928  -65.6069
184.271  -65.1825
184.93  -65.505
185.582  -65.8352
186.291  -65.5061
187.483  -64.9783
188.7  -64.3564
189.957  -64.8585
190.161  -64.7637
190.891  -64.2448
191.621  -63.7303
192.487  -63.106
193.392  -62.49
193.801  -62.6056
194.851  -63.007
196.079  -63.4667
196.999  -62.9675
197.939  -62.3936
198.662  -62.6144
199.57  -62.9233
200.112  -62.5954
201.297  -63.0044
201.606  -62.7885
202.399  -63.07
203.283  -63.324
203.978  -62.9525
204.746  -62.4327
205.676  -61.7762
205.819  -61.8361
206.339  -61.3992
207.057  -60.8407
207.881  -60.1575
208.671  -59.4694
209.618  -59.7176
210.191  -59.3141
210.736  -58.8221
211.724  -58.13
212.308  -57.5547
212.833  -57.6379
213.319  -57.3076
214.021  -56.6686
214.588  -56.2277
215.143  -55.7842
215.518  -55.9103
216.676  -56.2625
217.914  -56.6193
218.789  -56.8392
219.675  -57.0528
219.959  -56.7722
220.455  -56.2678
220.809  -55.7249
220.422  -55.6146
220.747  -55.2509
221.201  -54.7123
221.662  -54.141
222.11  -53.5679
222.478  -53.6878
223.41  -53.9067
223.82  -53.3957
224.693  -53.643
225.795  -53.8871
227.13  -54.2371
227.874  -54.4323
228.625  -54.6229
229.941  -54.9314
230.655  -55.1286
231.376  -55.3215
232.769  -55.5654
233.2  -55.0641
233.803  -55.1382
234.923  -55.4541
235.738  -55.5873
236.558  -55.715
237.345  -55.8731
238.138  -56.0262
238.365  -55.8321
238.772  -55.2189
239.337  -54.4098
240.315  -54.6416
241.419  -54.8185
241.687  -54.3503
241.963  -53.6908
242.339  -53.1241
241.023  -52.8974
241.125  -52.7524
241.578  -52.212
241.88  -51.7718
242.176  -51.3309
242.478  -50.8747
242.775  -50.4178
243.198  -49.8934
243.612  -49.3675
244.767  -49.5892
245.444  -49.721
246.125  -49.8489
246.255  -49.3574
246.472  -48.841
246.685  -48.3242
246.869  -47.7733
247.05  -47.2221
247.315  -46.5385
247.574  -45.8544
247.325  -45.8327
247.45  -45.4942
247.619  -44.9378
247.784  -44.3811
248.029  -43.7738
248.27  -43.1659
248.462  -42.6833
248.651  -42.2004
249.046  -42.2487
249.168  -41.3555
249.246  -40.7597
249.323  -40.1638
249.467  -39.5749
249.609  -38.9858
248.73  -38.9785
248.732  -38.8776
248.933  -38.276
249.131  -37.6741
249.332  -37.0423
249.529  -36.4102
249.261  -36.3578
249.285  -36.2186
249.421  -35.8301
249.105  -35.7967
249.123  -35.3191
249.173  -35.0908
248.874  -34.9948
248.601  -34.9123
248.244  -34.8114
247.813  -34.6742
247.583  -34.5562
247.438  -34.2996
247.372  -33.9988
247.396  -33.6626
247.496  -33.6498
247.54  -33.3989
247.558  -33.112
247.582  -32.7938
247.585  -32.4889
247.644  -32.3278
247.849  -32.3426
247.935  -32.1144
247.937  -31.9485
247.959  -31.7737
247.977  -31.5362
248.036  -31.3905
248.022  -31.3862
248.049  -31.0446
248.115  -30.6658
248.149  -30.6244
248.203  -30.4248
248.225  -30.1873
248.227  -30.0247
248.251  -29.5788
248.194  -29.2656
247.633  -29.1602
247.044  -29.0088
246.98  -28.7872
246.979  -28.5495
246.99  -28.3829
247.066  -28.3794
247.045  -28.129
247.029  -27.8495
246.999  -27.6074
246.867  -27.577
246.871  -27.2727
246.888  -27.0143
247.024  -26.8302
246.392  -26.8088
246.056  -26.7897
245.474  -26.7251
244.895  -26.604
244.709  -26.4659
244.482  -26.2434
244.231  -25.9677
243.972  -25.6738
243.647  -25.4158
243.51  -25.172
243.901  -24.8475
243.775  -24.5558
243.816  -24.4583
244.032  -24.3829
244.088  -24.2418
244.518  -24.1051
244.598  -24.0174
244.576  -23.8844
244.401  -23.4684
244.746  -23.3975
244.817  -23.237
245.038  -23.1789
245.125  -23.0396
245.433  -23.0236
245.502  -22.5426
245.495  -22.1961
245.579  -22.1145
245.621  -21.627
245.682  -21.5636
245.771  -21.1213
245.913  -20.5993
246.069  -20.5745
246.204  -20.321
246.303  -19.9675
246.502  -19.3006
246.377  -19.2852
246.636  -18.7766
246.48  -18.7579
246.617  -18.4442
246.736  -18.0081
246.612  -17.9938
246.826  -17.5384
246.671  -17.5211
246.883  -17.065
246.759  -17.0515
246.959  -16.6834
246.835  -16.6703
247.027  -16.3609
246.934  -16.3513
247.027  -15.7917
247.131  -15.2478
247.234  -14.7038
247.387  -14.718
247.419  -14.0619
247.561  -13.8646
247.574  -13.3863
248.154  -13.4645
248.734  -13.5413
248.809  -13.3964
248.993  -13.4108
249.108  -12.7553
248.923  -12.7417
249.074  -11.9684
249.325  -11.4724
249.515  -11.3942
249.553  -10.8224
249.708  -10.8017
249.782  -10.0804
249.929  -9.6651
250.143  -9.6766
250.244  -8.9245
250.962  -9.0354
251.68  -9.1448
251.808  -8.3569
251.937  -8.2401
252.12  -7.5141
252.347  -7.1859
252.393  -6.7592
252.559  -6.3667
253.05  -6.4428
253.155  -6.0162
253.248  -6.0187
253.259  -5.6199
253.413  -5.6238
253.55  -5.0432
253.747  -4.4939
254.456  -4.5694
254.62  -4.0785
255.301  -4.1516
255.461  -3.8444
256.363  -3.9509
257.265  -4.0564
257.429  -3.4347
257.434  -2.9357
257.246  -2.9339
257.313  -2.4357
257.379  -1.9061
257.598  -1.9075
257.693  -1.5959
257.538  -1.5327
257.601  -1.2834
257.476  -1.2828
257.603  -0.5032
257.681  -0.0155
257.706  0.1571
257.747  0.3717
257.79  0.7063
257.76  0.7128
257.819  1.1343
257.777  1.214
257.797  1.2207
257.757  1.3486
257.778  1.3611
257.743  1.5278
257.77  1.5414
257.738  1.7515
257.867  1.7784
257.896  1.9038
257.912  1.9035
257.924  1.9715
257.925  2.0245
257.933  2.1373
257.925  2.161
257.92  2.3083
257.912  2.3273
257.91  2.3909
257.915  2.412
257.915  2.4861
257.923  2.5025
257.918  2.5744
257.932  2.6353
257.891  2.7856
257.904  2.7983
257.882  2.8929
257.855  2.8888
257.807  3.0722
257.781  3.2387
257.801  3.4582
257.741  3.7507
257.816  3.7775
257.68  4.6533
257.543  5.529
257.442  6.3553
257.341  7.1817
257.19  7.7908
257.039  8.3999
256.405  8.3705
255.771  8.34
255.742  8.4557
255.704  9.1747
255.704  10.0171
256.402  10.1232
256.372  10.2746
256.261  10.9366
256.193  11.4045
256.125  11.8723
256.228  11.8904
256.073  12.5868
255.819  13.3284
255.563  14.0698
255.437  14.6722
255.31  15.2745
254.68  15.1076
254.643  15.5576
254.602  16.2605
254.633  17.0308
254.601  17.7679
254.414  17.8808
253.692  17.929
253.682  18.0163
253.689  18.1198
253.719  18.2814
253.756  18.5199
253.473  18.5444
253.244  18.5899
252.998  18.6471
252.728  18.7561
252.477  18.8632
252.184  18.936
251.767  19.1073
251.802  19.2235
251.466  19.3837
251.104  19.5496
251.097  19.6255
250.84  19.8065
250.55  20.0271
250.627  20.1418
250.622  20.1757
250.681  20.2423
250.785  20.3973
250.813  20.4995
250.715  20.5584
250.739  20.6426
250.806  20.7392
250.889  20.824
250.987  20.949
251.085  21.0679
251.191  21.2529
251.023  21.347
251.064  21.4513
251.132  21.536
251.216  21.6428
251.331  21.7739
251.418  21.9047
251.324  21.9596
251.411  22.1024
251.484  22.2011
251.473  22.2769
251.593  22.4401
251.727  22.6134
251.768  22.7117
251.99  22.9857
251.612  23.0822
251.349  23.2413
251.643  23.6135
251.561  23.6743
251.39  23.8141
251.194  23.9844
250.998  24.1515
250.724  24.396
250.938  24.6582
250.822  24.7348
250.65  24.8568
250.409  25.0163
250.212  25.1797
249.993  25.3392
250.194  25.5567
250.128  25.6073
249.976  25.7063
249.709  25.8895
249.428  26.0661
249.222  26.2249
249.32  26.3605
249.242  26.4159
249.043  26.535
248.772  26.7234
248.494  26.9267
248.627  27.1053
248.431  27.2152
248.618  27.4969
248.494  27.57
248.289  27.6935
247.985  27.906
247.679  28.1249
247.411  28.3223
247.188  28.4987
246.913  28.7147
246.661  28.9498
246.719  29.0084
246.479  29.2054
246.225  29.4397
246.031  29.6458
246.13  29.7298
246.242  29.8344
246.091  29.982
245.959  30.1205
246.193  30.3135
246.014  30.5134
245.871  30.6797
245.697  30.9123
245.561  31.0972
245.67  31.1936
245.882  31.3557
245.793  31.4585
245.668  31.6016
245.478  31.786
245.235  31.9952
244.915  32.2359
244.67  32.4183
244.788  32.5118
244.588  32.71
244.419  32.876
244.492  32.9581
244.406  33.0402
244.283  33.1297
244.404  33.2366
244.227  33.4211
243.791  33.7711
243.34  34.0424
242.841  34.1811
242.493  34.3498
242.254  34.4412
241.928  34.5641
241.6  34.658
241.088  34.8373
240.671  34.9812
240.064  35.4502
239.562  35.9102
239.103  36.3377
238.695  36.6983
237.995  37.2048
237.62  37.527
237.304  37.874
236.695  38.5406
236.403  38.9971
236.11  39.4388
235.837  39.9142
235.584  40.3107
235.258  40.3134
234.55  40.3541
233.841  40.3904
233.131  40.4224
232.421  40.45
232.421  40.5385
232.283  40.5726
232.361  41.0807
232.44  41.5888
232.554  41.5551
232.599  41.6405
232.759  41.6921
232.961  42.357
233.373  43.0136
232.429  43.4195
231.472  43.8176
230.502  44.2075
229.52  44.5892
229.633  44.9295
229.931  45.2854
229.813  45.414
230.064  45.7362
230.131  45.896
229.927  45.9427
229.949  46.1958
230.083  46.2291
230.197  46.4332
230.428  46.4015
230.741  47.0647
231.062  47.727
230.81  47.8354
231.06  48.3236
230.853  48.476
231.081  48.8687
230.295  49.1768
229.499  49.4794
229.838  49.9827
229.7  50.0554
229.838  50.2172
229.671  50.2979
229.746  50.4647
229.247  50.9076
228.926  51.1851
229.15  51.6121
228.823  51.8858
228.408  52.2591
227.831  52.6971
227.286  53.127
226.907  53.5217
226.574  53.9241
226.16  54.3774
225.849  54.8122
225.331  55.3165
224.82  55.8186
224.571  56.1024
224.097  56.621
223.791  57.1178
223.478  57.6342
223.105  58.0895
222.893  58.4379
222.181  58.9251
221.647  59.3357
221.14  59.7619
220.604  60.0897
219.872  60.3809
218.926  60.3099
218.402  60.4009
217.595  60.465
216.668  60.2057
215.684  59.9182
215.023  59.5759
214.244  59.2735
213.736  58.8138
213.241  58.3521
212.551  57.8319
211.743  57.3469
210.78  56.9251
209.919  56.6229
209.453  56.4994
208.782  56.3092
207.773  56.0583
206.836  55.6104
205.84  55.239
204.761  54.7845
203.862  54.5272
202.933  54.3175
202.014  54.1008
200.656  53.8555
199.871  53.7408
199.09  53.6209
198.336  53.4964
197.587  53.3672
196.823  53.18
196.066  52.9879
195.335  52.8183
194.61  52.6443
193.892  52.4527
193.181  52.2568
192.01  52.0007
191.028  51.74
190.622  51.6322
189.841  51.4395
189.103  51.3061
188.366  51.1706
187.516  51.0693
186.672  50.9636
185.881  50.8963
185.093  50.8258
184.371  50.7447
183.777  50.5883
182.912  50.496
182.242  50.4842
181.52  50.4903
180.798  50.4965
179.688  50.5055
178.498  50.6189
177.68  50.6976
176.72  50.8959
175.571  51.1082
174.219  51.403
172.964  51.6839
171.847  52.0259
170.7  52.4979
169.752  52.8555
168.836  53.2079
168.188  53.5694
167.413  53.906
166.407  54.2367
165.771  54.5884
164.847  54.957
164.066  55.2092
163.67  54.7786
163.282  54.3468
162.79  53.6249
162.458  53.0032
161.584  52.654
160.945  52.1588
160.599  51.4877
159.877  50.8551
159.174  50.1545
158.644  49.8546
158.121  49.5524
157.568  49.1072
157.024  48.6594
156.353  48.1828
155.742  47.7246
155.141  47.2632
154.664  46.8526
154.195  46.44
153.528  45.8973
152.88  45.5293
152.24  45.1576
151.419  44.704
150.877  44.447
150.339  44.1874
149.311  43.7205
148.34  43.2079
147.345  42.6851
146.69  42.3623
146.198  42.0762
145.71  41.788
145.077  41.3192
144.454  40.847
144.479  40.5494
144.399  40.3668
144.328  40.2029
144.283  40.0672
144.254  39.9281
144.225  39.7667
144.236  39.5572
144.203  39.3737
144.189  39.1233
144.119  38.9086
144.061  38.7095
144.017  38.5356
143.973  38.3585
143.928  38.1655
143.888  37.9281
143.843  37.7097
143.743  37.4792
143.637  37.2899
143.518  37.0594
143.408  36.8604
143.275  36.6488
143.151  36.5195
143.02  36.3393
142.887  36.2636
142.761  36.1878
142.681  36.0642
142.606  36.0009
142.555  35.9438
142.46  35.673
142.325  35.5027
142.221  35.3333
142.17  35.2168
142.067  35.1636
142.029  34.8886
141.992  34.6663
141.883  34.2127
141.858  33.7039
142.012  33.2525
141.994  32.5576
142.099  31.9825
142.13   31.73
142.159  31.3152
142.224  30.711
142.473  30.1282
142.507  29.6208
142.748  28.9754
143.002  28.5187
143.172  27.9407
143.243  27.4633
143.26  26.737
143.231  26.3289
143.075  25.6124
143.098  24.9176
143.096  24.9092
143.522  24.3908
144.022  23.7644
144.706  23.2501
145.292  22.7123
146.062  22.2015
146.545  21.7298
146.822  21.3306
147.019  20.8051
147.207  20.3034
147.46  19.7452
147.619  19.1724
147.82  18.6465
147.811  18.0602
147.856  17.2831
147.787  16.5234
147.684  15.653
147.462  14.9661
147.201  14.2158
146.752  13.3632
146.221  13.0015
145.691  12.6466
145.349  12.3141
145.024  12.2112
144.619  12.0206
144.157  11.7896
143.503  11.4936
143.097  11.5689
142.961  11.4031
142.122  11.2852
141.608  11.0581
140.772  10.8578
140.1  10.9459
139.483  10.9006
138.813  11.1214
138.71  10.6492
138.574  9.9526
138.359  9.3787
139.192  9.0649
139.886  8.8663
140.579  8.6664
141.048  8.3925
141.517  8.118
142.262  7.6108
142.666  7.3884
143.07  7.1658
143.558  6.8053
144.026  6.677
144.664  6.611
145.067  6.5035
145.471  6.3535
146.001  6.1602
146.382  5.883
146.73  5.5107
147.078  5.1382
147.425  4.7655
147.772  4.3926
148.191  3.7756
148.694  3.1366
148.668  2.6293
148.684  2.0583
148.7  1.4874
148.863  0.9366
149.112  0.4063
149.191  -0.1432
149.251  -0.397
149.27  -0.6502
149.481  -0.8185
149.769  -1.0045
150.023  -1.0214
150.344  -1.1228
150.717  -1.224
151.089  -1.3083
151.427  -1.4602
151.816  -1.6456
152.155  -1.8647
152.578  -2.1341
152.916  -2.1502
153.119  -2.2003
153.39  -2.4357
153.542  -2.6039
153.711  -2.6876
153.882  -3.041
154.035  -3.3268
154.256  -3.6121
154.359  -3.9484
154.7  -4.2829
154.955  -4.5503
154.992  -4.8866
154.978  -5.2401
154.592  -5.5805
154.545  -5.901
154.533  -6.4232
154.73  -6.8581
154.927  -7.2928
155.454  -7.4887
155.812  -7.7059
156.047  -7.8838
156.296  -8.174
156.467  -8.3819
156.706  -8.5629
156.782  -8.6018
156.858  -8.6154
156.935  -8.6416
157.049  -8.7062
157.177  -8.7456
157.241  -8.7843
157.317  -8.8231
157.419  -8.9002
157.572  -8.9651
157.648  -9.0039
157.724  -9.068
157.827  -9.1071
157.916  -9.1586
157.992  -9.21
158.056  -9.2487
158.145  -9.3128
158.273  -9.3901
158.388  -9.4418
158.478  -9.4806
158.58  -9.5068
158.709  -9.5459
158.773  -9.559
158.85  -9.585
158.926  -9.6236
159.003  -9.6495
159.068  -9.688
159.119  -9.7264
159.17  -9.7648
159.221  -9.8285
159.285  -9.8797
159.362  -9.9309
159.439  -9.9695
159.503  -10.0206
159.58  -10.0844
159.644  -10.1229
159.708  -10.1739
159.772  -10.1997
159.837  -10.2507
159.914  -10.2765
159.978  -10.3149
160.068  -10.3787
160.132  -10.417
160.21  -10.4681
160.287  -10.5192
160.364  -10.5702
160.493  -10.6341
160.544  -10.6723
160.622  -10.7233
160.725  -10.787
160.776  -10.8379
160.867  -10.9142
160.931  -10.9651
160.996  -11.0287
161.06  -11.0541
161.125  -11.1304
161.202  -11.1685
161.306  -11.194
161.384  -11.2321
161.461  -11.2448
161.552  -11.2829
161.72  -11.3209
161.798  -11.3589
161.901  -11.3968
162.018  -11.422
162.109  -11.4345
162.225  -11.4216
162.354  -11.4212
162.484  -11.4208
162.626  -11.3823
162.833  -11.356
163.053  -11.3106
163.195  -11.2908
163.311  -11.2647
163.505  -11.2381
163.699  -11.1987
163.854  -11.1848
163.996  -11.1583
164.151  -11.1443
164.267  -11.1179
164.409  -11.0913
164.512  -11.0903
164.641  -11.1143
164.758  -11.1637
164.901  -11.2002
165.07  -11.2869
165.252  -11.4113
165.396  -11.5487
165.514  -11.6864
165.621  -11.8875
165.715  -12.1266
165.77  -12.3157
165.838  -12.5171
165.894  -12.744
165.909  -12.8703
165.952  -13.0721
166.02  -13.2608
166.09  -13.5126
166.132  -13.6763
166.154  -13.7794
167.157  -13.6491
168.159  -13.5147
168.596  -13.5142
168.577  -13.6024
168.792  -13.6302
169.026  -13.6393
169.234  -13.6507
169.231  -13.7995
169.456  -13.8111
169.622  -13.8084
169.739  -13.8236
169.739  -13.9535
170.15  -13.9744
170.638  -13.942
170.642  -14.0878
170.945  -14.0926
171.181  -14.0834
171.295  -14.0659
171.296  -13.7934
171.619  -13.75
171.972  -13.6778
172.163  -13.5688
172.3  -13.4814
172.434  -13.4349
172.571  -13.4106
173.049  -13.4895
173.671  -13.5168
173.941  -13.2954
174.482  -13.3961
174.661  -13.4146
174.784  -13.3952
174.898  -13.3345
175.314  -13.2436
175.659  -13.3265
175.947  -13.4221
176.021  -13.6431
176.256  -13.6723
176.618  -13.7312
176.966  -13.8531
177.167  -13.9483
177.417  -14.0551
178.029  -14.309
178.469  -14.5006
179.012  -14.7838
179.389  -14.975
179.79  -15.2177
180.261  -15.5422
180.556  -15.5268
180.712  -14.9356
180.952  -14.9275
181.112  -14.2241
181.232  -14.2304
181.267  -13.9861
181.76  -14.3166
182.254  -14.6461
182.585  -14.7064
183.12  -14.6708
183.654  -14.634
184.135  -14.4781
184.691  -14.4066
185.246  -14.3339
185.917  -14.3791
186.164  -14.5338
186.593  -14.584
186.727  -14.6967
186.87  -14.7848
187.061  -14.8669
187.226  -15.033
187.398  -15.1514
187.572  -15.3734
187.645  -15.5611
187.669  -15.732
187.7  -16.041
187.693  -16.3319
187.689  -16.7157
187.665  -16.9629
187.626  -17.2706
187.555  -17.6766
187.46  -17.9348
187.409  -18.1523
187.302  -18.4832
187.214  -18.7769
187.126  -19.071
187.03  -19.4608
186.947  -19.7788
186.782  -20.204
186.597  -20.5862
186.449  -20.8926
186.297  -21.2476
186.182  -21.5263
186.048  -21.9153
185.861  -22.2898
185.677  -22.6169
185.511  -22.9058
185.337  -23.2205
185.158  -23.5126
185.015  -23.7499
184.898  -24.0701
184.791  -24.4719
184.771  -24.8362
184.739  -25.1425
184.703  -25.4257
184.618  -25.7295
184.585  -26.0248
184.577  -26.4372
184.6  -26.8569
184.455  -27.318
184.215  -27.7843
184.115  -28.2638
184.005  -28.6971
183.922  -29.0653
183.847  -29.4691
183.661  -29.8808
183.453  -30.3215
183.31  -30.6779
183.081  -31.0374
182.892  -31.4517
182.699  -31.7932
182.462  -31.9574
182.351  -32.2028
182.334  -32.6959
182.19  -33.1908
182.019  -33.5795
181.792  -33.8459
181.706  -34.2413
181.587  -34.4854
181.461  -34.7058
181.359  -35.0218
180.956  -35.5423
180.629  -36.179
180.189  -36.793
179.838  -37.4758
179.569  -38.2045
179.366  -38.538
179.215  -38.8885
179.125  -39.2296
178.95  -39.6848
178.792  -40.087
178.566  -40.424
178.284  -40.8071
178.015  -41.1879
177.607  -41.4997
177.123  -41.6566
176.673  -41.756
176.081  -41.91
175.503  -42.0593
174.988  -42.1219
174.304  -42.2013
173.724  -42.2908
173.126  -42.3917
172.593  -42.483
171.859  -42.6156
171.473  -42.6755
171.277  -42.743
170.995  -42.9318
170.638  -43.0879
170.103  -43.3578
169.647  -43.5943
169.136  -43.8453
168.77  -44.0215
168.488  -44.166
168.081  -44.3297
167.688  -44.466
167.368  -44.6478
167.1  -44.8262
166.951  -44.9871
166.71  -45.2113
166.537  -45.3502
166.377  -45.515
166.205  -45.7364
166.019  -45.8872
165.92  -45.9581
165.733  -46.0648
165.427  -46.1898
165.168  -46.4052
165.021  -46.6013
164.943  -46.783
164.923  -47.0108
164.838  -47.1485
164.739  -47.2562
164.699  -47.4439
164.651  -47.5208
164.528  -47.6576
164.48  -47.7595
164.483  -47.9197
164.398  -48.0593
164.389  -48.202
164.309  -48.2738
164.287  -48.4286
164.215  -48.5916
164.13  -48.7417
163.964  -48.9171
163.868  -49.1157
163.74  -49.3222
163.545  -49.5732
163.448  -49.7612
163.412  -49.8466
163.296  -49.9853
163.235  -50.0787
163.047  -50.2732
162.963  -50.3688
162.785  -50.4433
162.594  -50.5495
162.453  -50.6679
162.273  -50.8174
162.049  -50.9621
161.825  -51.1182
161.716  -51.1921
161.542  -51.3988
161.368  -51.5421
161.162  -51.7508
161.026  -51.9244
160.762  -52.1656
160.671  -52.2918
160.535  -52.4327
160.342  -52.6336
160.092  -52.8217
159.905  -52.9907
159.731  -53.1704
159.512  -53.3452
159.318  -53.598
159.216  -53.6195
159.142  -53.8122
158.985  -54.0883
158.885  -54.308
158.74  -54.5589
158.674  -54.6894
158.618  -54.9279
158.596  -55.0467
158.54  -55.2724
158.465  -55.5216
158.332  -55.7793
158.226  -56.0216
158.153  -56.1647
158.042  -56.3105
157.944  -56.4385
157.823  -56.7248
157.703  -56.9918
157.64  -57.2302
157.615  -57.474
157.62  -57.7835
157.751  -58.0681
157.92  -58.3342
158.121  -58.6051
158.267  -58.7792
158.385  -58.8581
158.65  -59.0705
158.972  -59.3046
159.186  -59.5107
159.413  -59.7316
159.691  -59.9387
159.803  -60.0055
160.327  -60.5039
160.74  -61.0526
161.129  -61.3842
161.228  -61.4567
