  143.0970    11.5689
  143.5030    11.4936
  144.1570    11.7896
  144.6190    12.0206
  145.0240    12.2112
  145.3490    12.3141
  145.6910    12.6466
  146.2210    13.0015
  146.7520    13.3632
  147.2010    14.2158
  147.4620    14.9661
  147.6840    15.6530
  147.7870    16.5234
  147.8560    17.2831
  147.8110    18.0602
  147.8200    18.6465
  147.6190    19.1724
  147.4600    19.7452
  147.2070    20.3034
  147.0190    20.8051
  146.8220    21.3306
  146.5450    21.7298
  146.0620    22.2015
  145.2920    22.7123
  144.7060    23.2501
  144.0220    23.7644
  143.5220    24.3908
  142.8860    23.7012
  142.2570    23.0091
  142.5600    22.6620
  142.7740    22.3766
  142.9970    22.1385
  143.1500    21.9278
  143.2180    21.6590
  143.2800    21.3203
  143.3210    21.0606
  143.2810    20.9619
  143.3920    20.7283
  143.4930    20.5325
  143.5750    20.3968
  143.8420    20.4178
  143.9700    20.1109
  144.0830    19.8577
  144.1370    19.7533
  144.2520    19.7253
  144.5270    19.1234
  144.5430    19.0727
  144.6010    18.7556
  144.6260    18.3591
  144.6630    18.1656
  144.7060    18.0198
  144.7730    17.8295
  144.9700    17.5346
  144.6710    17.4201
  144.7980    16.9793
  144.8410    16.4780
  144.7920    16.1227
  144.7990    15.6531
  144.4530    15.5256
  144.5300    14.9167
  144.3340    14.8845
  144.2160    14.6557
  144.0820    14.6394
  143.9760    14.0870
  143.9420    13.8108
  143.9030    13.6235
  143.8710    13.5409
  143.7710    13.2676
  143.6620    13.0577
  143.5100    12.8222
  143.4030    12.6947
  143.2390    12.4781
  143.1430    12.2650
  143.1060    12.0301
  143.0820    11.7921
  143.0970    11.5689
