131.1547 33.1977
131.1450 33.2041
131.1364 33.2096
131.1278 33.2151
131.1042 33.2269
131.0934 33.2297
131.0848 33.2315
131.0740 33.2315
131.0665 33.2306
131.0600 33.2306
131.0482 33.2316
130.98   33.24
130.908  33.245
130.825  33.26
130.73   33.29
130.64   33.35
130.502  33.472
130.5056 33.4833
130.4968 33.4942
130.4837 33.5059
130.4728 33.5159
130.4597 33.5294
130.4466 33.5412
130.4379 33.5493
130.4281 33.5593
130.4194 33.5601
130.4117 33.5701
130.4019 33.5791
130.3921 33.5882
130.3833 33.5972
130.37   33.605
130.27   33.7
130.22   33.775
130.185  33.83
130.212  33.88
130.37   33.935
130.825  34.089
131.1    34.15
131.37   34.29
131.705  34.45
132.02   34.675
132.0404 34.6881
132.0526 34.6980
132.0638 34.7088
132.0738 34.7178
132.0816 34.7250
132.0906 34.7349
132.0962 34.7431
132.11   34.75
132.29    34.956
132.575  35.145
132.965  35.27
133.12   35.30
133.66   35.39
134.025  35.44
134.0464 35.4425
134.0598 35.4449
134.0710 35.4464
134.0822 35.4489
134.0923 35.4504
134.1024 35.4529
134.1102 35.4536
134.1259 35.4559
134.1404 35.4583
134.27   35.465
134.43   35.467
134.53   35.45
134.7284 35.3983
134.7382 35.3944
134.7503 35.3913
134.7635 35.3872
134.7776 35.3813
134.7865 35.3792
134.7984 35.3743
134.8105 35.3702
134.8214 35.3653
134.8312 35.3614
134.8466 35.3581
134.8586 35.3532
134.8685 35.3510
134.8815 35.3461
134.8914 35.3421
134.9024 35.3399
134.9133 35.3368
135.2054 35.2647
135.2145 35.2613
135.2269 35.2581
135.2426 35.2532
135.2573 35.2482
135.2664 35.2439
135.2776 35.2407
135.2911 35.2384
135.2989 35.2368
135.3079 35.2353
135.3102 35.2335
135.3125 35.2309
135.3182 35.2274
135.3261 35.2240
135.3329 35.2215
135.3398 35.2181
135.3477 35.2147
135.3568 35.2095
135.37   35.202
135.455  35.13
135.51   35.105
135.5224 35.1019
135.5404 35.0952
135.5540 35.0865
135.5632 35.0795
135.5703 35.0697
135.5774 35.0572
135.5824 35.0437
135.5839 35.0365
135.5875 35.0284
135.5933 35.0214
135.6014 35.0134
135.6118 35.0037
135.6244 34.9932
135.6244 34.9931
135.6545 34.9622
135.6525 34.9567
135.6495 34.9494
135.6454 34.9411
135.6469 34.9338
135.6504 34.9276
135.6530 34.9195
135.6555 34.9114
135.6582 34.9015
135.6597 34.8924
135.6600 34.8833
135.6605 34.8715
135.6605 34.8597
135.6599 34.8597
135.6468 34.8575
135.6380 34.8563
135.6303 34.8543
135.6260 34.8523
135.6195 34.8503
135.6140 34.8493
135.6074 34.8491
135.6019 34.8480
135.5965 34.8451
135.5911 34.8413
135.5836 34.8365
135.5749 34.8345
135.5265 34.8294
135.5155 34.8272
135.4649 34.8248
135.4529 34.8217
135.4431 34.8186
135.4321 34.8165
135.4126 34.8095
135.4049 34.8075
135.3972 34.8063
135.3666 34.8017
135.3589 34.8006
135.3535 34.7977
135.3458 34.7965
135.3327 34.7934
135.3219 34.7885
135.3122 34.7845
135.2819 34.7708
135.2757 34.7624
135.2737 34.7569
135.2686 34.7486
135.2634 34.7411
135.2571 34.7346
135.2497 34.7280
135.2486 34.7288
135.2411 34.7231
135.2326 34.7183
135.2240 34.7135
135.2132 34.7086
135.2046 34.7037
135.1960 34.6998
135.1852 34.6940
135.1755 34.6900
135.1669 34.6852
135.164  34.68
135.143  34.66
135.1214 34.6508
135.1151 34.6452
135.1098 34.6404
135.1036 34.6339
135.0961 34.6300
135.0801 34.6185
135.0717 34.6118
135.0610 34.6051
135.0515 34.5966
135.0442 34.5900
135.0389 34.5852
135.0369 34.5815
135.0318 34.5750
135.0257 34.5657
135.0226 34.5601
135.0152 34.5553
134.9365 34.5012
134.9272 34.4906
134.9169 34.4818
134.9064 34.4695
134.8982 34.4597
134.8606 34.4092
134.8568 34.3993
134.8542 34.3903
134.8538 34.3812
134.8531 34.3667
134.8481 34.3551
134.8422 34.3462
134.8341 34.3364
134.8237 34.3250
134.82   34.321
134.79   34.28
134.78   34.24
134.77   34.2
134.77 34.1982
134.6400 34.1718
134.6246 34.1714
134.6115 34.1709
134.5961 34.1695
134.5807 34.1691
134.5708 34.1667
134.5608 34.1652
134.5509 34.1627
134.5376 34.1604
134.5243 34.1563
134.5154 34.1538
134.3762 34.1243
134.3651 34.1219
134.3542 34.1213
134.3464 34.1188
134.3364 34.1155
134.3265 34.1148
134.3133 34.1125
134.3001 34.1101
134.2869 34.1087
134.2692 34.1056
134.2527 34.1024
134.2329 34.1002
134.2186 34.0970
134.2041 34.0919
134.1886 34.0878
134.1754 34.0864
134.1623 34.0849
134.1469 34.0835
134.1282 34.0822
134.0866 34.0806
134.0798 34.0753
134.0731 34.0718
134.0610 34.0685
134.0477 34.0661
134.0334 34.0638
134.0191 34.0614
134.0037 34.0573
133.9904 34.0513
133.9782 34.0461
133.9660 34.0410
133.9530 34.0413
133.9400 34.0425
133.9280 34.0428
133.9149 34.0413
133.9017 34.0380
133.8886 34.0365
133.8733 34.0333
133.8580 34.0300
133.8405 34.0277
133.8196 34.0228
133.8032 34.0204
133.7878 34.0153
133.7703 34.0121
133.7604 34.0096
133.7495 34.0071
133.7352 34.0038
133.7254 34.0022
133.7133 33.9998
133.6991 33.9974
133.6915 33.9957
133.6816 33.9932
133.6652 33.9900
133.6488 33.9876
133.6357 33.9843
133.6203 33.9800
133.6072 33.9794
133.5942 33.9797
133.5790 33.9800
133.5615 33.9777
133.5440 33.9735
133.4970 33.9654
133.4850 33.9639
133.4719 33.9614
133.4631 33.9589
133.4587 33.9571
133.4511 33.9555
133.4411 33.9511
133.4215 33.9470
133.4029 33.9446
133.3843 33.9405
133.2892 33.9205
133.2696 33.9163
133.2532 33.9121
133.2346 33.9079
133.2171 33.9028
133.2017 33.8976
133.1853 33.8924
133.1667 33.8882
133.1503 33.8849
133.1373 33.8851
133.1210 33.8836
133.1036 33.8839
133.0213 33.8471
133.0038 33.8429
132.9917 33.8395
132.9839 33.8332
132.9772 33.8242
132.9693 33.8171
132.9594 33.8127
132.9462 33.8093
132.9352 33.8059
132.9298 33.8051
132.9189 33.8053
132.9091 33.8054
132.8949 33.8057
132.7897 33.7838
132.7765 33.7794
132.7655 33.7741
132.7545 33.7670
132.7434 33.7590
132.7279 33.7483
132.7146 33.7395
132.7036 33.7314
132.6914 33.7244
132.6782 33.7155
132.6671 33.7065
132.6539 33.6994
132.629  33.69
132.288  33.49
131.93   33.34
131.755  33.3
131.55   33.30
131.30   33.187
131.245  33.15
131.1547 33.1977
