134.77   34.2
134.78   34.24
134.79   34.28
134.82   34.321
134.8237 34.3250
134.8341 34.3364
134.8422 34.3462
134.8481 34.3551
134.8531 34.3667
134.8538 34.3812
134.8542 34.3903
134.8568 34.3993
134.8606 34.4092
134.8982 34.4597
134.9064 34.4695
134.9169 34.4818
134.9272 34.4906
134.9365 34.5012
135.0152 34.5553
135.0226 34.5601
135.0257 34.5657
135.0318 34.5750
135.0369 34.5815
135.0389 34.5852
135.0442 34.5900
135.0515 34.5966
135.0610 34.6051
135.0717 34.6118
135.0801 34.6185
135.0961 34.6300
135.1036 34.6339
135.1098 34.6404
135.1151 34.6452
135.1214 34.6508
135.143  34.66
135.164  34.68
135.1669 34.6852
135.1755 34.6900
135.1852 34.6940
135.1960 34.6998
135.2046 34.7037
135.2132 34.7086
135.2240 34.7135
135.2326 34.7183
135.2411 34.7231
135.2486 34.7288
135.2497 34.7280
135.2571 34.7346
135.2634 34.7411
135.2686 34.7486
135.2737 34.7569
135.2757 34.7624
135.2819 34.7708
135.3122 34.7845
135.3219 34.7885
135.3327 34.7934
135.3458 34.7965
135.3535 34.7977
135.3589 34.8006
135.3666 34.8017
135.3972 34.8063
135.4049 34.8075
135.4126 34.8095
135.4321 34.8165
135.4431 34.8186
135.4529 34.8217
135.4649 34.8248
135.5155 34.8272
135.5265 34.8294
135.5749 34.8345
135.5836 34.8365
135.5911 34.8413
135.5965 34.8451
135.6019 34.8480
135.6074 34.8491
135.6140 34.8493
135.6195 34.8503
135.6260 34.8523
135.6303 34.8543
135.6380 34.8563
135.6468 34.8575
135.6599 34.8597
135.6605 34.8597
135.6830 34.8631
135.6918 34.8642
135.7006 34.8645
135.709  34.8647
135.727  34.874
135.747  34.878
135.758  34.9
135.768  34.922
135.7677 34.9246
135.7674 34.9337
135.7713 34.9447
135.7732 34.9538
135.7739 34.9638
135.7746 34.9730
135.7775 34.9839
135.7874 35.0124
135.7937 35.0225
135.7956 35.0299
135.7975 35.0363
135.7995 35.0427
135.8026 35.0482
135.8078 35.0566
135.8109 35.0639
135.8139 35.0703
135.8190 35.0814
135.8210 35.0887
135.8228 35.0978
135.8269 35.1070
135.8299 35.1144
135.8352 35.1209
135.8404 35.1301
135.8455 35.1412
135.8484 35.1521
135.8524 35.1650
135.8542 35.1759
135.8548 35.1877
135.8577 35.1987
135.8597 35.2052
135.8583 35.2115
135.8593 35.2151
135.8601 35.2224
135.8632 35.2298
135.8673 35.2381
135.8703 35.2472
135.8700 35.2536
135.8731 35.2609
135.8794 35.2693
135.8824 35.2775
135.8833 35.2848
135.8851 35.2940
135.8882 35.3013
135.8901 35.3086
135.8943 35.3160
135.8985 35.3225
135.9048 35.3317
135.9101 35.3391
135.9163 35.3520
135.9896 35.4847
135.9971 35.4930
136.0045 35.5032
136.0109 35.5107
136.0205 35.5209
136.0558 35.5881
136.0621 35.5982
136.0674 35.6065
136.0770 35.6177
136.0855 35.6279
136.0952 35.6363
136.1038 35.6447
136.1102 35.6521
136.1166 35.6605
136.1220 35.6660
136.13   35.664
136.15   35.67
136.1663 35.6399
136.1713 35.6255
136.1762 35.6111
136.1824 35.5940
136.1918 35.5770
136.1969 35.5608
136.2029 35.5473
136.2077 35.5347
136.2138 35.5222
136.2231 35.5070
136.2326 35.4918
136.2430 35.4784
136.2547 35.4623
136.2674 35.4472
136.2766 35.4356
136.3452 35.4082
136.3576 35.4040
136.3710 35.3988
136.3835 35.3918
136.3914 35.3875
136.4004 35.3841
136.4081 35.3851
136.4203 35.3836
136.4282 35.3802
136.4383 35.3758
136.4496 35.3707
136.4608 35.3682
136.4753 35.3640
136.4842 35.3623
136.4909 35.3616
136.4987 35.3581
136.5089 35.3529
136.5301 35.3119
136.5346 35.3029
136.5392 35.2957
136.5448 35.2839
136.5505 35.2740
136.5562 35.2640
136.5641 35.2532
136.5708 35.2451
136.5764 35.2360
136.5854 35.2289
136.5966 35.2217
136.6044 35.2136
136.6145 35.2046
136.6201 35.1956
136.6247 35.1856
136.6270 35.1756
136.6293 35.1647
136.6327 35.1584
136.6350 35.1512
136.6396 35.1412
136.6441 35.1322
136.6475 35.1240
136.65   35.12
136.641  35.08
136.629  35.058
136.615  35.037
136.607  35.023
136.6025 35.0047
136.6005 34.9919
136.5995 34.9810
136.5964 34.9701
136.5965 34.9619
136.5955 34.9528
136.5945 34.9419
136.5935 34.9365
136.5925 34.9265
136.5927 34.9138
136.5928 34.9065
136.59   34.903
136.585  34.87
136.55   34.82
136.492  34.7
136.47   34.66
136.463  34.609
136.4659 34.6030
136.4716 34.5903
136.4739 34.5831
136.4741 34.5685
136.4764 34.5622
136.4798 34.5531
136.4832 34.5459
136.4833 34.5368
136.477  34.53
136.47   34.46
136.4703 34.4523
136.0121 34.4234
135.9937 34.4193
135.9839 34.4181
135.9675 34.4168
135.9555 34.4146
135.9434 34.4134
135.9293 34.4112
135.9184 34.4099
135.9064 34.4078
135.8911 34.4055
135.8748 34.4023
135.8628 34.3993
135.8519 34.3980
135.8421 34.3969
135.8333 34.3966
135.8212 34.3963
135.8092 34.3950
135.7972 34.3937
135.7863 34.3916
135.7776 34.3895
135.7646 34.3864
135.7538 34.3816
135.7440 34.3795
135.7332 34.3764
135.7223 34.3743
135.7126 34.3704
135.6996 34.3663
135.6920 34.3643
135.6834 34.3613
135.6737 34.3574
135.6608 34.3515
135.6511 34.3476
135.6414 34.3446
135.6317 34.3407
135.6219 34.3376
135.5039 34.3058
135.4931 34.3027
135.4801 34.2987
135.4681 34.2965
135.4573 34.2934
135.4443 34.2912
135.4345 34.2899
135.4225 34.2877
135.3980 34.2969
135.3773 34.2926
135.3632 34.2912
135.3469 34.2880
135.3350 34.2848
135.3230 34.2826
135.3089 34.2794
135.2960 34.2763
135.2819 34.2731
135.2667 34.2698
135.2536 34.2685
135.2362 34.2652
135.2232 34.2629
135.2124 34.2607
135.1993 34.2594
135.1862 34.2580
135.1764 34.2558
135.1656 34.2546
135.1557 34.2533
135.1481 34.2539
135.1403 34.2555
135.1326 34.2561
135.1228 34.2558
135.1075 34.2552
135.0932 34.2557
135.0790 34.2542
135.0883 34.2488
135.0817 34.2476
135.0709 34.2453
135.0611 34.2440
135.0504 34.2409
135.0396 34.2377
134.9032 34.2160
134.8901 34.2164
134.8791 34.2149
134.8669 34.2126
134.8195 34.2142
134.8061 34.2092
134.7928 34.2051
134.7804 34.1982
134.77   34.1982
134.77   34.2
