136.4703 34.4523
136.47   34.46
136.477  34.53
136.4833 34.5368
136.4832 34.5459
136.4798 34.5531
136.4764 34.5622
136.4741 34.5685
136.4739 34.5831
136.4716 34.5903
136.4659 34.6030
136.463  34.609
136.47   34.66
136.492  34.7
136.55   34.82
136.585  34.87
136.59   34.903
136.5928 34.9065
136.5927 34.9138
136.5925 34.9265
136.5935 34.9365
136.5945 34.9419
136.5955 34.9528
136.5965 34.9619
136.5964 34.9701
136.5995 34.9810
136.6005 34.9919
136.6025 35.0047
136.607  35.023
136.615  35.037
136.629  35.058
136.641  35.08
136.65   35.12
136.6475 35.1240
136.6441 35.1322
136.6396 35.1412
136.6350 35.1512
136.6327 35.1584
136.6293 35.1647
136.6270 35.1756
136.6247 35.1856
136.6201 35.1956
136.6145 35.2046
136.6044 35.2136
136.5966 35.2217
136.5854 35.2289
136.5764 35.2360
136.5708 35.2451
136.5641 35.2532
136.5562 35.2640
136.5505 35.2740
136.5448 35.2839
136.5392 35.2957
136.5346 35.3029
136.5301 35.3119
136.5089 35.3529
136.4987 35.3581
136.4909 35.3616
136.4842 35.3623
136.4753 35.3640
136.4608 35.3682
136.4496 35.3707
136.4383 35.3758
136.4282 35.3802
136.4203 35.3836
136.4081 35.3851
136.4004 35.3841
136.3914 35.3875
136.3835 35.3918
136.3710 35.3988
136.3576 35.4040
136.3452 35.4082
136.2766 35.4356
136.2674 35.4472
136.2547 35.4623
136.2430 35.4784
136.2326 35.4918
136.2231 35.5070
136.2138 35.5222
136.2077 35.5347
136.2029 35.5473
136.1969 35.5608
136.1918 35.5770
136.1824 35.5940
136.1762 35.6111
136.1713 35.6255
136.1663 35.6399
136.15   35.67
136.169  35.687
136.245  35.718
136.27   35.738
136.2776 35.7380
136.2830 35.7436
136.2906 35.7492
136.2992 35.7576
136.3067 35.7651
136.3154 35.7734
136.3240 35.7818
136.3327 35.7884
136.3414 35.7959
136.3512 35.8043
136.3577 35.8090
136.3642 35.8155
136.443  35.892
136.477  35.913
136.548  35.96
136.577  35.975
136.5901 35.9769
136.6023 35.9799
136.6145 35.9838
136.6255 35.9876
136.6355 35.9915
136.6443 35.9962
136.6552 36.0028
136.6661 36.0130
136.6748 36.0214
136.6868 36.0298
136.6944 36.0373
136.7020 36.0447
136.7129 36.0549
136.9048 36.1933
136.9051 36.1815
136.9100 36.1661
136.9126 36.1525
136.9140 36.1407
136.9166 36.1281
136.9237 36.1155
136.9341 36.1039
136.9421 36.0958
136.9535 36.0870
136.9672 36.0772
136.9572 36.0743
136.9642 36.0626
136.9690 36.0518
136.9783 36.0393
136.9842 36.0276
136.9935 36.0141
136.9993 36.0060
137.0040 35.9979
137.0099 35.9844
137.0215 35.9673
137.0297 35.9547
137.0389 35.9422
137.0470 35.9341
137.0560 35.9288
137.1316 35.8529
137.1462 35.8504
137.1597 35.8451
137.1732 35.8426
137.1811 35.8391
137.1879 35.8356
137.2593 35.7912
137.2763 35.7814
137.2888 35.7743
137.3012 35.7663
137.3092 35.7601
137.3171 35.7547
137.3262 35.7476
137.3341 35.7404
137.3421 35.7324
137.3479 35.7252
137.3558 35.7189
137.3660 35.7109
137.3785 35.7020
137.3853 35.6957
137.3966 35.6877
137.4125 35.6752
137.4239 35.6653
137.4397 35.6537
137.4534 35.6412
137.4669 35.6305
137.4513 35.6321
137.4705 35.6196
137.4830 35.6098
137.4977 35.5991
137.5124 35.5865
137.5260 35.5740
137.5362 35.5659
137.5453 35.5551
137.5533 35.5462
137.5590 35.5390
137.5624 35.5336
137.5681 35.5273
137.5726 35.5228
137.5805 35.5174
137.5862 35.5093
137.585  35.507
137.622  35.477
137.71   35.428
137.7180 35.4155
137.7248 35.4101
137.7338 35.4029
137.7473 35.3922
137.7586 35.3841
137.7721 35.3734
137.785  35.36
137.9    35.25
137.9037 35.2317
137.8940 35.2143
137.8887 35.2034
137.8812 35.1897
137.8748 35.1778
137.8651 35.1640
137.8565 35.1503
137.8489 35.1384
137.8414 35.1275
137.8327 35.1165
137.8252 35.1055
137.8144 35.0908
137.816  35.08
137.545  34.88
137.345  34.765
137.17   34.665
136.94   34.54
136.7923 34.4676
136.7770 34.4675
136.7584 34.4665
136.7441 34.4664
136.5984 34.4598
136.5853 34.4606
136.5710 34.4596
136.5557 34.4585
136.5447 34.4584
136.5305 34.4574
136.5130 34.4563
136.4998 34.4544
136.4845 34.4542
136.4703 34.4523
