137.9037 35.2317
137.9    35.25
137.785  35.36
137.7721 35.3734
137.7586 35.3841
137.7473 35.3922
137.7338 35.4029
137.7248 35.4101
137.7180 35.4155
137.71   35.428
137.622  35.477
137.585  35.507
137.5862 35.5093
137.5805 35.5174
137.5726 35.5228
137.5681 35.5273
137.5624 35.5336
137.5590 35.5390
137.5533 35.5462
137.5453 35.5551
137.5362 35.5659
137.5260 35.5740
137.5124 35.5865
137.4977 35.5991
137.4830 35.6098
137.4705 35.6196
137.4513 35.6321
137.4669 35.6305
137.4534 35.6412
137.4397 35.6537
137.4239 35.6653
137.4125 35.6752
137.3966 35.6877
137.3853 35.6957
137.3785 35.7020
137.3660 35.7109
137.3558 35.7189
137.3479 35.7252
137.3421 35.7324
137.3341 35.7404
137.3262 35.7476
137.3171 35.7547
137.3092 35.7601
137.3012 35.7663
137.2888 35.7743
137.2763 35.7814
137.2593 35.7912
137.1879 35.8356
137.1811 35.8391
137.1732 35.8426
137.1597 35.8451
137.1462 35.8504
137.1316 35.8529
137.0560 35.9288
137.0470 35.9341
137.0389 35.9422
137.0297 35.9547
137.0215 35.9673
137.0099 35.9844
137.0040 35.9979
136.9993 36.0060
136.9935 36.0141
136.9842 36.0276
136.9783 36.0393
136.9690 36.0518
136.9642 36.0626
136.9572 36.0743
136.9672 36.0772
136.9535 36.0870
136.9421 36.0958
136.9341 36.1039
136.9237 36.1155
136.9166 36.1281
136.9140 36.1407
136.9126 36.1525
136.9100 36.1661
136.9051 36.1815
136.9048 36.1933
136.9801 36.2526
136.9946 36.2574
137.0079 36.2631
137.0257 36.2697
137.0424 36.2772
137.0591 36.2838
137.0769 36.2913
137.0947 36.2998
137.1136 36.3055
137.1337 36.3148
137.1504 36.3214
137.1693 36.3299
137.1849 36.3364
137.1994 36.3412
137.2117 36.3450
137.2206 36.3469
137.2393 36.3662
137.2527 36.3728
137.2727 36.3839
137.2883 36.3923
137.3028 36.3988
137.3172 36.4054
137.3318 36.4119
137.3474 36.4167
137.3619 36.4223
137.3753 36.4279
137.3842 36.4326
137.3953 36.4400
137.4098 36.4510
137.4197 36.4584
137.4275 36.4640
137.4364 36.4704
137.4498 36.4769
137.4632 36.4844
137.4901 36.4883
137.5013 36.4911
137.5126 36.4940
137.5238 36.4959
137.5327 36.5015
137.5383 36.5052
137.5449 36.5089
137.55   36.509
137.675  36.526
137.84   36.525
137.857  36.525
137.8603 36.5164
137.8661 36.5065
137.8685 36.4965
137.8698 36.4847
137.8700 36.4738
137.8712 36.4620
137.8737 36.4502
137.8772 36.4384
137.8819 36.4248
137.8866 36.4148
137.8901 36.4040
137.8925 36.3940
137.8938 36.3822
137.8962 36.3704
137.9008 36.3595
137.9066 36.3468
137.9124 36.3323
137.9228 36.3161
137.9251 36.3079
137.9287 36.2970
137.9344 36.2834
137.9380 36.2698
137.9427 36.2535
137.9463 36.2381
137.9947 36.1705
138.0005 36.1642
138.0061 36.1588
138.0175 36.1498
138.026  36.066
138.078  35.804
138.058  35.65
138.036  35.555
138.0337 35.5390
138.0285 35.5208
138.0243 35.5053
138.0136 35.4798
138.0062 35.4606
137.9966 35.4396
137.9880 35.4223
137.9783 35.4050
137.9697 35.3876
137.9633 35.3730
137.9558 35.3575
137.9483 35.3438
137.9430 35.3292
137.9334 35.3073
137.9249 35.2873
137.9175 35.2663
137.9101 35.2472
137.9037 35.2317
