138.6420 35.1061
138.6420 35.0996
138.6430 35.0921
138.6430 35.0844
138.6430 35.0785
138.6440 35.0724
138.6440 35.0667
138.6450 35.0611
138.6450 35.0547
138.6460 35.0470
138.6460 35.0418
138.6470 35.0332
138.6470 35.0266
138.6480 35.0182
138.6480 35.0126
138.6470 35.0064
138.6470 35.0014
138.6480 34.9964
138.6480 34.9912
138.6480 34.9831
138.6470 34.9751
138.6470 34.9660
138.6460 34.9581
138.6460 34.9506
138.6430 34.9415
138.6410 34.9336
138.6390 34.9243
138.6410 34.9160
138.6400 34.9078
138.6390 34.9016
138.6390 34.8953
138.6380 34.8883
138.6390 34.8799
138.6380 34.8720
138.6340 34.8638
138.6310 34.8572
138.6280 34.8511
138.6250 34.8447
138.6230 34.8384
138.6220 34.8334
138.6220 34.8280
138.6220 34.8225
138.6210 34.8163
138.6220 34.8094
138.6230 34.8026
138.6230 34.7951
138.6220 34.7905
138.6210 34.7806
138.6180 34.7736
138.6150 34.7683
138.6110 34.7622
138.6060 34.7536
138.6030 34.7468
138.5980 34.7390
138.5940 34.7318
138.5910 34.7242
138.5890 34.7159
138.5880 34.7068
138.5880 34.6979
138.5880 34.6900
138.5870 34.6805
138.5870 34.6730
138.5870 34.6633
138.5880 34.6558
138.5870 34.6449
138.5870 34.6340
138.5860 34.6257
138.5870 34.6144
138.5860 34.6037
138.5850 34.5942
138.5810 34.5864
138.5790 34.5758
138.5780 34.5647
138.5760 34.5527
138.5750 34.5411
138.5740 34.5284
138.5730 34.5133
138.5700 34.4971
138.5710 34.4799
138.5660 34.4636
138.5650 34.4513
138.5620 34.4389
138.5570 34.4255
138.5520 34.4119
138.5460 34.4049
138.5390 34.3935
138.5300 34.3837
138.5210 34.3780
138.5120 34.3668
138.5030 34.3575
138.4970 34.3464
138.4890 34.3339
138.4850 34.3221
138.4830 34.3126
138.4830 34.3013
138.4830 34.2913
138.4850 34.2811
138.4880 34.2716
138.4900 34.2630
138.4900 34.2535
138.4930 34.2424
138.4940 34.2293
138.4940 34.2168
138.4940 34.2059
138.4940 34.1923
138.4950 34.1836
138.4950 34.1724
138.4940 34.1605
138.4930 34.1452
138.4900 34.1285
138.4890 34.1133
138.4860 34.0949
138.4830 34.0818
138.4780 34.0682
138.4750 34.0559
138.4680 34.0405
138.4600 34.0262
138.4530 34.0160
138.4480 34.0081
138.4430 34.0019
138.4380 33.9943
138.4320 33.9881
138.4260 33.9818
138.4200 33.9757
138.4130 33.9686
138.4040 33.9595
138.3930 33.9503
138.3840 33.9415
138.3750 33.9339
138.3680 33.9274
138.3600 33.9207
138.3530 33.9152
138.3440 33.9075
138.3370 33.9025
138.3280 33.8956
138.3190 33.8888
138.3100 33.8831
138.3010 33.8769
138.2930 33.8714
138.2850 33.8666
138.2790 33.8613
138.2700 33.8561
138.2620 33.8492
138.2520 33.8426
138.2440 33.8360
138.2350 33.8300
138.2280 33.8250
138.2180 33.8197
138.2090 33.8140
138.1990 33.8078
138.1900 33.8036
138.1800 33.7984
138.1710 33.7947
138.1610 33.7883
138.1530 33.7832
138.1420 33.7759
138.1320 33.7681
138.1220 33.7605
138.1140 33.7535
138.1080 33.7457
138.1000 33.7354
138.0900 33.7243
138.0820 33.7140
138.0740 33.7062
138.0650 33.6947
138.0580 33.6874
138.0520 33.6810
138.0440 33.6729
138.0380 33.6668
138.0320 33.6611
138.0260 33.6551
138.0160 33.6478
138.0100 33.6437
138.0040 33.6386
138.0010 33.6359
137.9960 33.6320
137.9860 33.6258
137.9780 33.6200
137.9660 33.6104
137.9580 33.6063
137.9460 33.5993
137.9360 33.5929
137.9260 33.5858
137.9170 33.5789
137.9060 33.5704
137.8990 33.5649
137.8870 33.5587
137.8750 33.5513
137.8630 33.5441
137.8490 33.5315
137.8410 33.5206
137.8360 33.5116
137.8310 33.5025
137.8270 33.4934
137.8230 33.4843
137.8200 33.4780
137.8150 33.4693
137.8120 33.4600
137.8090 33.4518
137.8020 33.4429
137.7950 33.4345
137.7880 33.4278
137.7800 33.4205
137.7710 33.4136
137.7560 33.4057
137.7440 33.4017
137.7340 33.4004
137.7220 33.3975
137.7090 33.3942
137.7000 33.3914
137.6870 33.3906
137.6730 33.3895
137.6630 33.3877
137.6520 33.3851
137.6360 33.3813
137.6210 33.3749
137.6120 33.3696
137.6030 33.3641
137.5950 33.3581
137.5830 33.3486
137.5740 33.3390
137.5680 33.3296
137.5610 33.3202
137.5520 33.3110
137.5430 33.3039
137.5290 33.2994
137.5190 33.2977
137.5050 33.2948
137.4910 33.2928
137.4760 33.2896
137.4630 33.2866
137.4470 33.2819
137.4320 33.2748
137.4200 33.2690
137.4110 33.2650
137.3990 33.2580
137.3870 33.2491
137.3720 33.2411
137.3550 33.2347
137.3410 33.2339
137.3270 33.2356
137.3100 33.2317
137.2920 33.2253
137.2800 33.2174
137.2680 33.2109
137.2550 33.2071
137.2410 33.2037
137.2300 33.2005
137.2170 33.1992
137.2070 33.1969
137.1990 33.1954
137.1930 33.1935
137.1870 33.1887
137.1810 33.1829
137.1750 33.1765
137.1690 33.1685
137.1620 33.1625
137.1560 33.1549
137.1510 33.1480
137.1460 33.1378
137.1390 33.1300
137.1300 33.1159
137.1250 33.1059
137.1180 33.0981
137.1130 33.0906
137.1040 33.0811
137.0950 33.0744
137.0850 33.0672
137.0740 33.0627
137.0600 33.0572
137.0500 33.0546
137.0410 33.0535
137.0310 33.0520
137.0200 33.0515
137.0100 33.0488
137.0040 33.0474
137.0000 33.0466
136.9840 33.0417
136.9710 33.0370
136.9600 33.0309
136.9490 33.0257
136.9390 33.0221
136.9250 33.0173
136.9100 33.0138
136.8990 33.0100
136.8880 33.0077
136.8750 33.0047
136.8640 33.0013
136.8580 33.0006
136.8450 32.9935
136.8320 32.9863
136.8200 32.9788
136.8080 32.9724
136.7960 32.9652
136.7880 32.9600
136.7790 32.9542
136.7690 32.9483
136.7570 32.9413
136.7440 32.9342
136.7320 32.9277
136.7190 32.9212
136.7050 32.9149
136.6900 32.9080
136.6760 32.9018
136.6580 32.8937
136.6410 32.8874
136.6210 32.8789
136.6010 32.8706
136.5850 32.8645
136.5700 32.8590
136.5550 32.8514
136.5260 32.8423
136.5030 32.8335
136.4830 32.8251
136.4620 32.8178
136.4390 32.8104
136.4140 32.8042
136.3980 32.8031
136.3820 32.8057
136.3660 32.8078
136.3450 32.8081
136.3290 32.8071
136.3110 32.8058
136.2870 32.8008
136.2630 32.7953
136.2460 32.7921
136.2350 32.7898
136.2270 32.7866
136.2170 32.7814
136.2110 32.7734
136.2020 32.7628
136.1930 32.7557
136.1810 32.7484
136.1640 32.7434
136.1490 32.7415
136.1380 32.7418
136.1230 32.7419
136.1050 32.7417
136.0920 32.7397
136.0750 32.7356
136.0640 32.7324
136.0530 32.7300
136.0430 32.7252
136.0340 32.7214
136.0230 32.7165
136.0130 32.7138
136.0050 32.7114
135.9950 32.7084
135.9810 32.7050
135.9660 32.7009
135.9530 32.6972
135.9400 32.6925
135.9270 32.6892
135.9110 32.6860
135.9010 32.6841
135.8900 32.6836
135.8790 32.6861
135.8660 32.6880
135.8520 32.6907
135.8400 32.6935
135.8270 32.6940
135.8160 32.6937
135.8020 32.6917
135.7890 32.6891
135.7730 32.6833
135.7610 32.6798
135.7510 32.6752
135.7390 32.6705
135.7260 32.6659
135.7140 32.6602
135.7020 32.6567
135.6860 32.6535
135.6690 32.6523
135.6470 32.6502
135.6250 32.6488
135.5990 32.6470
135.5780 32.6462
135.5570 32.6450
135.5390 32.6455
135.5090 32.6466
135.4840 32.6466
135.4640 32.6475
135.4470 32.6486
135.4310 32.6471
135.4170 32.6443
135.4100 32.6423
135.4060 32.6394
135.3980 32.6347
135.3890 32.6300
135.3810 32.6256
135.3690 32.6225
135.3570 32.6215
135.3450 32.6244
135.3370 32.6282
135.3240 32.6327
135.3140 32.6369
135.3010 32.6396
135.2930 32.6402
135.2820 32.6383
135.2750 32.6358
135.2670 32.6323
135.2570 32.6276
135.2490 32.6246
135.2360 32.6221
135.2220 32.6217
135.2110 32.6226
135.1990 32.6240
135.1860 32.6271
135.1820 32.6279
135.1710 32.6290
135.1590 32.6289
135.1500 32.6254
135.1440 32.6190
135.1390 32.6138
135.1330 32.6064
135.1270 32.5969
135.1200 32.5908
135.1140 32.5827
135.1090 32.5796
135.1060 32.5774
135.0970 32.5739
135.0900 32.5709
135.0790 32.5681
135.0690 32.5631
135.0540 32.5594
135.0420 32.5569
135.0330 32.5552
135.0220 32.5532
135.0110 32.5506
135.0030 32.5473
134.9990 32.5434
134.9900 32.5403
134.9830 32.5343
134.9780 32.5276
134.9740 32.5213
134.9720 32.5152
134.9700 32.5085
134.9690 32.4990
134.9700 32.4921
134.9720 32.4869
134.9750 32.4805
134.9800 32.4721
134.9830 32.4634
134.9850 32.4565
134.9850 32.4470
134.9800 32.4380
134.9760 32.4306
134.9720 32.4236
134.9670 32.4165
134.9600 32.4094
134.9550 32.4029
134.9480 32.3947
134.9390 32.3871
134.9330 32.3814
134.9240 32.3754
134.9140 32.3692
134.9050 32.3634
134.8910 32.3556
134.8780 32.3444
134.8660 32.3366
134.8530 32.3274
134.8410 32.3181
134.8280 32.3075
134.8180 32.2986
134.8050 32.2909
134.7850 32.2831
134.7690 32.2788
134.7560 32.2762
134.7430 32.2730
134.7260 32.2696
134.7030 32.2664
134.6900 32.2640
134.6810 32.2596
134.6770 32.2561
134.6690 32.2505
134.6600 32.2433
134.6500 32.2378
134.6400 32.2319
134.6330 32.2239
134.6280 32.2171
134.6220 32.2113
134.6170 32.2061
134.6110 32.2017
134.6030 32.2005
134.5920 32.1989
134.5790 32.1970
134.5720 32.1956
134.5600 32.1912
134.5460 32.1879
134.5390 32.1856
134.5280 32.1810
134.5150 32.1782
134.5020 32.1713
134.4930 32.1664
134.4820 32.1630
134.4670 32.1608
134.4520 32.1585
134.4390 32.1564
134.4280 32.1523
134.4170 32.1473
134.4050 32.1411
134.3900 32.1307
134.3820 32.1210
134.3720 32.1141
134.3620 32.1060
134.3520 32.1001
134.3450 32.0962
134.3370 32.0933
134.3280 32.0933
134.3200 32.0928
134.3090 32.0889
134.2990 32.0828
134.2870 32.0743
134.2770 32.0662
134.2690 32.0573
134.2640 32.0514
134.2590 32.0415
134.2560 32.0341
134.2530 32.0281
134.2460 32.0194
134.2400 32.0124
134.2340 32.0078
134.2310 32.0025
134.2260 31.9946
134.2200 31.9896
134.2130 31.9843
134.2060 31.9780
134.1980 31.9709
134.1890 31.9652
134.1770 31.9597
134.1670 31.9549
134.1590 31.9512
134.1480 31.9457
134.1380 31.9407
134.1270 31.9359
134.1180 31.9326
134.1050 31.9281
134.0960 31.9234
134.0820 31.9176
134.0720 31.9123
134.0600 31.9068
134.0460 31.8988
134.0360 31.8943
134.0260 31.8877
134.0170 31.8837
134.0050 31.8794
133.9900 31.8688
133.9810 31.8644
133.9640 31.8588
133.9470 31.8524
133.9320 31.8466
133.9160 31.8397
133.9020 31.8334
133.8900 31.8264
133.8780 31.8195
133.8630 31.8096
133.8460 31.7990
133.8300 31.7894
133.8190 31.7831
133.8030 31.7758
133.7870 31.7681
133.7700 31.7598
133.7520 31.7510
133.7330 31.7401
133.7130 31.7304
133.6970 31.7214
133.6810 31.7125
133.6690 31.7041
133.6560 31.6981
133.6440 31.6913
133.6320 31.6889
133.6180 31.6870
133.6100 31.6817
133.6010 31.6757
133.5880 31.6650
133.5780 31.6568
133.5740 31.6505
133.5680 31.6413
133.5610 31.6360
133.5520 31.6323
133.5420 31.6312
133.5290 31.6318
133.5190 31.6310
133.5130 31.6288
133.5060 31.6250
133.4980 31.6185
133.4930 31.6107
133.4930 31.6051
133.4840 31.5996
133.4730 31.5931
133.4600 31.5864
133.4460 31.5812
133.4340 31.5757
133.4240 31.5699
133.4140 31.5630
133.4020 31.5575
133.3870 31.5535
133.3750 31.5496
133.3620 31.5434
133.3520 31.5369
133.3400 31.5287
133.3300 31.5226
133.3200 31.5151
133.3130 31.5095
133.3090 31.5016
133.3030 31.4920
133.3000 31.4823
133.2960 31.4707
133.2940 31.4583
133.2910 31.4464
133.2880 31.4323
133.2840 31.4174
133.2810 31.4053
133.2750 31.3956
133.2700 31.3869
133.2700 31.3797
133.2720 31.3713
133.2740 31.3617
133.2700 31.3496
133.2660 31.3367
133.2630 31.3255
133.2640 31.3154
133.2630 31.3042
133.2560 31.2886
133.2530 31.2786
133.2490 31.2711
133.2400 31.2607
133.2310 31.2492
133.2190 31.2338
133.2100 31.2197
133.1990 31.2044
133.1900 31.1901
133.1740 31.1774
133.1610 31.1734
133.1470 31.1683
133.1340 31.1624
133.1240 31.1548
133.1090 31.1495
133.1000 31.1455
133.0910 31.1371
133.0780 31.1280
133.0650 31.1196
133.0490 31.1131
133.0360 31.1037
133.0290 31.0932
133.0230 31.0799
133.0140 31.0687
133.0020 31.0616
132.9880 31.0556
132.9740 31.0464
132.9610 31.0420
132.9460 31.0398
132.9290 31.0412
132.9100 31.0386
132.8990 31.0362
132.8880 31.0322
132.8710 31.0266
132.8580 31.0199
132.8490 31.0139
132.8240 30.7544
132.5810 30.9906
132.2690 31.2571
132.0300 31.4844
131.7170 31.7606
131.2840 31.8771
130.8350 31.9821
130.1850 32.0194
129.7680 32.0417
129.92   32.425
130.08   32.53
130.465  32.69
130.78   32.77
130.7977 32.7736
130.8095 32.7790
130.8181 32.7827
130.8278 32.7872
130.9373 32.8353
130.9470 32.8444
130.9588 32.8526
130.9706 32.8607
131.17   33.09
131.245  33.15
131.30   33.187
131.55   33.30
131.755  33.3
131.93   33.34
132.288  33.49
132.629  33.69
132.6539 33.6994
132.6671 33.7065
132.6782 33.7155
132.6914 33.7244
132.7036 33.7314
132.7146 33.7395
132.7279 33.7483
132.7434 33.7590
132.7545 33.7670
132.7655 33.7741
132.7765 33.7794
132.7897 33.7838
132.8949 33.8057
132.9091 33.8054
132.9189 33.8053
132.9298 33.8051
132.9352 33.8059
132.9462 33.8093
132.9594 33.8127
132.9693 33.8171
132.9772 33.8242
132.9839 33.8332
132.9917 33.8395
133.0038 33.8429
133.0213 33.8471
133.1036 33.8839
133.1210 33.8836
133.1373 33.8851
133.1503 33.8849
133.1667 33.8882
133.1853 33.8924
133.2017 33.8976
133.2171 33.9028
133.2346 33.9079
133.2532 33.9121
133.2696 33.9163
133.2892 33.9205
133.3843 33.9405
133.4029 33.9446
133.4215 33.9470
133.4411 33.9511
133.4511 33.9555
133.4587 33.9571
133.4631 33.9589
133.4719 33.9614
133.4850 33.9639
133.4970 33.9654
133.5440 33.9735
133.5615 33.9777
133.5790 33.9800
133.5942 33.9797
133.6072 33.9794
133.6203 33.9800
133.6357 33.9843
133.6488 33.9876
133.6652 33.9900
133.6816 33.9932
133.6915 33.9957
133.6991 33.9974
133.7133 33.9998
133.7254 34.0022
133.7352 34.0038
133.7495 34.0071
133.7604 34.0096
133.7703 34.0121
133.7878 34.0153
133.8032 34.0204
133.8196 34.0228
133.8405 34.0277
133.8580 34.0300
133.8733 34.0333
133.8886 34.0365
133.9017 34.0380
133.9149 34.0413
133.9280 34.0428
133.9400 34.0425
133.9530 34.0413
133.9660 34.0410
133.9782 34.0461
133.9904 34.0513
134.0037 34.0573
134.0191 34.0614
134.0334 34.0638
134.0477 34.0661
134.0610 34.0685
134.0731 34.0718
134.0798 34.0753
134.0866 34.0806
134.1282 34.0822
134.1469 34.0835
134.1623 34.0849
134.1754 34.0864
134.1886 34.0878
134.2041 34.0919
134.2186 34.0970
134.2329 34.1002
134.2527 34.1024
134.2692 34.1056
134.2869 34.1087
134.3001 34.1101
134.3133 34.1125
134.3265 34.1148
134.3364 34.1155
134.3464 34.1188
134.3542 34.1213
134.3651 34.1219
134.3762 34.1243
134.5154 34.1538
134.5243 34.1563
134.5376 34.1604
134.5509 34.1627
134.5608 34.1652
134.5708 34.1667
134.5807 34.1691
134.5961 34.1695
134.6115 34.1709
134.6246 34.1714
134.6400 34.1718
134.77   34.1982
134.7804 34.1982
134.7928 34.2051
134.8061 34.2092
134.8195 34.2142
134.8669 34.2126
134.8791 34.2149
134.8901 34.2164
134.9032 34.2160
135.0396 34.2377
135.0504 34.2409
135.0611 34.2440
135.0709 34.2453
135.0817 34.2476
135.0883 34.2488
135.0790 34.2542
135.0932 34.2557
135.1075 34.2552
135.1228 34.2558
135.1326 34.2561
135.1403 34.2555
135.1481 34.2539
135.1557 34.2533
135.1656 34.2546
135.1764 34.2558
135.1862 34.2580
135.1993 34.2594
135.2124 34.2607
135.2232 34.2629
135.2362 34.2652
135.2536 34.2685
135.2667 34.2698
135.2819 34.2731
135.2960 34.2763
135.3089 34.2794
135.3230 34.2826
135.3350 34.2848
135.3469 34.2880
135.3632 34.2912
135.3773 34.2926
135.3980 34.2969
135.4225 34.2877
135.4345 34.2899
135.4443 34.2912
135.4573 34.2934
135.4681 34.2965
135.4801 34.2987
135.4931 34.3027
135.5039 34.3058
135.6219 34.3376
135.6317 34.3407
135.6414 34.3446
135.6511 34.3476
135.6608 34.3515
135.6737 34.3574
135.6834 34.3613
135.6920 34.3643
135.6996 34.3663
135.7126 34.3704
135.7223 34.3743
135.7332 34.3764
135.7440 34.3795
135.7538 34.3816
135.7646 34.3864
135.7776 34.3895
135.7863 34.3916
135.7972 34.3937
135.8092 34.3950
135.8212 34.3963
135.8333 34.3966
135.8421 34.3969
135.8519 34.3980
135.8628 34.3993
135.8748 34.4023
135.8911 34.4055
135.9064 34.4078
135.9184 34.4099
135.9293 34.4112
135.9434 34.4134
135.9555 34.4146
135.9675 34.4168
135.9839 34.4181
135.9937 34.4193
136.0121 34.4234
136.4703 34.4523
136.4845 34.4542
136.4998 34.4544
136.5130 34.4563
136.5305 34.4574
136.5447 34.4584
136.5557 34.4585
136.5710 34.4596
136.5853 34.4606
136.5984 34.4598
136.7441 34.4664
136.7584 34.4665
136.7770 34.4675
136.7923 34.4676
136.94   34.54
137.17   34.665
137.345  34.765
137.545  34.88
137.816  35.08
137.8144 35.0908
137.8252 35.1055
137.8327 35.1165
137.8414 35.1275
137.8489 35.1384
137.8565 35.1503
137.8651 35.1640
137.8748 35.1778
137.8812 35.1897
137.8887 35.2034
137.8940 35.2143
137.9037 35.2317
137.9101 35.2472
137.9175 35.2663
137.9249 35.2873
137.9334 35.3073
137.9430 35.3292
137.9483 35.3438
137.9558 35.3575
137.9633 35.3730
137.9697 35.3876
137.9783 35.4050
137.9880 35.4223
137.9966 35.4396
138.0062 35.4606
138.0136 35.4798
138.0243 35.5053
138.0285 35.5208
138.0337 35.5390
138.036  35.555
138.058  35.65
138.078  35.804
138.026  36.066
138.0175 36.1498
138.0279 36.1336
138.0336 36.1255
138.0747 36.0787
138.0860 36.0734
138.0939 36.0690
138.1066 36.0518
138.1168 36.0419
138.1236 36.0329
138.1327 36.0230
138.1383 36.0159
138.1441 36.0059
138.1431 35.9977
138.1521 35.9897
138.1600 35.9843
138.1691 35.9762
138.1770 35.9673
138.1827 35.9601
138.1918 35.9520
138.2008 35.9448
138.2087 35.9386
138.2178 35.9305
138.2234 35.9224
138.2292 35.9124
138.2349 35.9007
138.2395 35.8944
138.2474 35.8863
138.2542 35.8819
138.2643 35.8756
138.2710 35.8702
138.2834 35.8604
138.3872 35.7642
138.3928 35.7588
138.3974 35.7516
138.4008 35.7426
138.4043 35.7335
138.4088 35.7245
138.4134 35.7182
138.4168 35.7118
138.4330 35.6548
138.4376 35.6457
138.4345 35.6294
138.4379 35.6194
138.4358 35.6131
138.4325 35.6076
138.4348 35.6003
138.4360 35.5922
138.4384 35.5840
138.4407 35.5759
138.46   35.55
138.45   35.46
138.455  35.35
138.46   35.29
138.48   35.26
138.5    35.2
138.5575 35.1319
138.5576 35.1247
138.5577 35.1156
138.5590 35.1002
138.6420 35.1061
