137.2170 33.1992
137.2300 33.2005
137.2410 33.2037
137.2550 33.2071
137.2680 33.2109
137.2800 33.2174
137.2920 33.2253
137.3100 33.2317
137.3270 33.2356
137.3410 33.2339
137.3550 33.2347
137.3720 33.2411
137.3870 33.2491
137.3990 33.2580
137.4110 33.2650
137.4200 33.2690
137.4320 33.2748
137.4470 33.2819
137.4630 33.2866
137.4760 33.2896
137.4910 33.2928
137.5050 33.2948
137.5190 33.2977
137.5290 33.2994
137.5430 33.3039
137.5520 33.3110
137.5610 33.3202
137.5680 33.3296
137.5740 33.3390
137.5830 33.3486
137.5950 33.3581
137.6030 33.3641
137.6120 33.3696
137.6210 33.3749
137.6360 33.3813
137.6520 33.3851
137.6630 33.3877
137.6730 33.3895
137.6870 33.3906
137.7000 33.3914
137.7090 33.3942
137.7220 33.3975
137.7340 33.4004
137.7440 33.4017
137.7560 33.4057
137.7710 33.4136
137.7800 33.4205
137.7880 33.4278
137.7950 33.4345
137.8020 33.4429
137.8090 33.4518
137.8120 33.4600
137.8150 33.4693
137.8200 33.4780
137.8230 33.4843
137.8270 33.4934
137.8310 33.5025
137.8360 33.5116
137.8410 33.5206
137.8490 33.5315
137.8630 33.5441
137.8750 33.5513
137.8870 33.5587
137.8990 33.5649
137.9060 33.5704
137.9170 33.5789
137.9260 33.5858
137.9360 33.5929
137.9460 33.5993
137.9580 33.6063
137.9660 33.6104
137.9780 33.6200
137.9860 33.6258
137.9960 33.6320
138.0010 33.6359
138.0040 33.6386
138.0100 33.6437
138.0160 33.6478
138.0260 33.6551
138.0320 33.6611
138.0380 33.6668
138.0440 33.6729
138.0520 33.6810
138.0580 33.6874
138.0650 33.6947
138.0740 33.7062
138.0820 33.7140
138.0900 33.7243
138.1000 33.7354
138.1080 33.7457
138.1140 33.7535
138.1220 33.7605
138.1320 33.7681
138.1420 33.7759
138.1530 33.7832
138.1610 33.7883
138.1710 33.7947
138.1800 33.7984
138.1900 33.8036
138.1990 33.8078
138.2090 33.8140
138.2180 33.8197
138.2280 33.8250
138.2350 33.8300
138.2440 33.8360
138.2520 33.8426
138.2620 33.8492
138.2700 33.8561
138.2790 33.8613
138.2850 33.8666
138.2930 33.8714
138.3010 33.8769
138.3100 33.8831
138.3190 33.8888
138.3280 33.8956
138.3370 33.9025
138.3440 33.9075
138.3530 33.9152
138.3600 33.9207
138.3680 33.9274
138.3750 33.9339
138.3840 33.9415
138.3930 33.9503
138.4040 33.9595
138.4130 33.9686
138.4200 33.9757
138.4260 33.9818
138.4320 33.9881
138.4380 33.9943
138.4430 34.0019
138.4480 34.0081
138.4530 34.0160
138.4600 34.0262
138.4680 34.0405
138.4750 34.0559
138.4780 34.0682
138.4830 34.0818
138.4860 34.0949
138.4890 34.1133
138.4900 34.1285
138.4930 34.1452
138.4940 34.1605
138.4950 34.1724
138.4950 34.1836
138.4940 34.1923
138.4940 34.2059
138.4940 34.2168
138.4940 34.2293
138.4930 34.2424
138.4900 34.2535
138.4900 34.2630
138.4880 34.2716
138.4850 34.2811
138.4830 34.2913
138.4830 34.3013
138.4830 34.3126
138.4850 34.3221
138.4890 34.3339
138.4970 34.3464
138.5030 34.3575
138.5120 34.3668
138.5210 34.3780
138.5300 34.3837
138.5390 34.3935
138.5460 34.4049
138.5520 34.4119
138.5570 34.4255
138.5620 34.4389
138.5650 34.4513
138.5660 34.4636
138.5710 34.4799
138.5700 34.4971
138.5730 34.5133
138.5740 34.5284
138.5750 34.5411
138.5760 34.5527
138.5780 34.5647
138.5790 34.5758
138.5810 34.5864
138.5850 34.5942
138.5860 34.6037
138.5870 34.6144
138.5860 34.6257
138.5870 34.6340
138.5870 34.6449
138.5880 34.6558
138.5870 34.6633
138.5870 34.6730
138.5870 34.6805
138.5880 34.6900
138.5880 34.6979
138.5880 34.7068
138.5890 34.7159
138.5910 34.7242
138.5940 34.7318
138.5980 34.7390
138.6030 34.7468
138.6060 34.7536
138.6110 34.7622
138.6150 34.7683
138.6180 34.7736
138.6210 34.7806
138.6220 34.7905
138.6230 34.7951
138.6230 34.8026
138.6220 34.8094
138.6210 34.8163
138.6220 34.8225
138.6220 34.8280
138.6220 34.8334
138.6230 34.8384
138.6250 34.8447
138.6280 34.8511
138.6310 34.8572
138.6340 34.8638
138.6380 34.8720
138.6390 34.8799
138.6380 34.8883
138.6390 34.8953
138.6390 34.9016
138.6400 34.9078
138.6410 34.9160
138.6390 34.9243
138.6410 34.9336
138.6430 34.9415
138.6460 34.9506
138.6460 34.9581
138.6470 34.9660
138.6470 34.9751
138.6480 34.9831
138.6480 34.9912
138.6480 34.9964
138.6470 35.0014
138.6470 35.0064
138.6480 35.0126
138.6480 35.0182
138.6470 35.0266
138.6470 35.0332
138.6460 35.0418
138.6460 35.0470
138.6450 35.0547
138.6450 35.0611
138.6440 35.0667
138.6440 35.0724
138.6430 35.0785
138.6430 35.0844
138.6430 35.0921
138.6420 35.0996
138.6420 35.1061
138.5590 35.1002
138.5577 35.1156
138.5576 35.1247
138.5575 35.1319
138.5    35.2
138.48   35.26
138.9    35.36
138.888  35.285
139.2    35.23
139.228  35.08
139.2392 35.0141
139.29   34.715
139.29   34.59
139.24   34.38
139.15   34.2
139.13   34.19
138.83   33.83
138.4    33.5
138.04   33.28
137.9    33.25
137.6    33.21
137.25   33.195
137.2170 33.1992
