  -74.466031773     8.466140561 
  -74.893496957     8.123818478 
  -75.167476928     7.763187658 
  -75.343802422     7.343443419 
  -75.637038082     7.004791661 
  -75.769464785     6.586425115 
  -75.829433227     6.606956794 
  -75.907539217     6.650370947 
  -75.969029985     6.694677504 
  -76.017352619     6.739024010 
  -76.058952095     6.790096977 
  -76.110021742     6.834898243 
  -76.164004536     6.893382886 
  -76.412890897     7.429001530 
  -76.598804165     7.880757148 
  -76.771876022     8.296995906 
  -76.891951101     8.617994167 
  -76.955986294     8.932278297 
  -76.728083802     9.783170734 
  -76.300222151    10.551263202 
  -75.745260345    11.263228665 
  -75.074423260    11.786843530 
  -74.400386932    12.111902044 
  -74.405310222    11.776062615 
  -74.334930111    11.421418533 
  -74.194191791    10.995754484 
  -74.101022654    10.550520637 
  -73.956180407    10.118385170 
  -73.852231635     9.614763320 
  -73.686818626     9.111422171 
  -73.912487966     8.998343986 
  -74.205261433     8.829210092 
  -74.466031773     8.466140561 
