  -76.164004536     6.893382886 
  -76.110021742     6.834898243 
  -76.058952095     6.790096977 
  -76.017352619     6.739024010 
  -75.969029985     6.694677504 
  -75.946250939     6.263816240 
  -75.879361971     5.830230479 
  -75.877098860     5.380263424 
  -75.909606334     4.932439523 
  -76.085480335     4.519579881 
  -76.274315348     4.112453586 
  -76.438450085     3.692567877 
  -76.583031735     3.274215547 
  -76.700217420     2.842212589 
  -76.882322168     2.434282673 
  -77.113177009     2.048794970 
  -77.340256204     1.667569988 
  -77.564256734     1.409933710 
  -77.721658716     1.082663337 
  -77.995816218     0.726737571 
  -78.371356854     0.347176543 
  -78.456722854    -0.100564370 
  -78.635341786    -0.552808128 
  -78.849341416    -0.954793085 
  -79.035809540    -1.425489415 
  -79.382844518    -1.857080362 
  -79.654934236    -2.225840916 
  -79.938128604    -2.580788314 
  -80.220591793    -2.926920180 
  -80.640903585    -3.052214270 
  -80.977203360    -3.263760068 
  -81.155040012    -3.266011063 
  -81.334061659    -3.265347691 
  -81.598899780    -3.244509968 
  -81.599863213    -2.756498517 
  -81.551920772    -2.249863182 
  -81.601808271    -1.782945238 
  -81.480361260    -1.343691856 
  -81.372837784    -0.903347172 
  -81.278420297    -0.499173547 
  -81.062582025     0.063831803 
  -80.864883682     0.474925883 
  -80.683702370     0.838290327 
  -80.467953764     1.239123180 
  -80.219377027     1.624357442 
  -79.872222945     1.979078134 
  -79.559574857     2.335433781 
  -79.259768266     2.673716575 
  -78.966975436     3.021517386 
  -78.679880113     3.369723671 
  -78.487967023     3.761833387 
  -78.307784976     4.170324249 
  -78.164849050     4.588419709 
  -78.034901404     5.019413444 
  -77.902641509     5.456979661 
  -77.943652538     5.906985779 
  -78.143796605     6.307870994 
  -78.405653174     6.673454748 
  -78.604037108     6.944880089 
  -78.646301280     7.337309872 
  -78.206350347     7.510900542 
  -77.654319982     7.476025652 
  -77.181262495     7.370505089 
  -76.725100904     7.221617453 
  -76.164004536     6.893382886 
