  -80.977203360    -3.263760068 
  -80.640903585    -3.052214270 
  -80.220591793    -2.926920180 
  -79.938128604    -2.580788314 
  -79.654934236    -2.225840916 
  -79.382844518    -1.857080362 
  -79.035809540    -1.425489415 
  -78.849341416    -0.954793085 
  -78.635341786    -0.552808128 
  -78.456722854    -0.100564370 
  -78.371356854     0.347176543 
  -77.995816218     0.726737571 
  -77.721658716     1.082663337 
  -77.564256734     1.409933710 
  -77.340256204     1.667569988 
  -77.113177009     2.048794970 
  -76.882322168     2.434282673 
  -76.700217420     2.842212589 
  -76.583031735     3.274215547 
  -76.438450085     3.692567877 
  -76.274315348     4.112453586 
  -76.085480335     4.519579881 
  -75.909606334     4.932439523 
  -75.877098860     5.380263424 
  -75.879361971     5.830230479 
  -75.946250939     6.263816240 
  -75.969029985     6.694677504 
  -75.907539217     6.650370947 
  -75.829433227     6.606956794 
  -75.769464785     6.586425115 
  -75.658654956     6.156019595 
  -75.504422394     5.738285793 
  -75.429826973     5.290979756 
  -75.515929677     4.845946674 
  -75.601599157     4.390604597 
  -75.666317615     4.253688768 
  -75.767855322     4.112789378 
  -75.825264359     4.014545882 
  -76.026040936     3.701700719 
  -76.154039163     3.265950661 
  -76.312564515     2.848136436 
  -76.464797192     2.414148217 
  -76.630187482     1.976721779 
  -76.828268568     1.566733998 
  -77.136812293     1.228585281 
  -77.571938061     0.852487431 
  -77.862524459     0.424472657 
  -78.134049105     0.063330503 
  -78.411196039    -0.299920606 
  -78.338607233    -0.755716908 
  -78.450673704    -1.193597056 
  -78.537516425    -1.641062384 
  -78.584840439    -2.114146021 
  -78.782422544    -2.528717088 
  -79.042474705    -2.894232146 
  -79.457700621    -3.069566939 
  -79.763613745    -3.118115512 
  -80.075357346    -3.163587933 
  -80.524230800    -3.208951681 
  -80.977203360    -3.263760068 
