  -75.825264359     4.014545882 
  -75.767855322     4.112789378 
  -75.666317615     4.253688768 
  -75.601599157     4.390604597 
  -75.303429583     4.895593078 
  -75.064302778     5.288526402 
  -74.947867756     5.726988394 
  -74.758372601     6.138416195 
  -74.615889245     6.572121584 
  -74.524678861     7.080052373 
  -74.500354420     7.542134103 
  -74.499981102     8.010668896 
  -74.466031773     8.466140561 
  -74.205261433     8.829210092 
  -73.912487966     8.998343986 
  -73.686818626     9.111422171 
  -73.520999969     8.700436860 
  -73.378156661     8.225988535 
  -73.307987591     7.782401587 
  -73.173193547     7.353987392 
  -73.012835462     6.935188339 
  -72.798865698     6.537293588 
  -72.741715605     6.077095711 
  -72.992235439     5.673306225 
  -73.338980592     5.319934152 
  -73.723184064     5.077969290 
  -74.127923077     4.889605386 
  -74.530173649     4.687319709 
  -74.946427152     4.496780311 
  -75.388559200     4.355516447 
  -75.825264359     4.014545882 
