  -78.584840439    -2.114146021 
  -78.537516425    -1.641062384 
  -78.450673704    -1.193597056 
  -78.338607233    -0.755716908 
  -78.411196039    -0.299920606 
  -78.134049105     0.063330503 
  -77.862524459     0.424472657 
  -77.571938061     0.852487431 
  -77.136812293     1.228585281 
  -76.828268568     1.566733998 
  -76.630187482     1.976721779 
  -76.464797192     2.414148217 
  -76.312564515     2.848136436 
  -76.154039163     3.265950661 
  -76.026040936     3.701700719 
  -75.825264359     4.014545882 
  -75.825264204     4.014546012 
  -75.388559200     4.355516447 
  -74.946427152     4.496780311 
  -74.530173649     4.687319709 
  -74.127923077     4.889605386 
  -73.723184064     5.077969290 
  -73.338980592     5.319934152 
  -72.992235439     5.673306225 
  -72.741715605     6.077095711 
  -72.798865698     6.537293588 
  -72.696459191     6.953332891 
  -72.665585926     7.400555197 
  -72.451214362     7.797694581 
  -72.055305189     8.010847409 
  -71.723844415     8.325411163 
  -71.245190280     8.509376972 
  -70.833902197     8.763858210 
  -70.457449587     9.024305119 
  -70.119300350     9.328007262 
  -69.777373923     9.618240875 
  -69.540318485     9.875840932 
  -69.251788210    10.057616768 
  -68.866182188    10.299050701 
  -68.447160297    10.480681871 
  -67.961303640    10.499500192 
  -67.315492595    10.613970504 
  -66.250183554    10.658607278 
  -65.540852653    10.616595359 
  -66.145185436    10.438378519 
  -66.586440590    10.325800706 
  -66.942014787    10.235896844 
  -67.298660241    10.191729958 
  -67.755020568    10.137339349 
  -68.196938559    10.059633966 
  -68.628111737     9.912350883 
  -68.949481081     9.766804050 
  -69.268053374     9.569420631 
  -69.502343870     9.237322737 
  -69.865109095     8.968013420 
  -70.227664394     8.692522021 
  -70.608900142     8.455912585 
  -70.909097530     8.119922049 
  -71.265410015     7.831810266 
  -71.631327876     7.561844009 
  -72.047150069     7.360989806 
  -72.178757925     6.867497419 
  -71.787800256     6.651373265 
  -71.791563446     6.193312885 
  -71.963675408     5.774215370 
  -72.353714663     5.482411819 
  -72.586298035     5.135654970 
  -72.843297423     4.769494474 
  -73.138755428     4.442337160 
  -73.530854915     4.232465558 
  -73.814208255     3.909568012 
  -74.001625860     3.567665385 
  -74.362879537     3.304791449 
  -74.731416835     3.067933464 
  -75.041220686     2.743094465 
  -75.386781075     2.458223886 
  -75.686576811     2.122960235 
  -76.125805214     1.816617839 
  -76.418323614     1.468305310 
  -76.795358688     1.237295998 
  -77.174782505     1.007527013 
  -77.457201392     0.665083563 
  -77.697878729     0.288591076 
  -77.738845664    -0.148122777 
  -77.920090319    -0.553011994 
  -78.066659783    -0.973092323 
  -78.258120729    -1.367431512 
  -78.453750155    -1.765970474 
  -78.584840439    -2.114146021 
