  -71.804397600    20.266500532 
  -71.277099660    20.200500472 
  -70.626502980    20.002199152 
  -69.977500920    19.801500232 
  -69.414802560    19.696100152 
  -68.852798460    19.589000692 
  -68.021797140    19.687000252 
  -67.531303440    19.721300152 
  -67.040496900    19.754299192 
  -66.259399500    19.824600172 
  -65.694000240    19.828800112 
  -65.128501980    19.832899072 
  -64.343597400    19.779399832 
  -63.760101300    19.724199232 
  -63.359798400    19.691499712 
  -62.846698680    19.574300812 
  -62.176498380    19.275199852 
  -61.553398140    18.958900432 
  -60.773214355    18.665707457 
  -60.148334737    17.980129659 
  -59.458611333    17.237714872 
  -58.825843138    16.423048735 
  -58.736126225    15.477800485 
  -58.022726324    14.941998247 
  -57.738973638    14.083463518 
  -57.588332580    13.202116150 
  -57.466259641    12.311909370 
  -57.480310222    11.399744791 
  -57.829898438    10.557164955 
  -58.670074309    10.195776318 
  -59.577598754    10.263430381 
  -60.473692593    10.350571935 
  -61.381654204    10.422268338 
  -62.251615775    10.459409200 
  -63.161629184    10.507904240 
  -64.069540860    10.527733104 
  -64.821156114    10.519378539 
  -65.540852653    10.616595359 
  -66.250183554    10.658607278 
  -67.315492595    10.613970504 
  -67.961303640    10.499500192 
  -68.327562553    11.109536738 
  -68.850395118    11.647729664 
  -69.467861132    12.308162422 
  -70.161983159    12.909589438 
  -70.913803170    13.420832403 
  -71.890114835    13.457442424 
  -72.832565396    13.374845235 
  -73.758260140    12.893626761 
  -74.400386932    12.111902044 
  -75.074423260    11.786843530 
  -75.745260345    11.263228665 
  -76.300222151    10.551263202 
  -76.728083802     9.783170734 
  -76.955986294     8.932278297 
  -77.175627795     9.553890361 
  -77.628208389    10.221536229 
  -78.444794427    10.634744421 
  -79.331299519    10.415946422 
  -80.289315356    10.275410040 
  -81.200109331     9.848838562 
  -82.004078155     9.416868074 
  -82.826645076     9.781156202 
  -83.610114996    10.258606204 
  -84.461675164    10.538322032 
  -85.415570301    10.626592412 
  -86.648002560    10.234999732 
  -87.534014056    11.143948740 
  -88.721118393    11.898191032 
  -90.898002540    12.583700212 
  -90.810302760    13.394100172 
  -90.426002580    13.917200152 
  -90.037300140    14.392299712 
  -89.718002280    14.815099732 
  -89.371597320    15.215000152 
  -88.876403820    15.622199932 
  -88.350997860    15.958299712 
  -87.722801280    16.250600812 
  -86.966102520    16.475900692 
  -86.319503820    16.694499892 
  -85.671401940    16.910999212 
  -84.909698460    17.106599812 
  -84.247902000    17.343999832 
  -83.705802840    17.480899732 
  -82.864601100    17.625700012 
  -82.244201580    17.690700532 
  -81.624801600    17.801599432 
  -81.689300460    18.333200452 
  -81.754097040    18.864700312 
  -81.256301820    18.959800792 
  -80.757896400    19.053600232 
  -80.209503180    19.159700332 
  -79.660400400    19.264200232 
  -79.011001620    19.381500292 
  -78.360702480    19.496499952 
  -77.672599740    19.622800912 
  -76.983398460    19.746499972 
  -76.356399600    19.845300712 
  -75.728698740    19.941900232 
  -75.238800120    19.990199992 
  -74.748596220    20.037200872 
  -73.994201640    20.165899252 
  -73.238502420    20.291299852 
  -72.332199180    20.330999392 
  -71.804397600    20.266500532 
