  -78.646301280     7.337309872 
  -78.604037108     6.944880089 
  -78.405653174     6.673454748 
  -78.143796605     6.307870994 
  -77.943652538     5.906985779 
  -77.902641509     5.456979661 
  -78.034901404     5.019413444 
  -78.164849050     4.588419709 
  -78.307784976     4.170324249 
  -78.487967023     3.761833387 
  -78.679880113     3.369723671 
  -78.966975436     3.021517386 
  -79.259768266     2.673716575 
  -79.559574857     2.335433781 
  -79.872222945     1.979078134 
  -80.219377027     1.624357442 
  -80.467953764     1.239123180 
  -80.683702370     0.838290327 
  -80.864883682     0.474925883 
  -81.062582025     0.063831803 
  -81.278420297    -0.499173547 
  -81.372837784    -0.903347172 
  -81.480361260    -1.343691856 
  -81.601808271    -1.782945238 
  -81.551920772    -2.249863182 
  -81.599863213    -2.756498517 
  -81.598899780    -3.244509968 
  -82.001558112    -5.050551586 
  -81.638427787    -7.059217111 
  -80.995942776    -8.767035195 
  -80.125694082   -10.356948646 
  -79.146085976   -11.896977112 
  -78.126789361   -13.417900523 
  -76.852441594   -14.753272705 
  -75.550620290   -16.085758928 
  -74.119033688   -17.232935289 
  -72.733921393   -18.257496648 
  -71.743338196   -19.297461312 
  -71.299099630   -20.950472349 
  -71.366016813   -23.141792124 
  -71.515906373   -24.944808748 
  -71.767746477   -26.766023493 
  -72.254940671   -28.497303400 
  -72.592272995   -30.270328086 
  -72.728491625   -32.244490570 
  -73.032743099   -34.016641640 
  -73.921955174   -35.670308541 
  -74.545027898   -37.365539240 
  -74.981505917   -39.131761070 
  -75.176947274   -40.910805150 
  -75.470676810   -42.691504678 
  -75.821738852   -44.260309121 
  -76.006202760   -45.658500728 
  -76.674598740   -45.642700148 
  -77.660697960   -45.760501868 
  -77.763999960   -45.588500888 
  -77.990196240   -45.091598468 
  -78.206497200   -44.411098568 
  -78.893302860   -44.544899048 
  -79.585800120   -44.665500668 
  -80.281097460   -44.781898568 
  -81.106498800   -44.875999508 
  -81.934600860   -44.964099968 
  -82.137702960   -44.403999368 
  -82.350700380   -43.638999908 
  -82.508903460   -42.860698628 
  -83.447502120   -42.981498788 
  -83.453796360   -42.873001088 
  -83.603698740   -42.222499808 
  -83.716201800   -41.673698348 
  -83.826896580   -41.124698708 
  -84.486999600   -41.190898928 
  -85.148399340   -41.253299708 
  -86.240097000   -41.392501808 
  -87.336402840   -41.521301348 
  -87.417099000   -41.272899548 
  -88.446700980   -41.318698928 
  -89.249603220   -41.378101268 
  -90.054000900   -41.431900028 
  -90.087600780   -41.058498308 
  -90.739097640   -41.082298268 
  -91.390998780   -41.102500928 
  -91.475601120   -40.731899288 
  -91.512199440   -40.282398248 
  -91.548301680   -39.832900988 
  -91.603500300   -39.349300388 
  -91.657897920   -38.865600608 
  -92.339698860   -38.918399828 
  -93.022499160   -38.967300428 
  -93.074798520   -38.429401388 
  -93.996299700   -38.482299788 
  -94.093101540   -37.716999008 
  -94.129798860   -37.000598828 
  -94.909500180   -36.985099748 
  -95.688903780   -36.964599548 
  -96.551498340   -36.920898428 
  -97.413101280   -36.870998468 
  -97.401702960   -36.293598248 
  -98.416702260   -36.192798608 
  -99.531799380   -36.133201688 
 -100.644996600   -36.063201848 
 -101.286003060   -35.997001628 
 -101.926002420   -35.927398688 
 -102.565002420   -35.854400588 
 -103.202003520   -35.778099128 
 -103.998001140   -35.694400748 
 -104.792999220   -35.605499288 
 -105.390998820   -35.523601448 
 -105.987998880   -35.438800748 
 -106.666000380   -35.393501228 
 -107.343002340   -35.344501448 
 -108.070999200   -35.240398448 
 -108.796997160   -35.131900748 
 -109.259002620   -34.544601428 
 -109.277000460   -34.203701048 
 -109.269996660   -33.916698428 
 -109.205001900   -33.701900468 
 -109.322998020   -33.391700708 
 -109.410003720   -33.140098508 
 -109.182998700   -33.020401028 
 -108.972000180   -32.936500508 
 -109.206001260   -32.661499028 
 -109.434997620   -32.400001508 
 -109.791000360   -32.115200108 
 -110.209999140   -31.919799848 
 -110.686996440   -31.715000168 
 -111.202003440   -31.563800888 
 -111.660003720   -31.556400368 
 -112.023002700   -31.536199508 
 -111.977996760   -31.386199928 
 -111.950996400   -31.044599528 
 -111.885002100   -30.665800148 
 -111.850997940   -30.624399248 
 -111.796997040   -30.424800848 
 -111.775001580   -30.187299668 
 -111.773002680   -30.024700088 
 -111.749000580   -29.578800128 
 -111.805999740   -29.265600128 
 -112.366996740   -29.160200048 
 -112.956001200   -29.008800428 
 -113.019996600   -28.787200988 
 -113.021003700   -28.549499468 
 -113.010002100   -28.382900288 
 -112.933998180   -28.379400188 
 -112.955001840   -28.128999668 
 -112.971000600   -27.849500708 
 -113.000999400   -27.607400888 
 -113.133003300   -27.576999608 
 -113.128997760   -27.272699348 
 -113.111999460   -27.014299448 
 -112.975997940   -26.830200128 
 -112.946998680   -26.724100028 
 -112.683998160   -26.800899548 
 -112.657997160   -26.553800588 
 -112.682998620   -26.282301008 
 -112.671997020   -26.037900968 
 -112.620002760   -25.934200268 
 -112.550003100   -25.925899568 
 -112.541000400   -25.787399288 
 -112.455001800   -25.785999248 
 -112.436996400   -25.682699228 
 -112.363998480   -25.663700048 
 -112.365997380   -25.564199468 
 -112.388000400   -25.429199288 
 -112.443000840   -25.198499768 
 -112.453002900   -25.059400628 
 -111.977996760   -25.026599948 
 -111.976997400   -24.890699408 
 -112.047996600   -24.659099528 
 -112.102996860   -24.448499708 
 -112.123001160   -24.222400628 
 -112.097999520   -24.110399228 
 -111.712997520   -24.031999508 
 -111.763000440   -23.859800348 
 -111.832000740   -23.727500888 
 -111.863998440   -23.475000308 
 -111.871002240   -23.326700288 
 -111.740997240   -23.208700208 
 -111.924003600   -23.015800508 
 -112.208000220   -22.820899928 
 -112.574997000   -22.619499188 
 -112.933998180   -22.406999648 
 -113.279998860   -22.223100668 
 -113.610000600   -22.126399988 
 -113.905998180   -22.102199528 
 -114.125000040   -22.105699628 
 -114.420997620   -22.114500008 
 -114.378997860   -21.627000788 
 -114.318000720   -21.563600468 
 -114.228996300   -21.121299788 
 -114.086997900   -20.599300328 
 -113.930999820   -20.574499208 
 -113.795997660   -20.320999088 
 -113.696998560   -19.967500688 
 -113.498001180   -19.300599968 
 -113.623001100   -19.285200068 
 -113.363998380   -18.776599808 
 -113.519996640   -18.757900328 
 -113.383003320   -18.444200468 
 -113.263999920   -18.008100428 
 -113.388000480   -17.993799248 
 -113.174003520   -17.538400688 
 -113.329002420   -17.521099088 
 -113.116996800   -17.065000508 
 -113.240997360   -17.051500328 
 -113.041000440   -16.683399248 
 -113.165001000   -16.670299568 
 -112.972999500   -16.360900808 
 -113.066001900   -16.351299248 
 -112.972999500   -15.791700308 
 -112.869003240   -15.247799888 
 -112.765998780   -14.703800288 
 -112.612998960   -14.718000488 
 -112.581001260   -14.061900128 
 -112.439003040   -13.864600148 
 -112.426002540   -13.386300008 
 -111.846000600   -13.464500468 
 -111.265998840   -13.541299808 
 -111.191001840   -13.396400528 
 -111.007003860   -13.410799988 
 -110.891998260   -12.755299568 
 -111.077003520   -12.741700208 
 -110.926002420   -11.968400048 
 -110.675003040   -11.472399788 
 -110.485000620   -11.394200408 
 -110.446998660   -10.822400168 
 -110.291999760   -10.801699628 
 -110.218002300   -10.080400388 
 -110.070999180    -9.665049488 
 -109.857002220    -9.676560488 
 -109.755996660    -8.924539568 
 -109.038002040    -9.035369888 
 -108.319999680    -9.144809708 
 -108.192001320    -8.356949888 
 -108.063003600    -8.240139968 
 -107.879997240    -7.514089988 
 -107.652999960    -7.185939728 
 -107.607002220    -6.759240188 
 -107.441001900    -6.366700148 
 -106.949997000    -6.442780028 
 -106.845001200    -6.016200008 
 -106.751998980    -6.018750248 
 -106.740997380    -5.619900308 
 -106.586998020    -5.623829888 
 -106.449996960    -5.043240068 
 -106.252998300    -4.493909768 
 -105.543998640    -4.569349748 
 -105.379997220    -4.078470308 
 -104.698997460    -4.151579828 
 -104.539001400    -3.844399928 
 -103.637001060    -3.950890088 
 -102.735000540    -4.056389888 
 -102.570999120    -3.434720108 
 -102.566001960    -2.935719968 
 -102.753997740    -2.933919968 
 -102.686996520    -2.435710028 
 -102.621002220    -1.906110068 
 -102.402000360    -1.907459888 
 -102.306999240    -1.595889968 
 -102.461997960    -1.532689988 
 -102.399002100    -1.283359928 
 -102.524002020    -1.282840088 
 -102.397003200    -0.503230928 
 -102.319000200    -0.015477008 
 -102.293998740     0.157067932 
 -102.252998340     0.371699932 
 -102.239997840     0.712820992 
 -102.209999940     0.706000072 
 -102.180999780     1.134260032 
 -102.082000680     1.206460012 
 -101.958999660     1.268759992 
 -101.824996860     1.334389972 
 -101.643997140     1.403769892 
 -101.580001920     1.317729892 
 -101.486999520     1.388870032 
 -101.422996560     1.338160072 
 -101.347999560     1.399070092 
 -101.315002500     1.350129892 
 -101.194999740     1.423090012 
 -101.152999800     1.385759992 
 -101.046997080     1.470770032 
 -101.073997440     1.513680052 
 -100.963996920     1.655129992 
 -100.907997120     1.743479932 
 -100.973998980     1.831889992 
 -101.049003540     1.906370032 
 -101.149002000     1.980180112 
 -101.269996560     2.048500012 
 -101.356002720     2.104360132 
 -101.438003520     2.160150052 
 -101.512000980     2.232260032 
  -99.740053250     2.258475932 
  -97.992910982     2.092797064 
  -96.142087101     2.063840519 
  -94.435457816     2.441482320 
  -92.926614891     2.299426720 
  -91.577196749     1.672785760 
  -89.902932405     1.079980555 
  -88.129386931     0.983582284 
  -86.720468758     0.906285753 
  -85.356397401     1.645421874 
  -84.418550344     3.114969140 
  -82.875000053     4.043655771 
  -82.875000051     5.567981389 
  -82.874801700     7.366390312 
  -81.902408268     6.971176083 
  -81.028280150     7.224795297 
  -79.997289356     7.124080090 
  -78.646301280     7.337309872 
